evaluations raw_y current_y raw_y_best current_y_best
1 444.6404752058001577 593.7904752058001350 444.6404752058001577 593.7904752058001350
2 1915.9142994734615968 2065.0642994734616877 444.6404752058001577 593.7904752058001350
3 62944.2278952706328710 63093.3778952706343262 444.6404752058001577 593.7904752058001350
4 275.3237445786816124 424.4737445786815897 275.3237445786816124 424.4737445786815897
5 3616.3998589112175068 3765.5498589112175978 275.3237445786816124 424.4737445786815897
6 23171.2360909382441605 23320.3860909382456157 275.3237445786816124 424.4737445786815897
7 3988.6825207544693512 4137.8325207544694422 275.3237445786816124 424.4737445786815897
8 7447.4896506464465347 7596.6396506464461709 275.3237445786816124 424.4737445786815897
9 416.0716322024894112 565.2216322024894453 275.3237445786816124 424.4737445786815897
10 1138.8075908972796242 1287.9575908972797151 275.3237445786816124 424.4737445786815897
11 325.4598400045389326 474.6098400045389099 275.3237445786816124 424.4737445786815897
12 2827.0932286299516818 2976.2432286299517727 275.3237445786816124 424.4737445786815897
13 24758.3522906752550625 24907.5022906752565177 275.3237445786816124 424.4737445786815897
14 3578.7917805704387320 3727.9417805704388229 275.3237445786816124 424.4737445786815897
15 530.8291122046514374 679.9791122046514147 275.3237445786816124 424.4737445786815897
16 5202.8892780412634238 5352.0392780412630600 275.3237445786816124 424.4737445786815897
17 303.1756384773896684 452.3256384773897025 275.3237445786816124 424.4737445786815897
18 57.5900545536525570 206.7400545536525556 57.5900545536525570 206.7400545536525556
19 14.6685561013494077 163.8185561013494009 14.6685561013494077 163.8185561013494009
20 1166.4047714642497340 1315.5547714642498249 14.6685561013494077 163.8185561013494009
21 370.1683793254335910 519.3183793254336251 14.6685561013494077 163.8185561013494009
22 17.9399423403877201 167.0899423403877222 14.6685561013494077 163.8185561013494009
23 716.8073323565614601 865.9573323565614373 14.6685561013494077 163.8185561013494009
24 2181.5435486773426419 2330.6935486773427328 14.6685561013494077 163.8185561013494009
25 1479.5864469853645460 1628.7364469853646369 14.6685561013494077 163.8185561013494009
26 17.4586359988348043 166.6086359988348136 14.6685561013494077 163.8185561013494009
27 622.6210065565859395 771.7710065565859168 14.6685561013494077 163.8185561013494009
28 230.7046220176663098 379.8546220176663155 14.6685561013494077 163.8185561013494009
29 160.8899821169547977 310.0399821169547749 14.6685561013494077 163.8185561013494009
30 218.9704084709343022 368.1204084709343078 14.6685561013494077 163.8185561013494009
31 1864.7506579564460480 2013.9006579564461390 14.6685561013494077 163.8185561013494009
32 232.3914714270999013 381.5414714270999070 14.6685561013494077 163.8185561013494009
33 222.7465161155290900 371.8965161155290957 14.6685561013494077 163.8185561013494009
34 2.6344071710773402 151.7844071710773335 2.6344071710773402 151.7844071710773335
35 50.8819113949856217 200.0319113949856273 2.6344071710773402 151.7844071710773335
36 1.0634389447046737 150.2134389447046772 1.0634389447046737 150.2134389447046772
37 1.6098369057548643 150.7598369057548666 1.0634389447046737 150.2134389447046772
38 2.1437989656740171 151.2937989656740285 1.0634389447046737 150.2134389447046772
39 2.7811837386714053 151.9311837386714217 1.0634389447046737 150.2134389447046772
40 67.6073868679553271 216.7573868679553470 1.0634389447046737 150.2134389447046772
41 1.2917239047873099 150.4417239047873238 1.0634389447046737 150.2134389447046772
42 1.4050686294301851 150.5550686294301954 1.0634389447046737 150.2134389447046772
43 2.1982064768936618 151.3482064768936652 1.0634389447046737 150.2134389447046772
44 1.2663090996126560 150.4163090996126755 1.0634389447046737 150.2134389447046772
45 2.3515228880830703 151.5015228880830875 1.0634389447046737 150.2134389447046772
46 1.2479711010810277 150.3979711010810263 1.0634389447046737 150.2134389447046772
47 2.6166270995549930 151.7666270995549951 1.0634389447046737 150.2134389447046772
48 2.0907061183208686 151.2407061183208725 1.0634389447046737 150.2134389447046772
49 12.6536821667367114 161.8036821667367064 1.0634389447046737 150.2134389447046772
50 7.5291077240067388 156.6791077240067409 1.0634389447046737 150.2134389447046772
51 45.2998509777367744 194.4498509777367872 1.0634389447046737 150.2134389447046772
52 4.4882099861320919 153.6382099861320967 1.0634389447046737 150.2134389447046772
53 4.4514985024598674 153.6014985024598616 1.0634389447046737 150.2134389447046772
54 40.7063138430243825 189.8563138430243953 1.0634389447046737 150.2134389447046772
55 1.0878377830072079 150.2378377830072225 1.0634389447046737 150.2134389447046772
56 8.8727927627701710 158.0227927627701661 1.0634389447046737 150.2134389447046772
57 0.2934774841649630 149.4434774841649585 0.2934774841649630 149.4434774841649585
58 4.0179962449571036 153.1679962449571235 0.2934774841649630 149.4434774841649585
59 0.8826356687181951 150.0326356687181999 0.2934774841649630 149.4434774841649585
60 1.0679221964003112 150.2179221964003091 0.2934774841649630 149.4434774841649585
61 8.8992358078566518 158.0492358078566610 0.2934774841649630 149.4434774841649585
62 0.6280679762341612 149.7780679762341549 0.2934774841649630 149.4434774841649585
63 3.8526370939166803 153.0026370939166895 0.2934774841649630 149.4434774841649585
64 0.8991948401263228 150.0491948401263187 0.2934774841649630 149.4434774841649585
65 1.0266287774601839 150.1766287774601949 0.2934774841649630 149.4434774841649585
66 1.2542421360639813 150.4042421360639992 0.2934774841649630 149.4434774841649585
67 8.3106612607426733 157.4606612607426825 0.2934774841649630 149.4434774841649585
68 4.9754554008151075 154.1254554008150990 0.2934774841649630 149.4434774841649585
69 4.6375460238832051 153.7875460238832090 0.2934774841649630 149.4434774841649585
70 2.5638278725536456 151.7138278725536509 0.2934774841649630 149.4434774841649585
71 0.5698397161809388 149.7198397161809567 0.2934774841649630 149.4434774841649585
72 0.6486644230875412 149.7986644230875584 0.2934774841649630 149.4434774841649585
73 4.4022839606668027 153.5522839606668128 0.2934774841649630 149.4434774841649585
74 0.2231389958612641 149.3731389958612681 0.2231389958612641 149.3731389958612681
75 2.3858378297752676 151.5358378297752608 0.2231389958612641 149.3731389958612681
76 0.3685930149867905 149.5185930149868057 0.2231389958612641 149.3731389958612681
77 0.6065182789008883 149.7565182789008986 0.2231389958612641 149.3731389958612681
78 0.7203631443163634 149.8703631443163715 0.2231389958612641 149.3731389958612681
79 1.3101330803716722 150.4601330803716905 0.2231389958612641 149.3731389958612681
80 2.5895305085790170 151.7395305085790369 0.2231389958612641 149.3731389958612681
81 9.5731618834332810 158.7231618834332778 0.2231389958612641 149.3731389958612681
82 0.4948408426820046 149.6448408426820151 0.2231389958612641 149.3731389958612681
83 0.6325122464572275 149.7825122464572303 0.2231389958612641 149.3731389958612681
84 1.4390832041335906 150.5890832041336012 0.2231389958612641 149.3731389958612681
85 5.2466054973880469 154.3966054973880659 0.2231389958612641 149.3731389958612681
86 4.7645241298686907 153.9145241298687097 0.2231389958612641 149.3731389958612681
87 2.7145224535284647 151.8645224535284797 0.2231389958612641 149.3731389958612681
88 0.1971139685819115 149.3471139685819082 0.1971139685819115 149.3471139685819082
89 0.4846687478462143 149.6346687478462059 0.1971139685819115 149.3471139685819082
90 1.6148497022281547 150.7648497022281617 0.1971139685819115 149.3471139685819082
91 0.2074822662148749 149.3574822662148733 0.1971139685819115 149.3471139685819082
92 0.1803669563662971 149.3303669563663050 0.1803669563662971 149.3303669563663050
93 2.2597387168041383 151.4097387168041564 0.1803669563662971 149.3303669563663050
94 1.3641485729027925 150.5141485729027977 0.1803669563662971 149.3303669563663050
95 1.8644631992633351 151.0144631992633322 0.1803669563662971 149.3303669563663050
96 9.5856329206062618 158.7356329206062640 0.1803669563662971 149.3303669563663050
97 8.9097691443834108 158.0597691443834094 0.1803669563662971 149.3303669563663050
98 0.2315277266120676 149.3815277266120631 0.1803669563662971 149.3303669563663050
99 0.2233362076117722 149.3733362076117714 0.1803669563662971 149.3303669563663050
100 0.1599867678432147 149.3099867678432133 0.1599867678432147 149.3099867678432133
