evaluations raw_y current_y raw_y_best current_y_best
1 640099.7433921901974827 640248.8933921902207658 640099.7433921901974827 640248.8933921902207658
2 378902.4210952445282601 379051.5710952445515431 378902.4210952445282601 379051.5710952445515431
3 431429.0649570754030719 431578.2149570754263550 378902.4210952445282601 379051.5710952445515431
4 229482.5737300641194452 229631.7237300641136244 229482.5737300641194452 229631.7237300641136244
5 667008.7228157076751813 667157.8728157076984644 229482.5737300641194452 229631.7237300641136244
6 1021329.5143117682309821 1021478.6643117682542652 229482.5737300641194452 229631.7237300641136244
7 479043.4473904802580364 479192.5973904802813195 229482.5737300641194452 229631.7237300641136244
8 449276.9915539561770856 449426.1415539562003687 229482.5737300641194452 229631.7237300641136244
9 985857.5410444597946480 986006.6910444598179311 229482.5737300641194452 229631.7237300641136244
10 544448.4741303432965651 544597.6241303433198482 229482.5737300641194452 229631.7237300641136244
11 499140.6418593410635367 499289.7918593410868198 229482.5737300641194452 229631.7237300641136244
12 214641.6086157388344873 214790.7586157388286665 214641.6086157388344873 214790.7586157388286665
13 580808.6980634253704920 580957.8480634253937751 214641.6086157388344873 214790.7586157388286665
14 749117.7093283034628257 749266.8593283034861088 214641.6086157388344873 214790.7586157388286665
15 1089747.7096323324367404 1089896.8596323323436081 214641.6086157388344873 214790.7586157388286665
16 520923.9086612366954796 521073.0586612367187627 214641.6086157388344873 214790.7586157388286665
17 569707.8678251252276823 569857.0178251252509654 214641.6086157388344873 214790.7586157388286665
18 437539.9721015149261802 437689.1221015149494633 214641.6086157388344873 214790.7586157388286665
19 306304.9763401586096734 306454.1263401586329564 214641.6086157388344873 214790.7586157388286665
20 464864.5074296436505392 465013.6574296436738223 214641.6086157388344873 214790.7586157388286665
21 383159.9556548703694716 383309.1056548703927547 214641.6086157388344873 214790.7586157388286665
22 477955.7272307127714157 478104.8772307127946988 214641.6086157388344873 214790.7586157388286665
23 780138.0140198166482151 780287.1640198166714981 214641.6086157388344873 214790.7586157388286665
24 485686.0300705788540654 485835.1800705788773485 214641.6086157388344873 214790.7586157388286665
25 114434.7207295474217972 114583.8707295474159764 114434.7207295474217972 114583.8707295474159764
26 295133.8085687820566818 295282.9585687820799649 114434.7207295474217972 114583.8707295474159764
27 363936.2648702443111688 364085.4148702443344519 114434.7207295474217972 114583.8707295474159764
28 537592.9118047190131620 537742.0618047190364450 114434.7207295474217972 114583.8707295474159764
29 266445.8387832514708862 266594.9887832514941692 114434.7207295474217972 114583.8707295474159764
30 250801.5566499190463219 250950.7066499190405011 114434.7207295474217972 114583.8707295474159764
31 442254.0338202053681016 442403.1838202053913847 114434.7207295474217972 114583.8707295474159764
32 455233.4884047775994986 455382.6384047776227817 114434.7207295474217972 114583.8707295474159764
33 211485.9544772112567443 211635.1044772112509236 114434.7207295474217972 114583.8707295474159764
34 474948.3157193937804550 475097.4657193938037381 114434.7207295474217972 114583.8707295474159764
35 522985.2263052897178568 523134.3763052897411399 114434.7207295474217972 114583.8707295474159764
36 504519.8610455489251763 504669.0110455489484593 114434.7207295474217972 114583.8707295474159764
37 407848.5342324113007635 407997.6842324113240466 114434.7207295474217972 114583.8707295474159764
38 416696.6301011799369007 416845.7801011799601838 114434.7207295474217972 114583.8707295474159764
39 513391.1803410152788274 513540.3303410153021105 114434.7207295474217972 114583.8707295474159764
40 799071.6192906730575487 799220.7692906730808318 114434.7207295474217972 114583.8707295474159764
41 345533.7533529353677295 345682.9033529353910126 114434.7207295474217972 114583.8707295474159764
42 324519.0125476751709357 324668.1625476751942188 114434.7207295474217972 114583.8707295474159764
43 341347.8634723595459945 341497.0134723595692776 114434.7207295474217972 114583.8707295474159764
44 419411.5946161212632433 419560.7446161212865263 114434.7207295474217972 114583.8707295474159764
45 603055.4552816424984485 603204.6052816425217316 114434.7207295474217972 114583.8707295474159764
46 816959.0207401048392057 817108.1707401048624888 114434.7207295474217972 114583.8707295474159764
47 497165.9343334604054689 497315.0843334604287520 114434.7207295474217972 114583.8707295474159764
48 519338.9360471097752452 519488.0860471097985283 114434.7207295474217972 114583.8707295474159764
49 423264.9334197684656829 423414.0834197684889659 114434.7207295474217972 114583.8707295474159764
50 435016.5878994081285782 435165.7378994081518613 114434.7207295474217972 114583.8707295474159764
51 606564.9182358161779121 606714.0682358162011951 114434.7207295474217972 114583.8707295474159764
52 172778.3533246665028855 172927.5033246664970648 114434.7207295474217972 114583.8707295474159764
53 828746.0041814151918516 828895.1541814152151346 114434.7207295474217972 114583.8707295474159764
54 767755.5055446313926950 767904.6555446314159781 114434.7207295474217972 114583.8707295474159764
55 63296.6881986191874603 63445.8381986191889155 63296.6881986191874603 63445.8381986191889155
56 357794.1705318139283918 357943.3205318139516748 63296.6881986191874603 63445.8381986191889155
57 113418.6098958661459619 113567.7598958661401412 63296.6881986191874603 63445.8381986191889155
58 565389.5826666926732287 565538.7326666926965117 63296.6881986191874603 63445.8381986191889155
59 542984.6504147237865254 543133.8004147238098085 63296.6881986191874603 63445.8381986191889155
60 582057.9649890197906643 582207.1149890198139474 63296.6881986191874603 63445.8381986191889155
61 489111.7911223934497684 489260.9411223934730515 63296.6881986191874603 63445.8381986191889155
62 474537.1731335278018378 474686.3231335278251208 63296.6881986191874603 63445.8381986191889155
63 126963.6367759363492951 127112.7867759363434743 63296.6881986191874603 63445.8381986191889155
64 219329.6961346293392126 219478.8461346293333918 63296.6881986191874603 63445.8381986191889155
65 448250.4332075812271796 448399.5832075812504627 63296.6881986191874603 63445.8381986191889155
66 674959.6277945155743510 675108.7777945155976340 63296.6881986191874603 63445.8381986191889155
67 655938.5630970667116344 656087.7130970667349175 63296.6881986191874603 63445.8381986191889155
68 401683.7121995735215023 401832.8621995735447854 63296.6881986191874603 63445.8381986191889155
69 518364.0366950891329907 518513.1866950891562738 63296.6881986191874603 63445.8381986191889155
70 492600.9336004839278758 492750.0836004839511588 63296.6881986191874603 63445.8381986191889155
71 164203.8429336447152309 164352.9929336447094101 63296.6881986191874603 63445.8381986191889155
72 756278.9192655468359590 756428.0692655468592420 63296.6881986191874603 63445.8381986191889155
73 1065338.4567431707400829 1065487.6067431706469506 63296.6881986191874603 63445.8381986191889155
74 664636.7762293649138883 664785.9262293649371713 63296.6881986191874603 63445.8381986191889155
75 551327.5508983038598672 551476.7008983038831502 63296.6881986191874603 63445.8381986191889155
76 400385.7854509867611341 400534.9354509867844172 63296.6881986191874603 63445.8381986191889155
77 430172.0740739061729982 430321.2240739061962813 63296.6881986191874603 63445.8381986191889155
78 278064.4752022568136454 278213.6252022568369284 63296.6881986191874603 63445.8381986191889155
79 246994.9495868545200210 247144.0995868545142002 63296.6881986191874603 63445.8381986191889155
80 410599.4155565604451112 410748.5655565604683943 63296.6881986191874603 63445.8381986191889155
81 304203.3081445850548334 304352.4581445850781165 63296.6881986191874603 63445.8381986191889155
82 515219.0437165385228582 515368.1937165385461412 63296.6881986191874603 63445.8381986191889155
83 716865.1923837523208931 717014.3423837523441762 63296.6881986191874603 63445.8381986191889155
84 356042.2540988320834003 356191.4040988321066834 63296.6881986191874603 63445.8381986191889155
85 356057.2311381776235066 356206.3811381776467897 63296.6881986191874603 63445.8381986191889155
86 808025.7716495885979384 808174.9216495886212215 63296.6881986191874603 63445.8381986191889155
87 69123.9812169570795959 69273.1312169570737751 63296.6881986191874603 63445.8381986191889155
88 710380.9149194438941777 710530.0649194439174607 63296.6881986191874603 63445.8381986191889155
89 284939.7480092087644152 285088.8980092087876983 63296.6881986191874603 63445.8381986191889155
90 574134.7118616694351658 574283.8618616694584489 63296.6881986191874603 63445.8381986191889155
91 148535.0277519871888217 148684.1777519871830009 63296.6881986191874603 63445.8381986191889155
92 1074857.3936321961227804 1075006.5436321960296482 63296.6881986191874603 63445.8381986191889155
93 280930.0218342393636703 281079.1718342393869534 63296.6881986191874603 63445.8381986191889155
94 283333.8884808071306907 283483.0384808071539737 63296.6881986191874603 63445.8381986191889155
95 538217.9323243085527793 538367.0823243085760623 63296.6881986191874603 63445.8381986191889155
96 459307.4371453995117918 459456.5871453995350748 63296.6881986191874603 63445.8381986191889155
97 162733.3157156992820092 162882.4657156992761884 63296.6881986191874603 63445.8381986191889155
98 785632.9463919466361403 785782.0963919466594234 63296.6881986191874603 63445.8381986191889155
99 296054.9488788709859364 296204.0988788710092194 63296.6881986191874603 63445.8381986191889155
100 294838.7004492799169384 294987.8504492799402215 63296.6881986191874603 63445.8381986191889155
101 462276.2657270674826577 462425.4157270675059408 63296.6881986191874603 63445.8381986191889155
102 198618.4012408887792844 198767.5512408887734637 63296.6881986191874603 63445.8381986191889155
103 359297.9661942459642887 359447.1161942459875718 63296.6881986191874603 63445.8381986191889155
104 280158.8141967058763839 280307.9641967058996670 63296.6881986191874603 63445.8381986191889155
105 581143.7490674068685621 581292.8990674068918452 63296.6881986191874603 63445.8381986191889155
106 417262.0935716318199411 417411.2435716318432242 63296.6881986191874603 63445.8381986191889155
107 617066.4325043944409117 617215.5825043944641948 63296.6881986191874603 63445.8381986191889155
108 471204.7632481329492293 471353.9132481329725124 63296.6881986191874603 63445.8381986191889155
109 344413.6980415610596538 344562.8480415610829368 63296.6881986191874603 63445.8381986191889155
110 278881.9266617722460069 279031.0766617722692899 63296.6881986191874603 63445.8381986191889155
111 220805.0126991948054638 220954.1626991947996430 63296.6881986191874603 63445.8381986191889155
112 351583.6310618232237175 351732.7810618232470006 63296.6881986191874603 63445.8381986191889155
113 478555.5837723581353202 478704.7337723581586033 63296.6881986191874603 63445.8381986191889155
114 915085.8730116646038368 915235.0230116646271199 63296.6881986191874603 63445.8381986191889155
115 92714.1279232327215141 92863.2779232327156933 63296.6881986191874603 63445.8381986191889155
116 483661.1506043860572390 483810.3006043860805221 63296.6881986191874603 63445.8381986191889155
117 691005.4356254027225077 691154.5856254027457908 63296.6881986191874603 63445.8381986191889155
118 593814.8840164721477777 593964.0340164721710607 63296.6881986191874603 63445.8381986191889155
119 329797.3960208822390996 329946.5460208822623827 63296.6881986191874603 63445.8381986191889155
120 496804.4326074398704804 496953.5826074398937635 63296.6881986191874603 63445.8381986191889155
121 945760.2035124093526974 945909.3535124093759805 63296.6881986191874603 63445.8381986191889155
122 448675.2028724843403324 448824.3528724843636155 63296.6881986191874603 63445.8381986191889155
123 458255.1642933933180757 458404.3142933933413588 63296.6881986191874603 63445.8381986191889155
124 735741.4297252745600417 735890.5797252745833248 63296.6881986191874603 63445.8381986191889155
125 321046.9336944824317470 321196.0836944824550301 63296.6881986191874603 63445.8381986191889155
126 199025.0891221956117079 199174.2391221956058871 63296.6881986191874603 63445.8381986191889155
127 500301.3977118773036636 500450.5477118773269467 63296.6881986191874603 63445.8381986191889155
128 182491.0393742401793133 182640.1893742401734926 63296.6881986191874603 63445.8381986191889155
129 549420.9665413909824565 549570.1165413910057396 63296.6881986191874603 63445.8381986191889155
130 498375.9607127687777393 498525.1107127688010223 63296.6881986191874603 63445.8381986191889155
131 566218.8232235886389390 566367.9732235886622220 63296.6881986191874603 63445.8381986191889155
132 111039.2253429512056755 111188.3753429511998547 63296.6881986191874603 63445.8381986191889155
133 527873.5395720276283100 528022.6895720276515931 63296.6881986191874603 63445.8381986191889155
134 534126.0074313861550763 534275.1574313861783594 63296.6881986191874603 63445.8381986191889155
135 246398.7664150874770712 246547.9164150874712504 63296.6881986191874603 63445.8381986191889155
136 428428.0328458058065735 428577.1828458058298565 63296.6881986191874603 63445.8381986191889155
137 300174.0307334553217515 300323.1807334553450346 63296.6881986191874603 63445.8381986191889155
138 511317.2268652796046808 511466.3768652796279639 63296.6881986191874603 63445.8381986191889155
139 650609.3831273647956550 650758.5331273648189381 63296.6881986191874603 63445.8381986191889155
140 615619.3077616770751774 615768.4577616770984605 63296.6881986191874603 63445.8381986191889155
141 550287.8224900286877528 550436.9724900287110358 63296.6881986191874603 63445.8381986191889155
142 259802.1012589775782544 259951.2512589775724337 63296.6881986191874603 63445.8381986191889155
143 206172.3209137683734298 206321.4709137683676090 63296.6881986191874603 63445.8381986191889155
144 280716.9597522287513129 280866.1097522287745960 63296.6881986191874603 63445.8381986191889155
145 165531.4725515051395632 165680.6225515051337425 63296.6881986191874603 63445.8381986191889155
146 767449.1738574258051813 767598.3238574258284643 63296.6881986191874603 63445.8381986191889155
147 528389.0879770127357915 528538.2379770127590746 63296.6881986191874603 63445.8381986191889155
148 293811.3278486017370597 293960.4778486017603427 63296.6881986191874603 63445.8381986191889155
149 228217.5472042622277513 228366.6972042622219305 63296.6881986191874603 63445.8381986191889155
150 285377.7683211105177179 285526.9183211105410010 63296.6881986191874603 63445.8381986191889155
151 150915.0942805141676217 151064.2442805141618010 63296.6881986191874603 63445.8381986191889155
152 531425.4970837056171149 531574.6470837056403980 63296.6881986191874603 63445.8381986191889155
153 296951.8153950583655387 297100.9653950583888218 63296.6881986191874603 63445.8381986191889155
154 355456.7819135889294557 355605.9319135889527388 63296.6881986191874603 63445.8381986191889155
155 686866.9203017982654274 687016.0703017982887104 63296.6881986191874603 63445.8381986191889155
156 447404.0748025118955411 447553.2248025119188242 63296.6881986191874603 63445.8381986191889155
157 168388.6234904268058017 168537.7734904267999809 63296.6881986191874603 63445.8381986191889155
158 309352.4189254542579874 309501.5689254542812705 63296.6881986191874603 63445.8381986191889155
159 499619.8616195154609159 499769.0116195154841989 63296.6881986191874603 63445.8381986191889155
160 577798.5995009085163474 577947.7495009085396305 63296.6881986191874603 63445.8381986191889155
161 481609.4142418252304196 481758.5642418252537027 63296.6881986191874603 63445.8381986191889155
162 185530.5737459435476921 185679.7237459435418714 63296.6881986191874603 63445.8381986191889155
163 404019.3511057620053180 404168.5011057620286010 63296.6881986191874603 63445.8381986191889155
164 512940.3647943141986616 513089.5147943142219447 63296.6881986191874603 63445.8381986191889155
165 1155006.2681198287755251 1155155.4181198286823928 63296.6881986191874603 63445.8381986191889155
166 307665.4315304061165079 307814.5815304061397910 63296.6881986191874603 63445.8381986191889155
167 209548.7218424686871003 209697.8718424686812796 63296.6881986191874603 63445.8381986191889155
168 185649.6208887487300672 185798.7708887487242464 63296.6881986191874603 63445.8381986191889155
169 537511.9916653366526589 537661.1416653366759419 63296.6881986191874603 63445.8381986191889155
170 282521.6019609419163316 282670.7519609419396147 63296.6881986191874603 63445.8381986191889155
171 60820.7436012999824015 60969.8936012999838567 60820.7436012999824015 60969.8936012999838567
172 714965.6152446212945506 715114.7652446213178337 60820.7436012999824015 60969.8936012999838567
173 597578.9224213054403663 597728.0724213054636493 60820.7436012999824015 60969.8936012999838567
174 635493.6499342112801969 635642.7999342113034800 60820.7436012999824015 60969.8936012999838567
175 442569.9493831701693125 442719.0993831701925956 60820.7436012999824015 60969.8936012999838567
176 430914.8282844297355041 431063.9782844297587872 60820.7436012999824015 60969.8936012999838567
177 840076.2861971047241241 840225.4361971047474071 60820.7436012999824015 60969.8936012999838567
178 406134.4916503757121973 406283.6416503757354803 60820.7436012999824015 60969.8936012999838567
179 887439.1759220083476976 887588.3259220083709806 60820.7436012999824015 60969.8936012999838567
180 223674.3563517432485241 223823.5063517432427034 60820.7436012999824015 60969.8936012999838567
181 124988.0447267128474778 125137.1947267128416570 60820.7436012999824015 60969.8936012999838567
182 1550878.6237035940866917 1551027.7737035939935595 60820.7436012999824015 60969.8936012999838567
183 362457.7288988998625427 362606.8788988998858258 60820.7436012999824015 60969.8936012999838567
184 275268.8178392209811136 275417.9678392210043967 60820.7436012999824015 60969.8936012999838567
185 320745.0753124757320620 320894.2253124757553451 60820.7436012999824015 60969.8936012999838567
186 328291.3468494510161690 328440.4968494510394521 60820.7436012999824015 60969.8936012999838567
187 446756.3865615679533221 446905.5365615679766051 60820.7436012999824015 60969.8936012999838567
188 599563.0364923463203013 599712.1864923463435844 60820.7436012999824015 60969.8936012999838567
189 321761.3239825250930153 321910.4739825251162983 60820.7436012999824015 60969.8936012999838567
190 553605.5429525708314031 553754.6929525708546862 60820.7436012999824015 60969.8936012999838567
191 280638.2232084816205315 280787.3732084816438146 60820.7436012999824015 60969.8936012999838567
192 309718.4918440614128485 309867.6418440614361316 60820.7436012999824015 60969.8936012999838567
193 537383.0904181657824665 537532.2404181658057496 60820.7436012999824015 60969.8936012999838567
194 349358.3856555286329240 349507.5356555286562070 60820.7436012999824015 60969.8936012999838567
195 314826.3884510870557278 314975.5384510870790109 60820.7436012999824015 60969.8936012999838567
196 179954.6735781933239195 180103.8235781933180988 60820.7436012999824015 60969.8936012999838567
197 360352.1167282210080884 360501.2667282210313715 60820.7436012999824015 60969.8936012999838567
198 421266.2934318727348000 421415.4434318727580830 60820.7436012999824015 60969.8936012999838567
199 731157.2767061376944184 731306.4267061377177015 60820.7436012999824015 60969.8936012999838567
200 153479.9742333071189933 153629.1242333071131725 60820.7436012999824015 60969.8936012999838567
201 517412.8347694743424654 517561.9847694743657485 60820.7436012999824015 60969.8936012999838567
202 383375.6410720334388316 383524.7910720334621146 60820.7436012999824015 60969.8936012999838567
203 366527.9273155789123848 366677.0773155789356679 60820.7436012999824015 60969.8936012999838567
204 289834.9858080430421978 289984.1358080430654809 60820.7436012999824015 60969.8936012999838567
205 170379.3872214886068832 170528.5372214886010624 60820.7436012999824015 60969.8936012999838567
206 583718.0241359613137320 583867.1741359613370150 60820.7436012999824015 60969.8936012999838567
207 410342.7812841851846315 410491.9312841852079146 60820.7436012999824015 60969.8936012999838567
208 661683.6102479294640943 661832.7602479294873774 60820.7436012999824015 60969.8936012999838567
209 246989.5100997532426845 247138.6600997532368638 60820.7436012999824015 60969.8936012999838567
210 406055.8737310963333584 406205.0237310963566415 60820.7436012999824015 60969.8936012999838567
211 372915.0887350715347566 373064.2387350715580396 60820.7436012999824015 60969.8936012999838567
212 358680.9524191886885092 358830.1024191887117922 60820.7436012999824015 60969.8936012999838567
213 268592.0200878569739871 268741.1700878569972701 60820.7436012999824015 60969.8936012999838567
214 229640.5711568529659417 229789.7211568529601209 60820.7436012999824015 60969.8936012999838567
215 566311.7973497316706926 566460.9473497316939756 60820.7436012999824015 60969.8936012999838567
216 440065.3531910916790366 440214.5031910917023197 60820.7436012999824015 60969.8936012999838567
217 1071473.5025367308408022 1071622.6525367307476699 60820.7436012999824015 60969.8936012999838567
218 334658.7680525084142573 334807.9180525084375404 60820.7436012999824015 60969.8936012999838567
219 531132.5790170175023377 531281.7290170175256208 60820.7436012999824015 60969.8936012999838567
220 213687.7769308832648676 213836.9269308832590468 60820.7436012999824015 60969.8936012999838567
221 468183.4982130708522163 468332.6482130708754994 60820.7436012999824015 60969.8936012999838567
222 371071.6663714506430551 371220.8163714506663382 60820.7436012999824015 60969.8936012999838567
223 210123.2534373158705421 210272.4034373158647213 60820.7436012999824015 60969.8936012999838567
224 573519.2179787845816463 573668.3679787846049294 60820.7436012999824015 60969.8936012999838567
225 323147.0672827831585892 323296.2172827831818722 60820.7436012999824015 60969.8936012999838567
226 516491.5656239529489540 516640.7156239529722370 60820.7436012999824015 60969.8936012999838567
227 197247.4806318975461181 197396.6306318975402974 60820.7436012999824015 60969.8936012999838567
228 274021.8295018567587249 274170.9795018567820080 60820.7436012999824015 60969.8936012999838567
229 811633.2209847212070599 811782.3709847212303430 60820.7436012999824015 60969.8936012999838567
230 395120.0362774478853680 395269.1862774479086511 60820.7436012999824015 60969.8936012999838567
231 345444.8214554810547270 345593.9714554810780101 60820.7436012999824015 60969.8936012999838567
232 363912.5407223306829110 364061.6907223307061940 60820.7436012999824015 60969.8936012999838567
233 379450.8101020566537045 379599.9601020566769876 60820.7436012999824015 60969.8936012999838567
234 641476.0969794412376359 641625.2469794412609190 60820.7436012999824015 60969.8936012999838567
235 281481.7480296597932465 281630.8980296598165296 60820.7436012999824015 60969.8936012999838567
236 203697.3074064490501769 203846.4574064490443561 60820.7436012999824015 60969.8936012999838567
237 844003.2995682724285871 844152.4495682724518701 60820.7436012999824015 60969.8936012999838567
238 492174.8404744061990641 492323.9904744062223472 60820.7436012999824015 60969.8936012999838567
239 155277.4219062987831421 155426.5719062987773214 60820.7436012999824015 60969.8936012999838567
240 379445.9630176449427381 379595.1130176449660212 60820.7436012999824015 60969.8936012999838567
241 438851.3983111187117174 439000.5483111187350005 60820.7436012999824015 60969.8936012999838567
242 384751.1287966506206430 384900.2787966506439261 60820.7436012999824015 60969.8936012999838567
243 327486.5083521923515946 327635.6583521923748776 60820.7436012999824015 60969.8936012999838567
244 638732.1626799907535315 638881.3126799907768145 60820.7436012999824015 60969.8936012999838567
245 339466.1939400529954582 339615.3439400530187413 60820.7436012999824015 60969.8936012999838567
246 257777.1097929347015452 257926.2597929346957244 60820.7436012999824015 60969.8936012999838567
247 332558.2881234692176804 332707.4381234692409635 60820.7436012999824015 60969.8936012999838567
248 720593.2120578764006495 720742.3620578764239326 60820.7436012999824015 60969.8936012999838567
249 264400.7091621814761311 264549.8591621814994141 60820.7436012999824015 60969.8936012999838567
250 647823.7959488198393956 647972.9459488198626786 60820.7436012999824015 60969.8936012999838567
251 160019.0915124956518412 160168.2415124956460204 60820.7436012999824015 60969.8936012999838567
252 604164.2523357445606962 604313.4023357445839792 60820.7436012999824015 60969.8936012999838567
253 293988.6945027208421379 294137.8445027208654210 60820.7436012999824015 60969.8936012999838567
254 271649.7989506442099810 271798.9489506442332640 60820.7436012999824015 60969.8936012999838567
255 943217.3319725440815091 943366.4819725441047922 60820.7436012999824015 60969.8936012999838567
256 341103.8644789897371083 341253.0144789897603914 60820.7436012999824015 60969.8936012999838567
257 221142.0795313264243305 221291.2295313264185097 60820.7436012999824015 60969.8936012999838567
258 314720.0984803700703196 314869.2484803700936027 60820.7436012999824015 60969.8936012999838567
259 140353.0738313509791624 140502.2238313509733416 60820.7436012999824015 60969.8936012999838567
260 459213.4034649247187190 459362.5534649247420020 60820.7436012999824015 60969.8936012999838567
261 133588.2254829314479139 133737.3754829314420931 60820.7436012999824015 60969.8936012999838567
262 536550.3588393317768350 536699.5088393318001181 60820.7436012999824015 60969.8936012999838567
263 281277.9355314028216526 281427.0855314028449357 60820.7436012999824015 60969.8936012999838567
264 672939.4101400621002540 673088.5601400621235371 60820.7436012999824015 60969.8936012999838567
265 323444.8192675832542591 323593.9692675832775421 60820.7436012999824015 60969.8936012999838567
266 173803.4666883302852511 173952.6166883302794304 60820.7436012999824015 60969.8936012999838567
267 811389.3204061677679420 811538.4704061677912250 60820.7436012999824015 60969.8936012999838567
268 263867.2720524290925823 264016.4220524291158654 60820.7436012999824015 60969.8936012999838567
269 184600.4064841577783227 184749.5564841577725019 60820.7436012999824015 60969.8936012999838567
270 108027.5172435220592888 108176.6672435220534680 60820.7436012999824015 60969.8936012999838567
271 519289.5309603272471577 519438.6809603272704408 60820.7436012999824015 60969.8936012999838567
272 235192.1231656783493236 235341.2731656783435028 60820.7436012999824015 60969.8936012999838567
273 666246.2097210778156295 666395.3597210778389126 60820.7436012999824015 60969.8936012999838567
274 463828.3294562870869413 463977.4794562871102244 60820.7436012999824015 60969.8936012999838567
275 366922.0010420368053019 367071.1510420368285850 60820.7436012999824015 60969.8936012999838567
276 453187.7772607178194448 453336.9272607178427279 60820.7436012999824015 60969.8936012999838567
277 301829.1080646103364415 301978.2580646103597246 60820.7436012999824015 60969.8936012999838567
278 771620.1905971672385931 771769.3405971672618762 60820.7436012999824015 60969.8936012999838567
279 1325334.1957938352134079 1325483.3457938351202756 60820.7436012999824015 60969.8936012999838567
280 430562.5312568405061029 430711.6812568405293860 60820.7436012999824015 60969.8936012999838567
281 321068.4771273660007864 321217.6271273660240695 60820.7436012999824015 60969.8936012999838567
282 469154.1306203424464911 469303.2806203424697742 60820.7436012999824015 60969.8936012999838567
283 307185.7332908569369465 307334.8832908569602296 60820.7436012999824015 60969.8936012999838567
284 409915.8245186204439960 410064.9745186204672791 60820.7436012999824015 60969.8936012999838567
285 193251.4512639425520319 193400.6012639425462112 60820.7436012999824015 60969.8936012999838567
286 701819.7689722148934379 701968.9189722149167210 60820.7436012999824015 60969.8936012999838567
287 361212.6888120084186085 361361.8388120084418915 60820.7436012999824015 60969.8936012999838567
288 917951.4732165767345577 918100.6232165767578408 60820.7436012999824015 60969.8936012999838567
289 590869.3424231315730140 591018.4924231315962970 60820.7436012999824015 60969.8936012999838567
290 294132.1757435904582962 294281.3257435904815793 60820.7436012999824015 60969.8936012999838567
291 339990.6063934838166460 340139.7563934838399291 60820.7436012999824015 60969.8936012999838567
292 134753.1535765982116573 134902.3035765982058365 60820.7436012999824015 60969.8936012999838567
293 544546.0747615640284494 544695.2247615640517324 60820.7436012999824015 60969.8936012999838567
294 427879.8498613092233427 428028.9998613092466258 60820.7436012999824015 60969.8936012999838567
295 605940.8924470639321953 606090.0424470639554784 60820.7436012999824015 60969.8936012999838567
296 270185.4811762199387886 270334.6311762199620716 60820.7436012999824015 60969.8936012999838567
297 735658.1121286553097889 735807.2621286553330719 60820.7436012999824015 60969.8936012999838567
298 434222.8834716102574021 434372.0334716102806851 60820.7436012999824015 60969.8936012999838567
299 885312.5768890419276431 885461.7268890419509262 60820.7436012999824015 60969.8936012999838567
300 716538.5507409506244585 716687.7007409506477416 60820.7436012999824015 60969.8936012999838567
301 564814.2387717842357233 564963.3887717842590064 60820.7436012999824015 60969.8936012999838567
302 441031.0472533652209677 441180.1972533652442507 60820.7436012999824015 60969.8936012999838567
303 129090.2729395781061612 129239.4229395781003404 60820.7436012999824015 60969.8936012999838567
304 593438.7533940643770620 593587.9033940644003451 60820.7436012999824015 60969.8936012999838567
305 601508.1340794846182689 601657.2840794846415520 60820.7436012999824015 60969.8936012999838567
306 457997.3760145811247639 458146.5260145811480470 60820.7436012999824015 60969.8936012999838567
307 412290.6419633107725531 412439.7919633107958362 60820.7436012999824015 60969.8936012999838567
308 170643.4363869846565649 170792.5863869846507441 60820.7436012999824015 60969.8936012999838567
309 616329.6250383557053283 616478.7750383557286114 60820.7436012999824015 60969.8936012999838567
310 1055193.5333511547651142 1055342.6833511546719819 60820.7436012999824015 60969.8936012999838567
311 770511.0762003939598799 770660.2262003939831629 60820.7436012999824015 60969.8936012999838567
312 278931.9888851540163159 279081.1388851540395990 60820.7436012999824015 60969.8936012999838567
313 146904.4311423966719303 147053.5811423966661096 60820.7436012999824015 60969.8936012999838567
314 192555.6555293285346124 192704.8055293285287917 60820.7436012999824015 60969.8936012999838567
315 511012.2360661696875468 511161.3860661697108299 60820.7436012999824015 60969.8936012999838567
316 776035.5572111454093829 776184.7072111454326659 60820.7436012999824015 60969.8936012999838567
317 319848.2989736866438761 319997.4489736866671592 60820.7436012999824015 60969.8936012999838567
318 543001.6402767935069278 543150.7902767935302109 60820.7436012999824015 60969.8936012999838567
319 138913.1573440421198029 139062.3073440421139821 60820.7436012999824015 60969.8936012999838567
320 268280.6754131577326916 268429.8254131577559747 60820.7436012999824015 60969.8936012999838567
321 331416.5360549148172140 331565.6860549148404971 60820.7436012999824015 60969.8936012999838567
322 592248.5497466017259285 592397.6997466017492115 60820.7436012999824015 60969.8936012999838567
323 52340.0441282095925999 52489.1941282095940551 52340.0441282095925999 52489.1941282095940551
324 489216.5404318950604647 489365.6904318950837478 52340.0441282095925999 52489.1941282095940551
325 441215.1841606554226018 441364.3341606554458849 52340.0441282095925999 52489.1941282095940551
326 534290.3746238065650687 534439.5246238065883517 52340.0441282095925999 52489.1941282095940551
327 374315.6050373429316096 374464.7550373429548927 52340.0441282095925999 52489.1941282095940551
328 642608.8665098807541654 642758.0165098807774484 52340.0441282095925999 52489.1941282095940551
329 565969.0559897351777181 566118.2059897352010012 52340.0441282095925999 52489.1941282095940551
330 550451.7090493926079944 550600.8590493926312774 52340.0441282095925999 52489.1941282095940551
331 291863.1416317016119137 292012.2916317016351968 52340.0441282095925999 52489.1941282095940551
332 491957.0025050249532796 492106.1525050249765627 52340.0441282095925999 52489.1941282095940551
333 641604.4724406410241500 641753.6224406410474330 52340.0441282095925999 52489.1941282095940551
334 313593.8709339522756636 313743.0209339522989467 52340.0441282095925999 52489.1941282095940551
335 474399.1944309754762799 474548.3444309754995629 52340.0441282095925999 52489.1941282095940551
336 215257.6532984141667839 215406.8032984141609631 52340.0441282095925999 52489.1941282095940551
337 102130.0967951884667855 102279.2467951884609647 52340.0441282095925999 52489.1941282095940551
338 569452.1994656465249136 569601.3494656465481967 52340.0441282095925999 52489.1941282095940551
339 148837.0733893680444453 148986.2233893680386245 52340.0441282095925999 52489.1941282095940551
340 220180.4455267448211089 220329.5955267448152881 52340.0441282095925999 52489.1941282095940551
341 820840.6379319700645283 820989.7879319700878114 52340.0441282095925999 52489.1941282095940551
342 259467.8950396311120130 259617.0450396311061922 52340.0441282095925999 52489.1941282095940551
343 704701.7386994885746390 704850.8886994885979220 52340.0441282095925999 52489.1941282095940551
344 405095.1901637142873369 405244.3401637143106200 52340.0441282095925999 52489.1941282095940551
345 593060.9854282275773585 593210.1354282276006415 52340.0441282095925999 52489.1941282095940551
346 210351.8016355638974346 210500.9516355638916139 52340.0441282095925999 52489.1941282095940551
347 325568.1059875519713387 325717.2559875519946218 52340.0441282095925999 52489.1941282095940551
348 1273076.8435393639374524 1273225.9935393638443202 52340.0441282095925999 52489.1941282095940551
349 503164.8817701402585953 503314.0317701402818784 52340.0441282095925999 52489.1941282095940551
350 295280.8497689663199708 295429.9997689663432539 52340.0441282095925999 52489.1941282095940551
351 306158.3002986240899190 306307.4502986241132021 52340.0441282095925999 52489.1941282095940551
352 935008.1632831627503037 935157.3132831627735868 52340.0441282095925999 52489.1941282095940551
353 190401.4977325170475524 190550.6477325170417316 52340.0441282095925999 52489.1941282095940551
354 263084.7625399755779654 263233.9125399756012484 52340.0441282095925999 52489.1941282095940551
355 304415.0401528986403719 304564.1901528986636549 52340.0441282095925999 52489.1941282095940551
356 157283.8851266314450186 157433.0351266314391978 52340.0441282095925999 52489.1941282095940551
357 318619.9447566311573610 318769.0947566311806440 52340.0441282095925999 52489.1941282095940551
358 497454.8721491245669313 497604.0221491245902143 52340.0441282095925999 52489.1941282095940551
359 443084.7434764768113382 443233.8934764768346213 52340.0441282095925999 52489.1941282095940551
360 174382.5643169402610511 174531.7143169402552303 52340.0441282095925999 52489.1941282095940551
361 517074.0988857295596972 517223.2488857295829803 52340.0441282095925999 52489.1941282095940551
362 511357.1747562277596444 511506.3247562277829275 52340.0441282095925999 52489.1941282095940551
363 325062.3348981739254668 325211.4848981739487499 52340.0441282095925999 52489.1941282095940551
364 514494.9310694003361277 514644.0810694003594108 52340.0441282095925999 52489.1941282095940551
365 304117.0978979145875201 304266.2478979146108031 52340.0441282095925999 52489.1941282095940551
366 745595.7339543793350458 745744.8839543793583289 52340.0441282095925999 52489.1941282095940551
367 462488.2394079097430222 462637.3894079097663052 52340.0441282095925999 52489.1941282095940551
368 828052.1452003965387121 828201.2952003965619951 52340.0441282095925999 52489.1941282095940551
369 696641.2952799123013392 696790.4452799123246223 52340.0441282095925999 52489.1941282095940551
370 736268.6072412973735482 736417.7572412973968312 52340.0441282095925999 52489.1941282095940551
371 544666.0346913372632116 544815.1846913372864947 52340.0441282095925999 52489.1941282095940551
372 458766.9638716068002395 458916.1138716068235226 52340.0441282095925999 52489.1941282095940551
373 511039.4391521631623618 511188.5891521631856449 52340.0441282095925999 52489.1941282095940551
374 1283131.4754731652792543 1283280.6254731651861221 52340.0441282095925999 52489.1941282095940551
375 219745.0811805749544874 219894.2311805749486666 52340.0441282095925999 52489.1941282095940551
376 175743.6900136982148979 175892.8400136982090771 52340.0441282095925999 52489.1941282095940551
377 188801.0527608562842943 188950.2027608562784735 52340.0441282095925999 52489.1941282095940551
378 684210.4242154555395246 684359.5742154555628076 52340.0441282095925999 52489.1941282095940551
379 50130.2402593657534453 50279.3902593657549005 50130.2402593657534453 50279.3902593657549005
380 187413.5659716957015917 187562.7159716956957709 50130.2402593657534453 50279.3902593657549005
381 357490.7142056907759979 357639.8642056907992810 50130.2402593657534453 50279.3902593657549005
382 373582.6020982128102332 373731.7520982128335163 50130.2402593657534453 50279.3902593657549005
383 239428.2865006797655951 239577.4365006797597744 50130.2402593657534453 50279.3902593657549005
384 418839.2154673444456421 418988.3654673444689251 50130.2402593657534453 50279.3902593657549005
385 472053.1693884973064996 472202.3193884973297827 50130.2402593657534453 50279.3902593657549005
386 88932.2792438769101864 89081.4292438769043656 50130.2402593657534453 50279.3902593657549005
387 275651.9688509242841974 275801.1188509243074805 50130.2402593657534453 50279.3902593657549005
388 459229.1256807246245444 459378.2756807246478274 50130.2402593657534453 50279.3902593657549005
389 279036.5214063415187411 279185.6714063415420242 50130.2402593657534453 50279.3902593657549005
390 462020.3556241069454700 462169.5056241069687530 50130.2402593657534453 50279.3902593657549005
391 284322.5896874748286791 284471.7396874748519622 50130.2402593657534453 50279.3902593657549005
392 204410.2843945126514882 204559.4343945126456674 50130.2402593657534453 50279.3902593657549005
393 999108.3382233348675072 999257.4882233348907903 50130.2402593657534453 50279.3902593657549005
394 236304.6295994904357940 236453.7795994904299732 50130.2402593657534453 50279.3902593657549005
395 663347.5754161460790783 663496.7254161461023614 50130.2402593657534453 50279.3902593657549005
396 182626.2281955323705915 182775.3781955323647708 50130.2402593657534453 50279.3902593657549005
397 350016.7978794184164144 350165.9478794184396975 50130.2402593657534453 50279.3902593657549005
398 541174.9679668195312843 541324.1179668195545673 50130.2402593657534453 50279.3902593657549005
399 342091.1366943338653073 342240.2866943338885903 50130.2402593657534453 50279.3902593657549005
400 60840.9094303465390112 60990.0594303465404664 50130.2402593657534453 50279.3902593657549005
401 186186.6886851849849336 186335.8386851849791128 50130.2402593657534453 50279.3902593657549005
402 306549.1227960415999405 306698.2727960416232236 50130.2402593657534453 50279.3902593657549005
403 316663.4557505360571668 316812.6057505360804498 50130.2402593657534453 50279.3902593657549005
404 323116.9394750311621465 323266.0894750311854295 50130.2402593657534453 50279.3902593657549005
405 299965.1771938290330581 300114.3271938290563412 50130.2402593657534453 50279.3902593657549005
406 476458.7531717951060273 476607.9031717951293103 50130.2402593657534453 50279.3902593657549005
407 310038.4216266767471097 310187.5716266767703928 50130.2402593657534453 50279.3902593657549005
408 802204.8086816329741850 802353.9586816329974681 50130.2402593657534453 50279.3902593657549005
409 354929.0677479971782304 355078.2177479972015135 50130.2402593657534453 50279.3902593657549005
410 280712.6427112637902610 280861.7927112638135441 50130.2402593657534453 50279.3902593657549005
411 675013.6904487905558199 675162.8404487905791029 50130.2402593657534453 50279.3902593657549005
412 197253.9674000724917278 197403.1174000724859070 50130.2402593657534453 50279.3902593657549005
413 335330.4489930463023484 335479.5989930463256314 50130.2402593657534453 50279.3902593657549005
414 319132.2660382358008064 319281.4160382358240895 50130.2402593657534453 50279.3902593657549005
415 41967.0123197480061208 42116.1623197480075760 41967.0123197480061208 42116.1623197480075760
416 177425.6717771614494268 177574.8217771614436060 41967.0123197480061208 42116.1623197480075760
417 710789.6909175439504907 710938.8409175439737737 41967.0123197480061208 42116.1623197480075760
418 108726.0594558897864772 108875.2094558897806564 41967.0123197480061208 42116.1623197480075760
419 202224.4983926991117187 202373.6483926991058979 41967.0123197480061208 42116.1623197480075760
420 280367.9589369060704485 280517.1089369060937315 41967.0123197480061208 42116.1623197480075760
421 218468.1917435413633939 218617.3417435413575731 41967.0123197480061208 42116.1623197480075760
422 343350.1323634137515910 343499.2823634137748741 41967.0123197480061208 42116.1623197480075760
423 589269.7964109443128109 589418.9464109443360940 41967.0123197480061208 42116.1623197480075760
424 1072742.1152948751114309 1072891.2652948750182986 41967.0123197480061208 42116.1623197480075760
425 304442.3653313457034528 304591.5153313457267359 41967.0123197480061208 42116.1623197480075760
426 144128.0391032114566769 144277.1891032114508562 41967.0123197480061208 42116.1623197480075760
427 462020.6369641869678162 462169.7869641869910993 41967.0123197480061208 42116.1623197480075760
428 450918.8784053886192851 451068.0284053886425681 41967.0123197480061208 42116.1623197480075760
429 335213.8767809483106248 335363.0267809483339079 41967.0123197480061208 42116.1623197480075760
430 221416.2306765003304463 221565.3806765003246255 41967.0123197480061208 42116.1623197480075760
431 262239.8794821973424405 262389.0294821973657236 41967.0123197480061208 42116.1623197480075760
432 398967.3328997991629876 399116.4828997991862707 41967.0123197480061208 42116.1623197480075760
433 466674.0405693636275828 466823.1905693636508659 41967.0123197480061208 42116.1623197480075760
434 608223.7539993213722482 608372.9039993213955313 41967.0123197480061208 42116.1623197480075760
435 174262.9146026383386925 174412.0646026383328717 41967.0123197480061208 42116.1623197480075760
436 305199.5255625126883388 305348.6755625127116218 41967.0123197480061208 42116.1623197480075760
437 298616.4182431249064393 298765.5682431249297224 41967.0123197480061208 42116.1623197480075760
438 520414.0932730513159186 520563.2432730513392016 41967.0123197480061208 42116.1623197480075760
439 289607.4504995487513952 289756.6004995487746783 41967.0123197480061208 42116.1623197480075760
440 170888.5445845832582563 171037.6945845832524356 41967.0123197480061208 42116.1623197480075760
441 313009.6011836316320114 313158.7511836316552944 41967.0123197480061208 42116.1623197480075760
442 583301.6650815950706601 583450.8150815950939432 41967.0123197480061208 42116.1623197480075760
443 357273.6978269979008473 357422.8478269979241304 41967.0123197480061208 42116.1623197480075760
444 237504.4266318852023687 237653.5766318851965480 41967.0123197480061208 42116.1623197480075760
445 126169.7291114637482679 126318.8791114637424471 41967.0123197480061208 42116.1623197480075760
446 625602.4238852091366425 625751.5738852091599256 41967.0123197480061208 42116.1623197480075760
447 392147.4265598497586325 392296.5765598497819155 41967.0123197480061208 42116.1623197480075760
448 761001.0891019911505282 761150.2391019911738113 41967.0123197480061208 42116.1623197480075760
449 392760.5795399498310871 392909.7295399498543702 41967.0123197480061208 42116.1623197480075760
450 509690.6289224253850989 509839.7789224254083820 41967.0123197480061208 42116.1623197480075760
451 325583.4498258827370591 325732.5998258827603422 41967.0123197480061208 42116.1623197480075760
452 135194.7107631272519939 135343.8607631272461731 41967.0123197480061208 42116.1623197480075760
453 359775.9893973118741997 359925.1393973118974827 41967.0123197480061208 42116.1623197480075760
454 269412.4466776093468070 269561.5966776093700901 41967.0123197480061208 42116.1623197480075760
455 245654.9046635434206109 245804.0546635434147902 41967.0123197480061208 42116.1623197480075760
456 321246.9104940491379239 321396.0604940491612069 41967.0123197480061208 42116.1623197480075760
457 324785.4071041404968128 324934.5571041405200958 41967.0123197480061208 42116.1623197480075760
458 397691.9120613044360653 397841.0620613044593483 41967.0123197480061208 42116.1623197480075760
459 202557.3794995996577200 202706.5294995996518992 41967.0123197480061208 42116.1623197480075760
460 85069.9123568251525285 85219.0623568251467077 41967.0123197480061208 42116.1623197480075760
461 270080.3722960992017761 270229.5222960992250592 41967.0123197480061208 42116.1623197480075760
462 173609.0151199408865068 173758.1651199408806860 41967.0123197480061208 42116.1623197480075760
463 341449.8696685375180095 341599.0196685375412926 41967.0123197480061208 42116.1623197480075760
464 483451.4734040399198420 483600.6234040399431251 41967.0123197480061208 42116.1623197480075760
465 623054.6763309993548319 623203.8263309993781149 41967.0123197480061208 42116.1623197480075760
466 345086.3247640293557197 345235.4747640293790027 41967.0123197480061208 42116.1623197480075760
467 211237.1001556582050398 211386.2501556581992190 41967.0123197480061208 42116.1623197480075760
468 315940.3030202498193830 316089.4530202498426661 41967.0123197480061208 42116.1623197480075760
469 225717.7400354012497701 225866.8900354012439493 41967.0123197480061208 42116.1623197480075760
470 408844.0626050070277415 408993.2126050070510246 41967.0123197480061208 42116.1623197480075760
471 614168.8531614189269021 614318.0031614189501852 41967.0123197480061208 42116.1623197480075760
472 247026.3789000148535706 247175.5289000148477498 41967.0123197480061208 42116.1623197480075760
473 331017.7252046099747531 331166.8752046099980362 41967.0123197480061208 42116.1623197480075760
474 100288.2518429799965816 100437.4018429799907608 41967.0123197480061208 42116.1623197480075760
475 138515.3809215505316388 138664.5309215505258180 41967.0123197480061208 42116.1623197480075760
476 162996.7315515695663635 163145.8815515695605427 41967.0123197480061208 42116.1623197480075760
477 759088.4769557811086997 759237.6269557811319828 41967.0123197480061208 42116.1623197480075760
478 244510.7360526410338935 244659.8860526410280727 41967.0123197480061208 42116.1623197480075760
479 546830.4345162109239027 546979.5845162109471858 41967.0123197480061208 42116.1623197480075760
480 432381.1010353370802477 432530.2510353371035308 41967.0123197480061208 42116.1623197480075760
481 437928.2904544307384640 438077.4404544307617471 41967.0123197480061208 42116.1623197480075760
482 437652.0159984146011993 437801.1659984146244824 41967.0123197480061208 42116.1623197480075760
483 225648.5569359508517664 225797.7069359508459456 41967.0123197480061208 42116.1623197480075760
484 381485.3837603015708737 381634.5337603015941568 41967.0123197480061208 42116.1623197480075760
485 533053.3173154694959521 533202.4673154695192352 41967.0123197480061208 42116.1623197480075760
486 198936.7241798437898979 199085.8741798437840771 41967.0123197480061208 42116.1623197480075760
487 472076.3230348687502556 472225.4730348687735386 41967.0123197480061208 42116.1623197480075760
488 684394.4050347277661785 684543.5550347277894616 41967.0123197480061208 42116.1623197480075760
489 443975.3801212746184319 444124.5301212746417150 41967.0123197480061208 42116.1623197480075760
490 184311.1317537100694608 184460.2817537100636400 41967.0123197480061208 42116.1623197480075760
491 190084.2115366665238980 190233.3615366665180773 41967.0123197480061208 42116.1623197480075760
492 314011.1013234836864285 314160.2513234837097116 41967.0123197480061208 42116.1623197480075760
493 269356.1183466545771807 269505.2683466546004638 41967.0123197480061208 42116.1623197480075760
494 387460.8470121495774947 387609.9970121496007778 41967.0123197480061208 42116.1623197480075760
495 364281.9565431951778010 364431.1065431952010840 41967.0123197480061208 42116.1623197480075760
496 453468.4472526329918765 453617.5972526330151595 41967.0123197480061208 42116.1623197480075760
497 179183.0515662714024074 179332.2015662713965867 41967.0123197480061208 42116.1623197480075760
498 343751.3739836167660542 343900.5239836167893372 41967.0123197480061208 42116.1623197480075760
499 886203.2526068205479532 886352.4026068205712363 41967.0123197480061208 42116.1623197480075760
500 389245.7969860275043175 389394.9469860275276005 41967.0123197480061208 42116.1623197480075760
