evaluations raw_y current_y raw_y_best current_y_best
1 16399730.2970692031085491 16399520.4170692022889853 16399730.2970692031085491 16399520.4170692022889853
2 5916597.7484903754666448 5916387.8684903755784035 5916597.7484903754666448 5916387.8684903755784035
3 2455671.7838133294135332 2455461.9038133295252919 2455671.7838133294135332 2455461.9038133295252919
4 5158576.0574050210416317 5158366.1774050211533904 2455671.7838133294135332 2455461.9038133295252919
5 27196712.7190076038241386 27196502.8390076048672199 2455671.7838133294135332 2455461.9038133295252919
6 2291.1356124134731544 2081.2556124134730453 2291.1356124134731544 2081.2556124134730453
7 18798723.1703385561704636 18798513.2903385572135448 2291.1356124134731544 2081.2556124134730453
8 540276.0919116244185716 540066.2119116244139150 2291.1356124134731544 2081.2556124134730453
9 232729.8445104378042743 232519.9645104377996176 2291.1356124134731544 2081.2556124134730453
10 181744.3846943277749233 181534.5046943277702667 2291.1356124134731544 2081.2556124134730453
11 365082.4884503517532721 364872.6084503517486155 2291.1356124134731544 2081.2556124134730453
12 20757.6752864597947337 20547.7952864597937150 2291.1356124134731544 2081.2556124134730453
13 4061262.5461206212639809 4061052.6661206213757396 2291.1356124134731544 2081.2556124134730453
14 484313.9001104345661588 484104.0201104345615022 2291.1356124134731544 2081.2556124134730453
15 530795.1979175094747916 530585.3179175094701350 2291.1356124134731544 2081.2556124134730453
16 702354.5720202954253182 702144.6920202954206616 2291.1356124134731544 2081.2556124134730453
17 1107279.8434946229681373 1107069.9634946230798960 2291.1356124134731544 2081.2556124134730453
18 1569711.9195821355096996 1569502.0395821356214583 2291.1356124134731544 2081.2556124134730453
19 127621.5947538371983683 127411.7147538371937117 2291.1356124134731544 2081.2556124134730453
20 474364.9067933143815026 474155.0267933143768460 2291.1356124134731544 2081.2556124134730453
21 433548.5028683769633062 433338.6228683769586496 2291.1356124134731544 2081.2556124134730453
22 414813.9408708505216055 414604.0608708505169488 2291.1356124134731544 2081.2556124134730453
23 380393.6601511571207084 380183.7801511571160518 2291.1356124134731544 2081.2556124134730453
24 328602.4085236512473784 328392.5285236512427218 2291.1356124134731544 2081.2556124134730453
25 262328.2359559188480489 262118.3559559188433923 2291.1356124134731544 2081.2556124134730453
26 217875.9960326923464891 217666.1160326923418324 2291.1356124134731544 2081.2556124134730453
27 460075.1404158321092837 459865.2604158321046270 2291.1356124134731544 2081.2556124134730453
28 176476.3117632112698629 176266.4317632112652063 2291.1356124134731544 2081.2556124134730453
29 164166.7667582137801219 163956.8867582137754653 2291.1356124134731544 2081.2556124134730453
30 158066.2456786090624519 157856.3656786090577953 2291.1356124134731544 2081.2556124134730453
31 153635.3584439391270280 153425.4784439391223714 2291.1356124134731544 2081.2556124134730453
32 392786.6128260478144512 392576.7328260478097945 2291.1356124134731544 2081.2556124134730453
33 149049.6495503975020256 148839.7695503974973690 2291.1356124134731544 2081.2556124134730453
34 141881.4712229145225137 141671.5912229145178571 2291.1356124134731544 2081.2556124134730453
35 133059.8143810945912264 132849.9343810945865698 2291.1356124134731544 2081.2556124134730453
36 11320.9761772470737924 11111.0961772470745927 2291.1356124134731544 2081.2556124134730453
37 48253.1249382707464974 48043.2449382707491168 2291.1356124134731544 2081.2556124134730453
38 2343312.5930975545197725 2343102.7130975546315312 2291.1356124134731544 2081.2556124134730453
39 31459.0839297040438396 31249.2039297040428210 2291.1356124134731544 2081.2556124134730453
40 488675.8535375631763600 488465.9735375631717034 2291.1356124134731544 2081.2556124134730453
41 646497.1685687064891681 646287.2885687064845115 2291.1356124134731544 2081.2556124134730453
42 129123.1290692275360925 128913.2490692275314359 2291.1356124134731544 2081.2556124134730453
43 772472.3292409806745127 772262.4492409806698561 2291.1356124134731544 2081.2556124134730453
44 1687011.8536534784361720 1686801.9736534785479307 2291.1356124134731544 2081.2556124134730453
45 16218.7087366185005521 16008.8287366185013525 2291.1356124134731544 2081.2556124134730453
46 127812.1697851871867897 127602.2897851871821331 2291.1356124134731544 2081.2556124134730453
47 1418741.0117484410293400 1418531.1317484411410987 2291.1356124134731544 2081.2556124134730453
48 117673.5516735810087994 117463.6716735810041428 2291.1356124134731544 2081.2556124134730453
49 1182844.5268749799579382 1182634.6468749800696969 2291.1356124134731544 2081.2556124134730453
50 1015066.9000185115728527 1014857.0200185115681961 2291.1356124134731544 2081.2556124134730453
51 121996.8252666646585567 121786.9452666646539001 2291.1356124134731544 2081.2556124134730453
52 838532.7062062358018011 838322.8262062357971445 2291.1356124134731544 2081.2556124134730453
53 122949.8331662443379173 122739.9531662443332607 2291.1356124134731544 2081.2556124134730453
54 153868.0397679887246341 153658.1597679887199774 2291.1356124134731544 2081.2556124134730453
55 671513.9794470433844253 671304.0994470433797687 2291.1356124134731544 2081.2556124134730453
56 119273.1292307726689614 119063.2492307726643048 2291.1356124134731544 2081.2556124134730453
57 550048.6795836496166885 549838.7995836496120319 2291.1356124134731544 2081.2556124134730453
58 120626.9280002346495166 120417.0480002346448600 2291.1356124134731544 2081.2556124134730453
59 454956.6263082758523524 454746.7463082758476958 2291.1356124134731544 2081.2556124134730453
60 120735.2217835707269842 120525.3417835707223276 2291.1356124134731544 2081.2556124134730453
61 381868.3294070848496631 381658.4494070848450065 2291.1356124134731544 2081.2556124134730453
62 594719.3632482272805646 594509.4832482272759080 2291.1356124134731544 2081.2556124134730453
63 121919.1887917846324854 121709.3087917846278287 2291.1356124134731544 2081.2556124134730453
64 116560.6920002244005445 116350.8120002243958879 2291.1356124134731544 2081.2556124134730453
65 323979.5590734353172593 323769.6790734353126027 2291.1356124134731544 2081.2556124134730453
66 447133.4601859465474263 446923.5801859465427697 2291.1356124134731544 2081.2556124134730453
67 502997.7230209979461506 502787.8430209979414940 2291.1356124134731544 2081.2556124134730453
68 685452.0525220790877938 685242.1725220790831372 2291.1356124134731544 2081.2556124134730453
69 120298.0428108330961550 120088.1628108330914984 2291.1356124134731544 2081.2556124134730453
70 374399.6163083441788331 374189.7363083441741765 2291.1356124134731544 2081.2556124134730453
71 115651.7147279166674707 115441.8347279166628141 2291.1356124134731544 2081.2556124134730453
72 278185.5815901861642487 277975.7015901861595921 2291.1356124134731544 2081.2556124134730453
73 378555.5227977167814970 378345.6427977167768404 2291.1356124134731544 2081.2556124134730453
74 407168.6071660752641037 406958.7271660752594471 2291.1356124134731544 2081.2556124134730453
75 112576.8345125593041303 112366.9545125592994737 2291.1356124134731544 2081.2556124134730453
76 234442.0650528693222441 234232.1850528693175875 2291.1356124134731544 2081.2556124134730453
77 313570.2528377436683513 313360.3728377436636947 2291.1356124134731544 2081.2556124134730453
78 320676.0877479464979842 320466.2077479464933276 2291.1356124134731544 2081.2556124134730453
79 327059.0130475750775076 326849.1330475750728510 2291.1356124134731544 2081.2556124134730453
80 394046.5317974421777762 393836.6517974421731196 2291.1356124134731544 2081.2556124134730453
81 293624.3696205333108082 293414.4896205333061516 2291.1356124134731544 2081.2556124134730453
82 80290.4577679696521955 80080.5777679696475388 2291.1356124134731544 2081.2556124134730453
83 188782.4025364698318299 188572.5225364698271733 2291.1356124134731544 2081.2556124134730453
84 141854.9214702531753574 141645.0414702531707007 2291.1356124134731544 2081.2556124134730453
85 3419481.4261550186201930 3419271.5461550187319517 2291.1356124134731544 2081.2556124134730453
86 3168421.5823983545415103 3168211.7023983546532691 2291.1356124134731544 2081.2556124134730453
87 105138.7172407933685463 104928.8372407933638897 2291.1356124134731544 2081.2556124134730453
88 14262.5037061243801872 14052.6237061243809876 2291.1356124134731544 2081.2556124134730453
89 973375.5288836007239297 973165.6488836007192731 2291.1356124134731544 2081.2556124134730453
90 3690780.6679377271793783 3690570.7879377272911370 2291.1356124134731544 2081.2556124134730453
91 80147.4420012677583145 79937.5620012677536579 2291.1356124134731544 2081.2556124134730453
92 214748.5098374514200259 214538.6298374514153693 2291.1356124134731544 2081.2556124134730453
93 11466.3313214367262844 11256.4513214367270848 2291.1356124134731544 2081.2556124134730453
94 524430.0464891999727115 524220.1664891999680549 2291.1356124134731544 2081.2556124134730453
95 259405.8031360491295345 259195.9231360491248779 2291.1356124134731544 2081.2556124134730453
96 166392.8541417313681450 166182.9741417313634884 2291.1356124134731544 2081.2556124134730453
97 971140.3947702858131379 970930.5147702858084813 2291.1356124134731544 2081.2556124134730453
98 1399709.3889372982084751 1399499.5089372983202338 2291.1356124134731544 2081.2556124134730453
99 743066.8349830741062760 742856.9549830741016194 2291.1356124134731544 2081.2556124134730453
100 3022225.7249799552373588 3022015.8449799553491175 2291.1356124134731544 2081.2556124134730453
