evaluations raw_y current_y raw_y_best current_y_best
1 1504715.4691295009106398 1504505.5891295010223985 1504715.4691295009106398 1504505.5891295010223985
2 4131402.4915254982188344 4131192.6115254983305931 1504715.4691295009106398 1504505.5891295010223985
3 8170247.7570111313834786 8170037.8770111314952374 1504715.4691295009106398 1504505.5891295010223985
4 23030448.3560601808130741 23030238.4760601818561554 1504715.4691295009106398 1504505.5891295010223985
5 23302.8101868417361402 23092.9301868417351216 23302.8101868417361402 23092.9301868417351216
6 8633671.1532440166920424 8633461.2732440158724785 23302.8101868417361402 23092.9301868417351216
7 2247773.0617230636999011 2247563.1817230638116598 23302.8101868417361402 23092.9301868417351216
8 12350478.3907507322728634 12350268.5107507314532995 23302.8101868417361402 23092.9301868417351216
9 68382.2295977314352058 68172.3495977314305492 23302.8101868417361402 23092.9301868417351216
10 203956.0767953479662538 203746.1967953479615971 23302.8101868417361402 23092.9301868417351216
11 59250.0729354328359477 59040.1929354328385671 23302.8101868417361402 23092.9301868417351216
12 80218.2202561148878885 80008.3402561148832319 23302.8101868417361402 23092.9301868417351216
13 50988.0316333331938949 50778.1516333331965143 23302.8101868417361402 23092.9301868417351216
14 64570.6040894592515542 64360.7240894592541736 23302.8101868417361402 23092.9301868417351216
15 67521.0014778376207687 67311.1214778376161121 23302.8101868417361402 23092.9301868417351216
16 15931.8621655161095987 15721.9821655161103990 15931.8621655161095987 15721.9821655161103990
17 13072.8313139188085188 12862.9513139188093191 13072.8313139188085188 12862.9513139188093191
18 931.8467467990192290 721.9667467990192335 931.8467467990192290 721.9667467990192335
19 48693.4558852810077951 48483.5758852810104145 931.8467467990192290 721.9667467990192335
20 14.6590148423000883 -195.2209851576999142 14.6590148423000883 -195.2209851576999142
21 8583.0110891293352324 8373.1310891293360328 14.6590148423000883 -195.2209851576999142
22 2154.1643231118073345 1944.2843231118072254 14.6590148423000883 -195.2209851576999142
23 327.3351904791948641 117.4551904791948687 14.6590148423000883 -195.2209851576999142
24 200.7375324456540113 -9.1424675543459841 14.6590148423000883 -195.2209851576999142
25 158.1592945388140379 -51.7207054611859576 14.6590148423000883 -195.2209851576999142
26 787.0883589855164928 577.2083589855164973 14.6590148423000883 -195.2209851576999142
27 20650730.5963333584368229 20650520.7163333594799042 14.6590148423000883 -195.2209851576999142
28 6.0178810593237220 -203.8621189406762824 6.0178810593237220 -203.8621189406762824
29 9.4307424432226110 -200.4492575567773827 6.0178810593237220 -203.8621189406762824
30 11.4926121150358860 -198.3873878849641130 6.0178810593237220 -203.8621189406762824
31 16.4820876839663164 -193.3979123160336826 6.0178810593237220 -203.8621189406762824
32 21.0023434075320239 -188.8776565924679858 6.0178810593237220 -203.8621189406762824
33 24.4259913633345072 -185.4540086366654918 6.0178810593237220 -203.8621189406762824
34 25.6973899594121207 -184.1826100405878606 6.0178810593237220 -203.8621189406762824
35 26.5746217002388505 -183.3053782997611449 6.0178810593237220 -203.8621189406762824
36 27.0210329647977261 -182.8589670352022836 6.0178810593237220 -203.8621189406762824
37 27.2110869133818056 -182.6689130866182040 6.0178810593237220 -203.8621189406762824
38 27.2494435673023716 -182.6305564326976310 6.0178810593237220 -203.8621189406762824
39 27.1088926372093191 -182.7711073627906728 6.0178810593237220 -203.8621189406762824
40 26.8555128968079693 -183.0244871031920297 6.0178810593237220 -203.8621189406762824
41 26.4964803008958505 -183.3835196991041414 6.0178810593237220 -203.8621189406762824
42 25.9831699439228281 -183.8968300560771638 6.0178810593237220 -203.8621189406762824
43 25.3460508918574199 -184.5339491081425649 6.0178810593237220 -203.8621189406762824
44 24.4275274975794154 -185.4524725024205907 6.0178810593237220 -203.8621189406762824
45 23.3328214498372652 -186.5471785501627267 6.0178810593237220 -203.8621189406762824
46 22.0491723432992757 -187.8308276567007056 6.0178810593237220 -203.8621189406762824
47 20.4174843010744667 -189.4625156989255288 6.0178810593237220 -203.8621189406762824
48 18.7386645754597545 -191.1413354245402445 6.0178810593237220 -203.8621189406762824
49 16.8033272810961556 -193.0766727189038363 6.0178810593237220 -203.8621189406762824
50 20.9663340586685365 -188.9136659413314590 6.0178810593237220 -203.8621189406762824
51 13.2587372650378974 -196.6212627349621016 6.0178810593237220 -203.8621189406762824
52 11.6875418493745187 -198.1924581506254697 6.0178810593237220 -203.8621189406762824
53 10.4621483481919455 -199.4178516518080642 6.0178810593237220 -203.8621189406762824
54 9.5022659476641653 -200.3777340523358248 6.0178810593237220 -203.8621189406762824
55 8.9235067651588942 -200.9564932348411048 6.0178810593237220 -203.8621189406762824
56 8.5831869268367242 -201.2968130731632641 6.0178810593237220 -203.8621189406762824
57 8.4120843769607276 -201.4679156230392607 6.0178810593237220 -203.8621189406762824
58 8.2359109351931181 -201.6440890648068773 6.0178810593237220 -203.8621189406762824
59 7.7838669836511647 -202.0961330163488299 6.0178810593237220 -203.8621189406762824
60 6.9038395577569833 -202.9761604422430139 6.0178810593237220 -203.8621189406762824
61 5.7080431876156350 -204.1719568123843658 5.7080431876156350 -204.1719568123843658
62 4.5325947233045385 -205.3474052766954685 4.5325947233045385 -205.3474052766954685
63 3.7552358827662324 -206.1247641172337524 3.7552358827662324 -206.1247641172337524
64 3.3325871092998507 -206.5474128907001443 3.3325871092998507 -206.5474128907001443
65 3.1712555233280386 -206.7087444766719670 3.1712555233280386 -206.7087444766719670
66 2.7745627453544977 -207.1054372546454942 2.7745627453544977 -207.1054372546454942
67 2.2774144014114688 -207.6025855985885187 2.2774144014114688 -207.6025855985885187
68 467.7985107881956424 257.9185107881956469 2.2774144014114688 -207.6025855985885187
69 438.3781552363077481 228.4981552363077526 2.2774144014114688 -207.6025855985885187
70 3.8955561915468575 -205.9844438084531362 2.2774144014114688 -207.6025855985885187
71 4.8203194761181392 -205.0596805238818661 2.2774144014114688 -207.6025855985885187
72 426.2127063032397132 216.3327063032397177 2.2774144014114688 -207.6025855985885187
73 10.3550679829653642 -199.5249320170346436 2.2774144014114688 -207.6025855985885187
74 11.5851859153477221 -198.2948140846522733 2.2774144014114688 -207.6025855985885187
75 12.9333312644050462 -196.9466687355949546 2.2774144014114688 -207.6025855985885187
76 250.7234098106048918 40.8434098106048964 2.2774144014114688 -207.6025855985885187
77 193.4228812274657798 -16.4571187725342156 2.2774144014114688 -207.6025855985885187
78 422.0923397593218169 212.2123397593218215 2.2774144014114688 -207.6025855985885187
79 132.3870093647469730 -77.4929906352530224 2.2774144014114688 -207.6025855985885187
80 409.7010232817410724 199.8210232817410770 2.2774144014114688 -207.6025855985885187
81 99.4432894115384585 -110.4367105884615370 2.2774144014114688 -207.6025855985885187
82 401.7369259383957001 191.8569259383957046 2.2774144014114688 -207.6025855985885187
83 82.4733176163172033 -127.4066823836827922 2.2774144014114688 -207.6025855985885187
84 396.0248174546700284 186.1448174546700329 2.2774144014114688 -207.6025855985885187
85 70.0472924095920035 -139.8327075904080061 2.2774144014114688 -207.6025855985885187
86 69.4174800508782539 -140.4625199491217415 2.2774144014114688 -207.6025855985885187
87 65.9729281553717897 -143.9070718446282058 2.2774144014114688 -207.6025855985885187
88 402.0764270527830035 192.1964270527830081 2.2774144014114688 -207.6025855985885187
89 395.5112479597157744 185.6312479597157790 2.2774144014114688 -207.6025855985885187
90 57.9655981945332428 -151.9144018054667526 2.2774144014114688 -207.6025855985885187
91 57.0087059338307967 -152.8712940661691846 2.2774144014114688 -207.6025855985885187
92 398.8964317628435197 189.0164317628435242 2.2774144014114688 -207.6025855985885187
93 63.3208878208712278 -146.5591121791287605 2.2774144014114688 -207.6025855985885187
94 398.5078352863293389 188.6278352863293435 2.2774144014114688 -207.6025855985885187
95 49.1098079463171970 -160.7701920536827913 2.2774144014114688 -207.6025855985885187
96 68.8208149047190147 -141.0591850952809807 2.2774144014114688 -207.6025855985885187
97 403.6888308665692762 193.8088308665692807 2.2774144014114688 -207.6025855985885187
98 44.4539673206787782 -165.4260326793212244 2.2774144014114688 -207.6025855985885187
99 74.4861187449267987 -135.3938812550732109 2.2774144014114688 -207.6025855985885187
100 409.1131868797581319 199.2331868797581365 2.2774144014114688 -207.6025855985885187
