evaluations raw_y current_y raw_y_best current_y_best
1 678227.6498989629326388 678376.7998989629559219 678227.6498989629326388 678376.7998989629559219
2 899986.2090269692707807 900135.3590269692940637 678227.6498989629326388 678376.7998989629559219
3 499145.1177699116524309 499294.2677699116757140 499145.1177699116524309 499294.2677699116757140
4 333202.4737009378732182 333351.6237009378965013 333202.4737009378732182 333351.6237009378965013
5 139092.3435156979248859 139241.4935156979190651 139092.3435156979248859 139241.4935156979190651
6 450358.0066455506603234 450507.1566455506836064 139092.3435156979248859 139241.4935156979190651
7 683927.2610495547996834 684076.4110495548229665 139092.3435156979248859 139241.4935156979190651
8 554143.6301390358712524 554292.7801390358945355 139092.3435156979248859 139241.4935156979190651
9 30088.6627435588889057 30237.8127435588903609 30088.6627435588889057 30237.8127435588903609
10 41796.0437203606197727 41945.1937203606212279 30088.6627435588889057 30237.8127435588903609
11 29600.3744347679239581 29749.5244347679254133 29600.3744347679239581 29749.5244347679254133
12 38081.7994566609340836 38230.9494566609355388 29600.3744347679239581 29749.5244347679254133
13 35304.7944226267209160 35453.9444226267223712 29600.3744347679239581 29749.5244347679254133
14 40407.6454037827134016 40556.7954037827148568 29600.3744347679239581 29749.5244347679254133
15 35677.8209444919193629 35826.9709444919208181 29600.3744347679239581 29749.5244347679254133
16 28747.4609365055694070 28896.6109365055708622 28747.4609365055694070 28896.6109365055708622
17 31601.2463416114769643 31750.3963416114784195 28747.4609365055694070 28896.6109365055708622
18 42340.8829224491928471 42490.0329224491943023 28747.4609365055694070 28896.6109365055708622
19 35594.0134651646876591 35743.1634651646891143 28747.4609365055694070 28896.6109365055708622
20 35758.6076094820600701 35907.7576094820615253 28747.4609365055694070 28896.6109365055708622
21 61193.4837087796913693 61342.6337087796928245 28747.4609365055694070 28896.6109365055708622
22 59092.8619858683741768 59242.0119858683756320 28747.4609365055694070 28896.6109365055708622
23 40584.2455317607527832 40733.3955317607542383 28747.4609365055694070 28896.6109365055708622
24 31330.2782686234786524 31479.4282686234801076 28747.4609365055694070 28896.6109365055708622
25 39191.0280551194300642 39340.1780551194315194 28747.4609365055694070 28896.6109365055708622
26 29169.4211291063111275 29318.5711291063125827 28747.4609365055694070 28896.6109365055708622
27 36412.0052341138944030 36561.1552341138958582 28747.4609365055694070 28896.6109365055708622
28 51627.7432490700739436 51776.8932490700753988 28747.4609365055694070 28896.6109365055708622
29 54684.1554812249014503 54833.3054812249029055 28747.4609365055694070 28896.6109365055708622
30 39703.0611568660242483 39852.2111568660257035 28747.4609365055694070 28896.6109365055708622
31 41146.1955006313582999 41295.3455006313597551 28747.4609365055694070 28896.6109365055708622
32 31563.9226689799215819 31713.0726689799230371 28747.4609365055694070 28896.6109365055708622
33 36524.0161287046648795 36673.1661287046663347 28747.4609365055694070 28896.6109365055708622
34 41954.1064783504116349 42103.2564783504130901 28747.4609365055694070 28896.6109365055708622
35 44277.1145988344505895 44426.2645988344520447 28747.4609365055694070 28896.6109365055708622
36 45008.0260737730786786 45157.1760737730801338 28747.4609365055694070 28896.6109365055708622
37 31755.0264687236995087 31904.1764687237009639 28747.4609365055694070 28896.6109365055708622
38 41605.2815917692860239 41754.4315917692874791 28747.4609365055694070 28896.6109365055708622
39 38745.4286241601439542 38894.5786241601454094 28747.4609365055694070 28896.6109365055708622
40 37250.1632660198229132 37399.3132660198243684 28747.4609365055694070 28896.6109365055708622
41 29531.5441437538029277 29680.6941437538043829 28747.4609365055694070 28896.6109365055708622
42 33221.5791456498773186 33370.7291456498787738 28747.4609365055694070 28896.6109365055708622
43 26666.9712801295172540 26816.1212801295187091 26666.9712801295172540 26816.1212801295187091
44 31891.9571385290873877 32041.1071385290888429 26666.9712801295172540 26816.1212801295187091
45 30488.2666617379436502 30637.4166617379451054 26666.9712801295172540 26816.1212801295187091
46 33127.9288722920609871 33277.0788722920624423 26666.9712801295172540 26816.1212801295187091
47 51550.1391948258169577 51699.2891948258184129 26666.9712801295172540 26816.1212801295187091
48 24107.2403715582804580 24256.3903715582819132 24107.2403715582804580 24256.3903715582819132
49 32905.8679069449935923 33055.0179069449950475 24107.2403715582804580 24256.3903715582819132
50 32895.6482198910089210 33044.7982198910103762 24107.2403715582804580 24256.3903715582819132
51 46752.4139300888782600 46901.5639300888797152 24107.2403715582804580 24256.3903715582819132
52 27376.1470338977051142 27525.2970338977065694 24107.2403715582804580 24256.3903715582819132
53 25284.5035645939278766 25433.6535645939293317 24107.2403715582804580 24256.3903715582819132
54 58468.0861226265406003 58617.2361226265420555 24107.2403715582804580 24256.3903715582819132
55 24260.7472725190782512 24409.8972725190797064 24107.2403715582804580 24256.3903715582819132
56 44003.2357216237505781 44152.3857216237520333 24107.2403715582804580 24256.3903715582819132
57 32736.4635662077162124 32885.6135662077140296 24107.2403715582804580 24256.3903715582819132
58 26622.2218841058092949 26771.3718841058107500 24107.2403715582804580 24256.3903715582819132
59 47373.0622613004888990 47522.2122613004903542 24107.2403715582804580 24256.3903715582819132
60 39613.7262604853895027 39762.8762604853909579 24107.2403715582804580 24256.3903715582819132
61 28164.6918835175856657 28313.8418835175871209 24107.2403715582804580 24256.3903715582819132
62 37476.8901652389758965 37626.0401652389773517 24107.2403715582804580 24256.3903715582819132
63 27120.9007338299670664 27270.0507338299685216 24107.2403715582804580 24256.3903715582819132
64 34585.8308025044752867 34734.9808025044767419 24107.2403715582804580 24256.3903715582819132
65 49736.2916971504673711 49885.4416971504688263 24107.2403715582804580 24256.3903715582819132
66 40474.3433339656476164 40623.4933339656490716 24107.2403715582804580 24256.3903715582819132
67 33525.9481226811767556 33675.0981226811782108 24107.2403715582804580 24256.3903715582819132
68 47005.5130407160104369 47154.6630407160118921 24107.2403715582804580 24256.3903715582819132
69 26636.1898213268614199 26785.3398213268628751 24107.2403715582804580 24256.3903715582819132
70 35311.3625277730461676 35460.5125277730476228 24107.2403715582804580 24256.3903715582819132
71 25602.0901405258664454 25751.2401405258679006 24107.2403715582804580 24256.3903715582819132
72 30583.2671710357717529 30732.4171710357732081 24107.2403715582804580 24256.3903715582819132
73 49337.9855063567738398 49487.1355063567752950 24107.2403715582804580 24256.3903715582819132
74 48409.7312073622451862 48558.8812073622466414 24107.2403715582804580 24256.3903715582819132
75 37636.0029993402204127 37785.1529993402218679 24107.2403715582804580 24256.3903715582819132
76 30983.5306068747377140 31132.6806068747391691 24107.2403715582804580 24256.3903715582819132
77 32005.8197109124666895 32154.9697109124681447 24107.2403715582804580 24256.3903715582819132
78 50263.5902005032330635 50412.7402005032345187 24107.2403715582804580 24256.3903715582819132
79 33773.5407838497267221 33922.6907838497281773 24107.2403715582804580 24256.3903715582819132
80 33873.7387396838093991 34022.8887396838108543 24107.2403715582804580 24256.3903715582819132
81 29961.4156423970744072 30110.5656423970758624 24107.2403715582804580 24256.3903715582819132
82 55057.1627152334403945 55206.3127152334418497 24107.2403715582804580 24256.3903715582819132
83 57128.0227476181098609 57277.1727476181113161 24107.2403715582804580 24256.3903715582819132
84 34465.2192643586095073 34614.3692643586109625 24107.2403715582804580 24256.3903715582819132
85 51744.0358727415368776 51893.1858727415383328 24107.2403715582804580 24256.3903715582819132
86 25851.7320833333287737 26000.8820833333302289 24107.2403715582804580 24256.3903715582819132
87 40120.1599825481825974 40269.3099825481840526 24107.2403715582804580 24256.3903715582819132
88 25169.9296740414756641 25319.0796740414771193 24107.2403715582804580 24256.3903715582819132
89 36045.1973889157015947 36194.3473889157030499 24107.2403715582804580 24256.3903715582819132
90 37680.7134369931445690 37829.8634369931460242 24107.2403715582804580 24256.3903715582819132
91 30426.0926364525039389 30575.2426364525053941 24107.2403715582804580 24256.3903715582819132
92 26280.3351231635242584 26429.4851231635257136 24107.2403715582804580 24256.3903715582819132
93 30047.1005893129949982 30196.2505893129964534 24107.2403715582804580 24256.3903715582819132
94 28427.6855312557891011 28576.8355312557905563 24107.2403715582804580 24256.3903715582819132
95 52326.9391338456189260 52476.0891338456203812 24107.2403715582804580 24256.3903715582819132
96 34780.0545342413242906 34929.2045342413257458 24107.2403715582804580 24256.3903715582819132
97 49436.4024377933674259 49585.5524377933688811 24107.2403715582804580 24256.3903715582819132
98 27225.3028820151994296 27374.4528820152008848 24107.2403715582804580 24256.3903715582819132
99 59369.5300624383526156 59518.6800624383540708 24107.2403715582804580 24256.3903715582819132
100 26753.1485832673242840 26902.2985832673257391 24107.2403715582804580 24256.3903715582819132
101 36457.0444253645400750 36606.1944253645415301 24107.2403715582804580 24256.3903715582819132
102 47433.7983717301467550 47582.9483717301482102 24107.2403715582804580 24256.3903715582819132
103 35021.1668006444888306 35170.3168006444902858 24107.2403715582804580 24256.3903715582819132
104 31875.6309195537578489 32024.7809195537593041 24107.2403715582804580 24256.3903715582819132
105 38425.1162596791837132 38574.2662596791851684 24107.2403715582804580 24256.3903715582819132
106 27261.1395631829473132 27410.2895631829487684 24107.2403715582804580 24256.3903715582819132
107 50669.7840407639450859 50818.9340407639465411 24107.2403715582804580 24256.3903715582819132
108 26228.4872679860309290 26377.6372679860323842 24107.2403715582804580 24256.3903715582819132
109 28335.0656693771015853 28484.2156693771030405 24107.2403715582804580 24256.3903715582819132
110 28077.0436353735349257 28226.1936353735363809 24107.2403715582804580 24256.3903715582819132
111 38435.7932192710868549 38584.9432192710883101 24107.2403715582804580 24256.3903715582819132
112 44518.7838416005106410 44667.9338416005120962 24107.2403715582804580 24256.3903715582819132
113 39063.5323299273368320 39212.6823299273382872 24107.2403715582804580 24256.3903715582819132
114 45439.2167494381938013 45588.3667494381952565 24107.2403715582804580 24256.3903715582819132
115 52841.6957916347382707 52990.8457916347397259 24107.2403715582804580 24256.3903715582819132
116 26142.1082923649701115 26291.2582923649715667 24107.2403715582804580 24256.3903715582819132
117 43398.5329850607377011 43547.6829850607391563 24107.2403715582804580 24256.3903715582819132
118 39692.2387587329722010 39841.3887587329736562 24107.2403715582804580 24256.3903715582819132
119 49637.1304539974080399 49786.2804539974094951 24107.2403715582804580 24256.3903715582819132
120 33471.4956232391268713 33620.6456232391283265 24107.2403715582804580 24256.3903715582819132
121 56808.5285432244709227 56957.6785432244723779 24107.2403715582804580 24256.3903715582819132
122 37888.2048918606888037 38037.3548918606902589 24107.2403715582804580 24256.3903715582819132
123 44773.8010393425211078 44922.9510393425225629 24107.2403715582804580 24256.3903715582819132
124 53942.2927403729918296 54091.4427403729932848 24107.2403715582804580 24256.3903715582819132
125 39046.1502656035372638 39195.3002656035387190 24107.2403715582804580 24256.3903715582819132
126 30963.5934124871928361 31112.7434124871942913 24107.2403715582804580 24256.3903715582819132
127 39868.9143696992032346 40018.0643696992046898 24107.2403715582804580 24256.3903715582819132
128 54116.1741817204747349 54265.3241817204761901 24107.2403715582804580 24256.3903715582819132
129 49406.5462025941524189 49555.6962025941538741 24107.2403715582804580 24256.3903715582819132
130 52056.5378003314690432 52205.6878003314704983 24107.2403715582804580 24256.3903715582819132
131 68408.8096698684385046 68557.9596698684326839 24107.2403715582804580 24256.3903715582819132
132 33873.7968495558743598 34022.9468495558758150 24107.2403715582804580 24256.3903715582819132
133 31756.1409631518217793 31905.2909631518232345 24107.2403715582804580 24256.3903715582819132
134 37317.1260743281818577 37466.2760743281833129 24107.2403715582804580 24256.3903715582819132
135 35406.8691281014253036 35556.0191281014267588 24107.2403715582804580 24256.3903715582819132
136 32346.9455375176148664 32496.0955375176163216 24107.2403715582804580 24256.3903715582819132
137 86608.2670805049565388 86757.4170805049507180 24107.2403715582804580 24256.3903715582819132
138 33660.9134857601457043 33810.0634857601471595 24107.2403715582804580 24256.3903715582819132
139 40233.3808532250477583 40382.5308532250492135 24107.2403715582804580 24256.3903715582819132
140 52987.7052650436526164 53136.8552650436540716 24107.2403715582804580 24256.3903715582819132
141 52755.3536652079856140 52904.5036652079870692 24107.2403715582804580 24256.3903715582819132
142 60934.4681771266841679 61083.6181771266856231 24107.2403715582804580 24256.3903715582819132
143 37639.3350170140547561 37788.4850170140562113 24107.2403715582804580 24256.3903715582819132
144 33018.5101360168700921 33167.6601360168715473 24107.2403715582804580 24256.3903715582819132
145 52313.3143904094104073 52462.4643904094118625 24107.2403715582804580 24256.3903715582819132
146 43267.9252591547192424 43417.0752591547206976 24107.2403715582804580 24256.3903715582819132
147 36853.0401975630811648 37002.1901975630826200 24107.2403715582804580 24256.3903715582819132
148 30780.9529923893387604 30930.1029923893402156 24107.2403715582804580 24256.3903715582819132
149 34134.7105373180165770 34283.8605373180180322 24107.2403715582804580 24256.3903715582819132
150 36370.7452144803610281 36519.8952144803624833 24107.2403715582804580 24256.3903715582819132
151 28357.2174116607930046 28506.3674116607944597 24107.2403715582804580 24256.3903715582819132
152 46283.1348188488991582 46432.2848188489006134 24107.2403715582804580 24256.3903715582819132
153 28756.1686743974096316 28905.3186743974110868 24107.2403715582804580 24256.3903715582819132
154 86589.6807514902611729 86738.8307514902553521 24107.2403715582804580 24256.3903715582819132
155 26876.2801806856878102 27025.4301806856892654 24107.2403715582804580 24256.3903715582819132
156 37894.2274734940801864 38043.3774734940816415 24107.2403715582804580 24256.3903715582819132
157 28674.2663655510223180 28823.4163655510237732 24107.2403715582804580 24256.3903715582819132
158 44312.7262537543792860 44461.8762537543807412 24107.2403715582804580 24256.3903715582819132
159 27899.1274625934602227 28048.2774625934616779 24107.2403715582804580 24256.3903715582819132
160 36196.3891713936172891 36345.5391713936187443 24107.2403715582804580 24256.3903715582819132
161 46712.8774979603258544 46862.0274979603273096 24107.2403715582804580 24256.3903715582819132
162 28038.2917132002876315 28187.4417132002890867 24107.2403715582804580 24256.3903715582819132
163 38489.8554409989737906 38639.0054409989752457 24107.2403715582804580 24256.3903715582819132
164 24885.0621900496662420 25034.2121900496676972 24107.2403715582804580 24256.3903715582819132
165 45320.5258909619878978 45469.6758909619893529 24107.2403715582804580 24256.3903715582819132
166 68579.6609441877226345 68728.8109441877168138 24107.2403715582804580 24256.3903715582819132
167 66684.3724514841596829 66833.5224514841538621 24107.2403715582804580 24256.3903715582819132
168 24051.2036651646230894 24200.3536651646245446 24051.2036651646230894 24200.3536651646245446
169 64667.4168957267320366 64816.5668957267334918 24051.2036651646230894 24200.3536651646245446
170 79320.3982585680932971 79469.5482585680874763 24051.2036651646230894 24200.3536651646245446
171 30204.9485242505252245 30354.0985242505266797 24051.2036651646230894 24200.3536651646245446
172 38147.3124278738177964 38296.4624278738192515 24051.2036651646230894 24200.3536651646245446
173 36114.3456944499121164 36263.4956944499135716 24051.2036651646230894 24200.3536651646245446
174 24794.0460707833553897 24943.1960707833568449 24051.2036651646230894 24200.3536651646245446
175 46762.6570326373912394 46911.8070326373926946 24051.2036651646230894 24200.3536651646245446
176 29863.2818441031849943 30012.4318441031864495 24051.2036651646230894 24200.3536651646245446
177 25481.6089164478835301 25630.7589164478849852 24051.2036651646230894 24200.3536651646245446
178 28854.7552171953793732 29003.9052171953808283 24051.2036651646230894 24200.3536651646245446
179 26394.6524634105408040 26543.8024634105422592 24051.2036651646230894 24200.3536651646245446
180 25270.6114542582363356 25419.7614542582377908 24051.2036651646230894 24200.3536651646245446
181 79318.5917979043442756 79467.7417979043384548 24051.2036651646230894 24200.3536651646245446
182 33806.9604502423753729 33956.1104502423768281 24051.2036651646230894 24200.3536651646245446
183 29797.7830587917633238 29946.9330587917647790 24051.2036651646230894 24200.3536651646245446
184 54767.4050301315728575 54916.5550301315743127 24051.2036651646230894 24200.3536651646245446
185 47629.3740680298724328 47778.5240680298738880 24051.2036651646230894 24200.3536651646245446
186 24481.1401796920399647 24630.2901796920414199 24051.2036651646230894 24200.3536651646245446
187 24971.9434575669729384 25121.0934575669743936 24051.2036651646230894 24200.3536651646245446
188 44347.9492696969464305 44497.0992696969478857 24051.2036651646230894 24200.3536651646245446
189 52821.3026135499749216 52970.4526135499763768 24051.2036651646230894 24200.3536651646245446
190 29018.0398529153790150 29167.1898529153804702 24051.2036651646230894 24200.3536651646245446
191 25572.0467065523625934 25721.1967065523640485 24051.2036651646230894 24200.3536651646245446
192 41421.2565283311487292 41570.4065283311501844 24051.2036651646230894 24200.3536651646245446
193 58687.2397433883888880 58836.3897433883903432 24051.2036651646230894 24200.3536651646245446
194 60316.4660101026311168 60465.6160101026325719 24051.2036651646230894 24200.3536651646245446
195 86210.3799841412837850 86359.5299841412779642 24051.2036651646230894 24200.3536651646245446
196 38989.8305852731718915 39138.9805852731733466 24051.2036651646230894 24200.3536651646245446
197 68689.7846081204479560 68838.9346081204421353 24051.2036651646230894 24200.3536651646245446
198 49439.5692245997997816 49588.7192245998012368 24051.2036651646230894 24200.3536651646245446
199 24974.6783500486089906 25123.8283500486104458 24051.2036651646230894 24200.3536651646245446
200 78087.1343654175580014 78236.2843654175521806 24051.2036651646230894 24200.3536651646245446
201 85191.8080481782526476 85340.9580481782468269 24051.2036651646230894 24200.3536651646245446
202 25712.0299274026110652 25861.1799274026125204 24051.2036651646230894 24200.3536651646245446
203 25603.9114484456222272 25753.0614484456236823 24051.2036651646230894 24200.3536651646245446
204 26792.8149770310701570 26941.9649770310716121 24051.2036651646230894 24200.3536651646245446
205 59723.4967145471018739 59872.6467145471033291 24051.2036651646230894 24200.3536651646245446
206 58029.8128786946472246 58178.9628786946486798 24051.2036651646230894 24200.3536651646245446
207 51915.2322729855804937 52064.3822729855819489 24051.2036651646230894 24200.3536651646245446
208 25141.9686600094682944 25291.1186600094697496 24051.2036651646230894 24200.3536651646245446
209 76177.0942668413044885 76326.2442668412986677 24051.2036651646230894 24200.3536651646245446
210 26800.4063317565269244 26949.5563317565283796 24051.2036651646230894 24200.3536651646245446
211 103958.4336710523202782 104107.5836710523144575 24051.2036651646230894 24200.3536651646245446
212 131567.2863454108883161 131716.4363454108824953 24051.2036651646230894 24200.3536651646245446
213 26809.5290731393033639 26958.6790731393048191 24051.2036651646230894 24200.3536651646245446
214 27168.9257798469006957 27318.0757798469021509 24051.2036651646230894 24200.3536651646245446
215 24975.0495630253608397 25124.1995630253622949 24051.2036651646230894 24200.3536651646245446
216 45083.6095742391553358 45232.7595742391567910 24051.2036651646230894 24200.3536651646245446
217 42936.4978426138841314 43085.6478426138855866 24051.2036651646230894 24200.3536651646245446
218 37697.9713914891035529 37847.1213914891050081 24051.2036651646230894 24200.3536651646245446
219 33693.3951323564906488 33842.5451323564921040 24051.2036651646230894 24200.3536651646245446
220 24235.7477855496872508 24384.8977855496887059 24051.2036651646230894 24200.3536651646245446
221 60863.1983093447488500 61012.3483093447503052 24051.2036651646230894 24200.3536651646245446
222 27805.2960879887396004 27954.4460879887410556 24051.2036651646230894 24200.3536651646245446
223 47888.2398276736712432 48037.3898276736726984 24051.2036651646230894 24200.3536651646245446
224 25437.7280148559002555 25586.8780148559017107 24051.2036651646230894 24200.3536651646245446
225 28805.0455524135686574 28954.1955524135701125 24051.2036651646230894 24200.3536651646245446
226 45102.7960374879548908 45251.9460374879563460 24051.2036651646230894 24200.3536651646245446
227 59411.4336729912029114 59560.5836729912043666 24051.2036651646230894 24200.3536651646245446
228 29040.3302606990146160 29189.4802606990160712 24051.2036651646230894 24200.3536651646245446
229 52857.0430470115388744 53006.1930470115403295 24051.2036651646230894 24200.3536651646245446
230 46578.7721267651213566 46727.9221267651228118 24051.2036651646230894 24200.3536651646245446
231 48008.8163358323654393 48157.9663358323668945 24051.2036651646230894 24200.3536651646245446
232 45234.4556347185716731 45383.6056347185731283 24051.2036651646230894 24200.3536651646245446
233 28343.3526426698117575 28492.5026426698132127 24051.2036651646230894 24200.3536651646245446
234 40847.1845784602774074 40996.3345784602788626 24051.2036651646230894 24200.3536651646245446
235 28727.6788511467457283 28876.8288511467471835 24051.2036651646230894 24200.3536651646245446
236 54880.3066580812374013 55029.4566580812388565 24051.2036651646230894 24200.3536651646245446
237 51245.7553946330881445 51394.9053946330895997 24051.2036651646230894 24200.3536651646245446
238 26296.5241482213095878 26445.6741482213110430 24051.2036651646230894 24200.3536651646245446
239 73090.0090282940800535 73239.1590282940742327 24051.2036651646230894 24200.3536651646245446
240 69335.6251796092838049 69484.7751796092779841 24051.2036651646230894 24200.3536651646245446
241 78434.8374637309025275 78583.9874637308967067 24051.2036651646230894 24200.3536651646245446
242 32418.5450067743040563 32567.6950067743055115 24051.2036651646230894 24200.3536651646245446
243 60981.1864378252939787 61130.3364378252954339 24051.2036651646230894 24200.3536651646245446
244 32907.1457778972398955 33056.2957778972413507 24051.2036651646230894 24200.3536651646245446
245 24830.9093363810134178 24980.0593363810148730 24051.2036651646230894 24200.3536651646245446
246 63057.3459183635859517 63206.4959183635874069 24051.2036651646230894 24200.3536651646245446
247 51980.0954484066751320 52129.2454484066765872 24051.2036651646230894 24200.3536651646245446
248 52630.8312670124796568 52779.9812670124811120 24051.2036651646230894 24200.3536651646245446
249 50069.1899749459480518 50218.3399749459495069 24051.2036651646230894 24200.3536651646245446
250 31344.4009663325668953 31493.5509663325683505 24051.2036651646230894 24200.3536651646245446
251 29781.2610026651709632 29930.4110026651724183 24051.2036651646230894 24200.3536651646245446
252 24106.3906447790541279 24255.5406447790555831 24051.2036651646230894 24200.3536651646245446
253 26025.3916756027610973 26174.5416756027625524 24051.2036651646230894 24200.3536651646245446
254 38426.5899738696316490 38575.7399738696331042 24051.2036651646230894 24200.3536651646245446
255 27813.5943393788365938 27962.7443393788380490 24051.2036651646230894 24200.3536651646245446
256 62151.8407731961124227 62300.9907731961138779 24051.2036651646230894 24200.3536651646245446
257 26838.7038540111316252 26987.8538540111330803 24051.2036651646230894 24200.3536651646245446
258 49403.1074201833398547 49552.2574201833413099 24051.2036651646230894 24200.3536651646245446
259 42862.2083132598490920 43011.3583132598505472 24051.2036651646230894 24200.3536651646245446
260 29944.8006540235619468 30093.9506540235634020 24051.2036651646230894 24200.3536651646245446
261 51680.4063049941614736 51829.5563049941629288 24051.2036651646230894 24200.3536651646245446
262 33716.6699220760347089 33865.8199220760361641 24051.2036651646230894 24200.3536651646245446
263 32173.8326920909166802 32322.9826920909181354 24051.2036651646230894 24200.3536651646245446
264 25778.8782315743737854 25928.0282315743752406 24051.2036651646230894 24200.3536651646245446
265 46123.5801538142550271 46272.7301538142564823 24051.2036651646230894 24200.3536651646245446
266 55171.6573791704649921 55320.8073791704664472 24051.2036651646230894 24200.3536651646245446
267 60837.8020422129120561 60986.9520422129135113 24051.2036651646230894 24200.3536651646245446
268 56631.5080619762011338 56780.6580619762025890 24051.2036651646230894 24200.3536651646245446
269 77748.1547310511377873 77897.3047310511319665 24051.2036651646230894 24200.3536651646245446
270 49079.7420703719180892 49228.8920703719195444 24051.2036651646230894 24200.3536651646245446
271 28383.3126801455473469 28532.4626801455488021 24051.2036651646230894 24200.3536651646245446
272 49657.1520346556790173 49806.3020346556804725 24051.2036651646230894 24200.3536651646245446
273 31533.3138864931388525 31682.4638864931403077 24051.2036651646230894 24200.3536651646245446
274 31727.1235084465042746 31876.2735084465057298 24051.2036651646230894 24200.3536651646245446
275 28673.5078407830005744 28822.6578407830020296 24051.2036651646230894 24200.3536651646245446
276 58441.9124681736575440 58591.0624681736589991 24051.2036651646230894 24200.3536651646245446
277 35000.9695313230040483 35150.1195313230055035 24051.2036651646230894 24200.3536651646245446
278 40231.2607876203910564 40380.4107876203925116 24051.2036651646230894 24200.3536651646245446
279 59282.4787445533293067 59431.6287445533307618 24051.2036651646230894 24200.3536651646245446
280 107933.3097691451985156 108082.4597691451926949 24051.2036651646230894 24200.3536651646245446
281 28662.7200472821168660 28811.8700472821183212 24051.2036651646230894 24200.3536651646245446
282 55781.2804679127220879 55930.4304679127235431 24051.2036651646230894 24200.3536651646245446
283 41082.8715724584035343 41232.0215724584049894 24051.2036651646230894 24200.3536651646245446
284 80353.2812764651171165 80502.4312764651112957 24051.2036651646230894 24200.3536651646245446
285 39194.9421487515355693 39344.0921487515370245 24051.2036651646230894 24200.3536651646245446
286 49091.3606381746794796 49240.5106381746809348 24051.2036651646230894 24200.3536651646245446
287 30398.7565023498718801 30547.9065023498733353 24051.2036651646230894 24200.3536651646245446
288 125178.5834672303317348 125327.7334672303259140 24051.2036651646230894 24200.3536651646245446
289 80705.0893463687680196 80854.2393463687621988 24051.2036651646230894 24200.3536651646245446
290 63612.3863139588793274 63761.5363139588807826 24051.2036651646230894 24200.3536651646245446
291 92463.3204859625839163 92612.4704859625780955 24051.2036651646230894 24200.3536651646245446
292 67638.0206821922183735 67787.1706821922125528 24051.2036651646230894 24200.3536651646245446
293 25882.6552803024424065 26031.8052803024438617 24051.2036651646230894 24200.3536651646245446
294 80915.9480891146376962 81065.0980891146318754 24051.2036651646230894 24200.3536651646245446
295 59836.3676258127088659 59985.5176258127103210 24051.2036651646230894 24200.3536651646245446
296 48730.1937736976979068 48879.3437736976993619 24051.2036651646230894 24200.3536651646245446
297 52644.8002836090454366 52793.9502836090468918 24051.2036651646230894 24200.3536651646245446
298 54239.9540516212509829 54389.1040516212524381 24051.2036651646230894 24200.3536651646245446
299 75678.7163180111965630 75827.8663180111907423 24051.2036651646230894 24200.3536651646245446
300 56802.9573024752244237 56952.1073024752258789 24051.2036651646230894 24200.3536651646245446
301 64828.2135338451989810 64977.3635338452004362 24051.2036651646230894 24200.3536651646245446
302 57194.7743726304252050 57343.9243726304266602 24051.2036651646230894 24200.3536651646245446
303 31875.9812942483295046 32025.1312942483309598 24051.2036651646230894 24200.3536651646245446
304 42672.0293480050895596 42821.1793480050910148 24051.2036651646230894 24200.3536651646245446
305 36571.7022385727177607 36720.8522385727192159 24051.2036651646230894 24200.3536651646245446
306 38345.6390263603971107 38494.7890263603985659 24051.2036651646230894 24200.3536651646245446
307 45061.5860388698638417 45210.7360388698652969 24051.2036651646230894 24200.3536651646245446
308 82808.7816209003794938 82957.9316209003736731 24051.2036651646230894 24200.3536651646245446
309 65173.7730986210954143 65322.9230986210968695 24051.2036651646230894 24200.3536651646245446
310 55709.9646198863847530 55859.1146198863862082 24051.2036651646230894 24200.3536651646245446
311 52315.1170458307242370 52464.2670458307256922 24051.2036651646230894 24200.3536651646245446
312 33605.6151431308389874 33754.7651431308404426 24051.2036651646230894 24200.3536651646245446
313 70149.8097292317252140 70298.9597292317193933 24051.2036651646230894 24200.3536651646245446
314 51413.7602958221978042 51562.9102958221992594 24051.2036651646230894 24200.3536651646245446
315 54377.1280610034591518 54526.2780610034606070 24051.2036651646230894 24200.3536651646245446
316 53262.5916874735776219 53411.7416874735790771 24051.2036651646230894 24200.3536651646245446
317 30338.6576795936161943 30487.8076795936176495 24051.2036651646230894 24200.3536651646245446
318 34595.1117158977067447 34744.2617158977081999 24051.2036651646230894 24200.3536651646245446
319 59523.8576470998013974 59673.0076470998028526 24051.2036651646230894 24200.3536651646245446
320 60761.7093535906969919 60910.8593535906984471 24051.2036651646230894 24200.3536651646245446
321 62365.8900956592988223 62515.0400956593002775 24051.2036651646230894 24200.3536651646245446
322 60587.1548479894627235 60736.3048479894641787 24051.2036651646230894 24200.3536651646245446
323 26087.7225189286655223 26236.8725189286669774 24051.2036651646230894 24200.3536651646245446
324 83580.0129688825982157 83729.1629688825923949 24051.2036651646230894 24200.3536651646245446
325 34281.9992661215510452 34431.1492661215525004 24051.2036651646230894 24200.3536651646245446
326 29582.3042187003484287 29731.4542187003498839 24051.2036651646230894 24200.3536651646245446
327 37442.5735097672877600 37591.7235097672892152 24051.2036651646230894 24200.3536651646245446
328 41602.3187135967164068 41751.4687135967178619 24051.2036651646230894 24200.3536651646245446
329 29038.5437999863424920 29187.6937999863439472 24051.2036651646230894 24200.3536651646245446
330 89913.1451823596435133 90062.2951823596376926 24051.2036651646230894 24200.3536651646245446
331 38286.5716177728172624 38435.7216177728187176 24051.2036651646230894 24200.3536651646245446
332 39128.8533712189819198 39278.0033712189833750 24051.2036651646230894 24200.3536651646245446
333 114696.6512152111390606 114845.8012152111332398 24051.2036651646230894 24200.3536651646245446
334 110306.5371451743849320 110455.6871451743791113 24051.2036651646230894 24200.3536651646245446
335 40163.3496933474016259 40312.4996933474030811 24051.2036651646230894 24200.3536651646245446
336 49692.1314694754546508 49841.2814694754561060 24051.2036651646230894 24200.3536651646245446
337 51350.3674958821648033 51499.5174958821662585 24051.2036651646230894 24200.3536651646245446
338 62031.1204294298513560 62180.2704294298528112 24051.2036651646230894 24200.3536651646245446
339 70703.5186870513716713 70852.6686870513658505 24051.2036651646230894 24200.3536651646245446
340 87585.9889329372090288 87735.1389329372032080 24051.2036651646230894 24200.3536651646245446
341 65999.6286617356672650 66148.7786617356614443 24051.2036651646230894 24200.3536651646245446
342 46063.4134169695971650 46212.5634169695986202 24051.2036651646230894 24200.3536651646245446
343 44339.1068801904475549 44488.2568801904490101 24051.2036651646230894 24200.3536651646245446
344 213822.8217732023331337 213971.9717732023273129 24051.2036651646230894 24200.3536651646245446
345 54138.0697866847476689 54287.2197866847491241 24051.2036651646230894 24200.3536651646245446
346 24423.8537986668452504 24573.0037986668467056 24051.2036651646230894 24200.3536651646245446
347 29176.0591531874924840 29325.2091531874939392 24051.2036651646230894 24200.3536651646245446
348 74542.8294253116619075 74691.9794253116560867 24051.2036651646230894 24200.3536651646245446
349 85159.7140463963005459 85308.8640463962947251 24051.2036651646230894 24200.3536651646245446
350 32348.9196300916446489 32498.0696300916461041 24051.2036651646230894 24200.3536651646245446
351 128976.1922623955470044 129125.3422623955411837 24051.2036651646230894 24200.3536651646245446
352 76922.3141617566725472 77071.4641617566667264 24051.2036651646230894 24200.3536651646245446
353 59513.4325897437738604 59662.5825897437753156 24051.2036651646230894 24200.3536651646245446
354 31812.9276937350296066 31962.0776937350310618 24051.2036651646230894 24200.3536651646245446
355 34357.3611409422228462 34506.5111409422243014 24051.2036651646230894 24200.3536651646245446
356 135450.4051510223071091 135599.5551510223012883 24051.2036651646230894 24200.3536651646245446
357 81809.5146337901969673 81958.6646337901911465 24051.2036651646230894 24200.3536651646245446
358 71245.5996641209640075 71394.7496641209581867 24051.2036651646230894 24200.3536651646245446
359 45807.9302515172312269 45957.0802515172326821 24051.2036651646230894 24200.3536651646245446
360 74899.6262187799729872 75048.7762187799671665 24051.2036651646230894 24200.3536651646245446
361 66489.5888248361006845 66638.7388248360948637 24051.2036651646230894 24200.3536651646245446
362 29055.6364917784412683 29204.7864917784427234 24051.2036651646230894 24200.3536651646245446
363 169593.0430755725246854 169742.1930755725188646 24051.2036651646230894 24200.3536651646245446
364 54554.4592671878344845 54703.6092671878359397 24051.2036651646230894 24200.3536651646245446
365 33883.3633106184279313 34032.5133106184293865 24051.2036651646230894 24200.3536651646245446
366 25985.6545650556763576 26134.8045650556778128 24051.2036651646230894 24200.3536651646245446
367 47242.1934902922948822 47391.3434902922963374 24051.2036651646230894 24200.3536651646245446
368 68208.8747360228735488 68358.0247360228677280 24051.2036651646230894 24200.3536651646245446
369 64833.3479888299116283 64982.4979888299130835 24051.2036651646230894 24200.3536651646245446
370 33148.8493149479327258 33297.9993149479341810 24051.2036651646230894 24200.3536651646245446
371 48091.0288125228253193 48240.1788125228267745 24051.2036651646230894 24200.3536651646245446
372 54904.6613024669932202 55053.8113024669946753 24051.2036651646230894 24200.3536651646245446
373 32514.6962192125538422 32663.8462192125552974 24051.2036651646230894 24200.3536651646245446
374 49369.0468845874420367 49518.1968845874434919 24051.2036651646230894 24200.3536651646245446
375 45997.1511450349498773 46146.3011450349513325 24051.2036651646230894 24200.3536651646245446
376 57423.4963064904077328 57572.6463064904091880 24051.2036651646230894 24200.3536651646245446
377 79948.7743751389934914 80097.9243751389876707 24051.2036651646230894 24200.3536651646245446
378 30941.2030823797758785 31090.3530823797773337 24051.2036651646230894 24200.3536651646245446
379 55162.3741454777409672 55311.5241454777424224 24051.2036651646230894 24200.3536651646245446
380 55891.1154015012361924 56040.2654015012376476 24051.2036651646230894 24200.3536651646245446
381 43303.8011055271781515 43452.9511055271796067 24051.2036651646230894 24200.3536651646245446
382 31949.0123072962705919 32098.1623072962720471 24051.2036651646230894 24200.3536651646245446
383 46801.9481607802445069 46951.0981607802459621 24051.2036651646230894 24200.3536651646245446
384 48676.3881446331797633 48825.5381446331812185 24051.2036651646230894 24200.3536651646245446
385 50543.0959011257509701 50692.2459011257524253 24051.2036651646230894 24200.3536651646245446
386 26899.5766562220742344 27048.7266562220756896 24051.2036651646230894 24200.3536651646245446
387 99034.7056458582665073 99183.8556458582606865 24051.2036651646230894 24200.3536651646245446
388 92350.0866435844509397 92499.2366435844451189 24051.2036651646230894 24200.3536651646245446
389 58688.8353077519132057 58837.9853077519146609 24051.2036651646230894 24200.3536651646245446
390 169217.2659322111576330 169366.4159322111518122 24051.2036651646230894 24200.3536651646245446
391 67511.5855356691608904 67660.7355356691550696 24051.2036651646230894 24200.3536651646245446
392 33291.6576981993930531 33440.8076981993945083 24051.2036651646230894 24200.3536651646245446
393 31819.1061819534224924 31968.2561819534239476 24051.2036651646230894 24200.3536651646245446
394 66069.0123939354671165 66218.1623939354612958 24051.2036651646230894 24200.3536651646245446
395 32064.7876913049076393 32213.9376913049090945 24051.2036651646230894 24200.3536651646245446
396 44319.5403480401146226 44468.6903480401160778 24051.2036651646230894 24200.3536651646245446
397 157211.7830987460620236 157360.9330987460562028 24051.2036651646230894 24200.3536651646245446
398 76812.4824143244477455 76961.6324143244419247 24051.2036651646230894 24200.3536651646245446
399 23925.7479970439562749 24074.8979970439577301 23925.7479970439562749 24074.8979970439577301
400 33154.8081919232427026 33303.9581919232441578 23925.7479970439562749 24074.8979970439577301
401 33703.2390825755283004 33852.3890825755297556 23925.7479970439562749 24074.8979970439577301
402 39159.8332469371816842 39308.9832469371831394 23925.7479970439562749 24074.8979970439577301
403 26066.3248590130424418 26215.4748590130438970 23925.7479970439562749 24074.8979970439577301
404 45899.5807968249791884 46048.7307968249806436 23925.7479970439562749 24074.8979970439577301
405 55086.1910439179046080 55235.3410439179060631 23925.7479970439562749 24074.8979970439577301
406 52629.2713744648572174 52778.4213744648586726 23925.7479970439562749 24074.8979970439577301
407 28790.6363262010781909 28939.7863262010796461 23925.7479970439562749 24074.8979970439577301
408 49568.4086210611203569 49717.5586210611218121 23925.7479970439562749 24074.8979970439577301
409 78218.7332235837675398 78367.8832235837617191 23925.7479970439562749 24074.8979970439577301
410 64587.4222621290537063 64736.5722621290551615 23925.7479970439562749 24074.8979970439577301
411 53914.9050371847843053 54064.0550371847857605 23925.7479970439562749 24074.8979970439577301
412 42844.6815198691620026 42993.8315198691634578 23925.7479970439562749 24074.8979970439577301
413 64421.7071502557082567 64570.8571502557097119 23925.7479970439562749 24074.8979970439577301
414 242750.0932156544586178 242899.2432156544527970 23925.7479970439562749 24074.8979970439577301
415 27682.8245839366754808 27831.9745839366769360 23925.7479970439562749 24074.8979970439577301
416 60348.9279014830171946 60498.0779014830186497 23925.7479970439562749 24074.8979970439577301
417 25170.2209523635647201 25319.3709523635661753 23925.7479970439562749 24074.8979970439577301
418 69936.0274594985385193 70085.1774594985326985 23925.7479970439562749 24074.8979970439577301
419 63902.8573128725620336 64052.0073128725634888 23925.7479970439562749 24074.8979970439577301
420 28316.2472558977278823 28465.3972558977293374 23925.7479970439562749 24074.8979970439577301
421 37316.4647030227642972 37465.6147030227657524 23925.7479970439562749 24074.8979970439577301
422 120446.2766282101802062 120595.4266282101743855 23925.7479970439562749 24074.8979970439577301
423 114031.5810740502347471 114180.7310740502289264 23925.7479970439562749 24074.8979970439577301
424 65307.5000166069294210 65456.6500166069308762 23925.7479970439562749 24074.8979970439577301
425 38846.0501738378734444 38995.2001738378748996 23925.7479970439562749 24074.8979970439577301
426 30698.5155705567267432 30847.6655705567281984 23925.7479970439562749 24074.8979970439577301
427 25572.8690421405444795 25722.0190421405459347 23925.7479970439562749 24074.8979970439577301
428 43006.9340693858321174 43156.0840693858335726 23925.7479970439562749 24074.8979970439577301
429 28391.6785978098669148 28540.8285978098683699 23925.7479970439562749 24074.8979970439577301
430 50071.9378111179394182 50221.0878111179408734 23925.7479970439562749 24074.8979970439577301
431 102001.4240339424286503 102150.5740339424228296 23925.7479970439562749 24074.8979970439577301
432 97469.7267791988851968 97618.8767791988793761 23925.7479970439562749 24074.8979970439577301
433 42106.7766040528513258 42255.9266040528527810 23925.7479970439562749 24074.8979970439577301
434 32565.3641285444537061 32714.5141285444551613 23925.7479970439562749 24074.8979970439577301
435 80321.9032986414240440 80471.0532986414182233 23925.7479970439562749 24074.8979970439577301
436 29855.8304891061743547 30004.9804891061758099 23925.7479970439562749 24074.8979970439577301
437 38785.4004233335799654 38934.5504233335814206 23925.7479970439562749 24074.8979970439577301
438 44949.5083603618113557 45098.6583603618128109 23925.7479970439562749 24074.8979970439577301
439 63790.6207367564275046 63939.7707367564289598 23925.7479970439562749 24074.8979970439577301
440 44909.2754609722542227 45058.4254609722556779 23925.7479970439562749 24074.8979970439577301
441 47201.8382181960332673 47350.9882181960347225 23925.7479970439562749 24074.8979970439577301
442 42172.2118879510962870 42321.3618879510977422 23925.7479970439562749 24074.8979970439577301
443 127787.7630620684940368 127936.9130620684882160 23925.7479970439562749 24074.8979970439577301
444 26671.6408626524535066 26820.7908626524549618 23925.7479970439562749 24074.8979970439577301
445 46947.3106505826508510 47096.4606505826523062 23925.7479970439562749 24074.8979970439577301
446 51392.2867687060133903 51541.4367687060148455 23925.7479970439562749 24074.8979970439577301
447 42386.9170680358802201 42536.0670680358816753 23925.7479970439562749 24074.8979970439577301
448 37141.5836134671917534 37290.7336134671932086 23925.7479970439562749 24074.8979970439577301
449 43069.6732548927830067 43218.8232548927844618 23925.7479970439562749 24074.8979970439577301
450 59031.5288265974231763 59180.6788265974246315 23925.7479970439562749 24074.8979970439577301
451 72468.4950857283838559 72617.6450857283780351 23925.7479970439562749 24074.8979970439577301
452 47394.8635064972186228 47544.0135064972200780 23925.7479970439562749 24074.8979970439577301
453 38183.7771868659401662 38332.9271868659416214 23925.7479970439562749 24074.8979970439577301
454 25739.0504399315759656 25888.2004399315774208 23925.7479970439562749 24074.8979970439577301
455 34347.3379844289083849 34496.4879844289098401 23925.7479970439562749 24074.8979970439577301
456 26577.9590916615052265 26727.1090916615066817 23925.7479970439562749 24074.8979970439577301
457 48560.7105638327484485 48709.8605638327499037 23925.7479970439562749 24074.8979970439577301
458 25257.0824742824042914 25406.2324742824057466 23925.7479970439562749 24074.8979970439577301
459 64882.9082274148240685 65032.0582274148255237 23925.7479970439562749 24074.8979970439577301
460 25354.4829946100762754 25503.6329946100777306 23925.7479970439562749 24074.8979970439577301
461 63483.2179624027849059 63632.3679624027863611 23925.7479970439562749 24074.8979970439577301
462 138804.8770919841190334 138954.0270919841132127 23925.7479970439562749 24074.8979970439577301
463 58063.5097103892621817 58212.6597103892636369 23925.7479970439562749 24074.8979970439577301
464 23900.4293306002582540 24049.5793306002597092 23900.4293306002582540 24049.5793306002597092
465 26957.8319284599419916 27106.9819284599434468 23900.4293306002582540 24049.5793306002597092
466 25113.2398249579600815 25262.3898249579615367 23900.4293306002582540 24049.5793306002597092
467 90116.8116063346969895 90265.9616063346911687 23900.4293306002582540 24049.5793306002597092
468 41576.7508197152928915 41725.9008197152943467 23900.4293306002582540 24049.5793306002597092
469 25015.6675439331884263 25164.8175439331898815 23900.4293306002582540 24049.5793306002597092
470 28290.2575642256779247 28439.4075642256793799 23900.4293306002582540 24049.5793306002597092
471 28584.6017090079803893 28733.7517090079818445 23900.4293306002582540 24049.5793306002597092
472 40210.4985107591419364 40359.6485107591433916 23900.4293306002582540 24049.5793306002597092
473 68127.3015490017714910 68276.4515490017656703 23900.4293306002582540 24049.5793306002597092
474 96919.7296011114813155 97068.8796011114754947 23900.4293306002582540 24049.5793306002597092
475 26127.6531600702619471 26276.8031600702634023 23900.4293306002582540 24049.5793306002597092
476 113650.8042337871884229 113799.9542337871826021 23900.4293306002582540 24049.5793306002597092
477 34987.3409799356595613 35136.4909799356610165 23900.4293306002582540 24049.5793306002597092
478 31443.1537772920455609 31592.3037772920470161 23900.4293306002582540 24049.5793306002597092
479 28020.6273997790121939 28169.7773997790136491 23900.4293306002582540 24049.5793306002597092
480 36907.7465705484355567 37056.8965705484370119 23900.4293306002582540 24049.5793306002597092
481 46118.2417072626922163 46267.3917072626936715 23900.4293306002582540 24049.5793306002597092
482 117881.8026089525374118 118030.9526089525315911 23900.4293306002582540 24049.5793306002597092
483 23631.9792272129925550 23781.1292272129940102 23631.9792272129925550 23781.1292272129940102
484 47357.0389881169103319 47506.1889881169117871 23631.9792272129925550 23781.1292272129940102
485 66158.4092313361907145 66307.5592313361848937 23631.9792272129925550 23781.1292272129940102
486 180359.1571235106966924 180508.3071235106908716 23631.9792272129925550 23781.1292272129940102
487 27821.6881734486087225 27970.8381734486101777 23631.9792272129925550 23781.1292272129940102
488 27030.8368931766271999 27179.9868931766286551 23631.9792272129925550 23781.1292272129940102
489 52887.8097269811696606 53036.9597269811711158 23631.9792272129925550 23781.1292272129940102
490 56011.0887177244367194 56160.2387177244381746 23631.9792272129925550 23781.1292272129940102
491 40302.5033344017574564 40451.6533344017589116 23631.9792272129925550 23781.1292272129940102
492 92970.3980853815883165 93119.5480853815824958 23631.9792272129925550 23781.1292272129940102
493 48040.9235869205440395 48190.0735869205454946 23631.9792272129925550 23781.1292272129940102
494 25990.7646034235549450 26139.9146034235564002 23631.9792272129925550 23781.1292272129940102
495 63269.1336864124168642 63418.2836864124183194 23631.9792272129925550 23781.1292272129940102
496 37116.5333468653407181 37265.6833468653421733 23631.9792272129925550 23781.1292272129940102
497 66492.1629905063600745 66641.3129905063542537 23631.9792272129925550 23781.1292272129940102
498 142327.0972369902883656 142476.2472369902825449 23631.9792272129925550 23781.1292272129940102
499 26361.3655678123650432 26510.5155678123664984 23631.9792272129925550 23781.1292272129940102
500 26253.2947351252296357 26402.4447351252310909 23631.9792272129925550 23781.1292272129940102
