evaluations raw_y current_y raw_y_best current_y_best
1 34657612.5506099611520767 34657402.6706099584698677 34657612.5506099611520767 34657402.6706099584698677
2 14928138.3126651905477047 14927928.4326651897281408 14928138.3126651905477047 14927928.4326651897281408
3 50780833.4060782492160797 50780623.5260782465338707 14928138.3126651905477047 14927928.4326651897281408
4 40021244.0285051316022873 40021034.1485051289200783 14928138.3126651905477047 14927928.4326651897281408
5 13793282.5867800526320934 13793072.7067800518125296 13793282.5867800526320934 13793072.7067800518125296
6 2271099.7682196474634111 2270889.8882196475751698 2271099.7682196474634111 2270889.8882196475751698
7 8377123.8451391663402319 8376913.9651391664519906 2271099.7682196474634111 2270889.8882196475751698
8 39592736.7879700437188148 39592526.9079700410366058 2271099.7682196474634111 2270889.8882196475751698
9 4100824.7932533025741577 4100614.9132533026859164 2271099.7682196474634111 2270889.8882196475751698
10 5031643.0433309776708484 5031433.1633309777826071 2271099.7682196474634111 2270889.8882196475751698
11 2857787.0633097020909190 2857577.1833097022026777 2271099.7682196474634111 2270889.8882196475751698
12 2606432.7119672531262040 2606222.8319672532379627 2271099.7682196474634111 2270889.8882196475751698
13 2814710.2786398082971573 2814500.3986398084089160 2271099.7682196474634111 2270889.8882196475751698
14 2604551.1317940582521260 2604341.2517940583638847 2271099.7682196474634111 2270889.8882196475751698
15 2666171.9540279763750732 2665962.0740279764868319 2271099.7682196474634111 2270889.8882196475751698
16 2880957.6514759440906346 2880747.7714759442023933 2271099.7682196474634111 2270889.8882196475751698
17 2557938.4145922842435539 2557728.5345922843553126 2271099.7682196474634111 2270889.8882196475751698
18 2363944.7051383415237069 2363734.8251383416354656 2271099.7682196474634111 2270889.8882196475751698
19 3698052.9063896071165800 3697843.0263896072283387 2271099.7682196474634111 2270889.8882196475751698
20 2848045.5570722050033510 2847835.6770722051151097 2271099.7682196474634111 2270889.8882196475751698
21 3063698.9479248146526515 3063489.0679248147644103 2271099.7682196474634111 2270889.8882196475751698
22 3050807.1176270693540573 3050597.2376270694658160 2271099.7682196474634111 2270889.8882196475751698
23 2598063.7493607476353645 2597853.8693607477471232 2271099.7682196474634111 2270889.8882196475751698
24 2254755.8552059447392821 2254545.9752059448510408 2254755.8552059447392821 2254545.9752059448510408
25 2612943.0446609025821090 2612733.1646609026938677 2254755.8552059447392821 2254545.9752059448510408
26 3541237.8425310892052948 3541027.9625310893170536 2254755.8552059447392821 2254545.9752059448510408
27 2333389.7091547772288322 2333179.8291547773405910 2254755.8552059447392821 2254545.9752059448510408
28 2391719.9827468376606703 2391510.1027468377724290 2254755.8552059447392821 2254545.9752059448510408
29 4641902.6163710989058018 4641692.7363710990175605 2254755.8552059447392821 2254545.9752059448510408
30 3738390.4897667951881886 3738180.6097667952999473 2254755.8552059447392821 2254545.9752059448510408
31 5616249.9512120578438044 5616040.0712120579555631 2254755.8552059447392821 2254545.9752059448510408
32 4772330.3902728920802474 4772120.5102728921920061 2254755.8552059447392821 2254545.9752059448510408
33 5240362.0883198967203498 5240152.2083198968321085 2254755.8552059447392821 2254545.9752059448510408
34 3819503.4209596840664744 3819293.5409596841782331 2254755.8552059447392821 2254545.9752059448510408
35 2947197.7250680909492075 2946987.8450680910609663 2254755.8552059447392821 2254545.9752059448510408
36 2251464.9873772449791431 2251255.1073772450909019 2251464.9873772449791431 2251255.1073772450909019
37 3031627.0107178674079478 3031417.1307178675197065 2251464.9873772449791431 2251255.1073772450909019
38 2335758.3259838381782174 2335548.4459838382899761 2251464.9873772449791431 2251255.1073772450909019
39 3255586.9991424856707454 3255377.1191424857825041 2251464.9873772449791431 2251255.1073772450909019
40 4375381.8698769686743617 4375171.9898769687861204 2251464.9873772449791431 2251255.1073772450909019
41 4059232.6124393786303699 4059022.7324393787421286 2251464.9873772449791431 2251255.1073772450909019
42 4487050.6498754443600774 4486840.7698754444718361 2251464.9873772449791431 2251255.1073772450909019
43 2736176.9410121007822454 2735967.0610121008940041 2251464.9873772449791431 2251255.1073772450909019
44 2266089.3032663720659912 2265879.4232663721777499 2251464.9873772449791431 2251255.1073772450909019
45 3110570.6187122110277414 3110360.7387122111395001 2251464.9873772449791431 2251255.1073772450909019
46 2467944.0619890270754695 2467734.1819890271872282 2251464.9873772449791431 2251255.1073772450909019
47 3044243.3714973097667098 3044033.4914973098784685 2251464.9873772449791431 2251255.1073772450909019
48 2448623.0535357743501663 2448413.1735357744619250 2251464.9873772449791431 2251255.1073772450909019
49 4008397.4323163633234799 4008187.5523163634352386 2251464.9873772449791431 2251255.1073772450909019
50 6216080.8837052434682846 6215871.0037052435800433 2251464.9873772449791431 2251255.1073772450909019
51 2601973.9207865172065794 2601764.0407865173183382 2251464.9873772449791431 2251255.1073772450909019
52 3008985.4338289285078645 3008775.5538289286196232 2251464.9873772449791431 2251255.1073772450909019
53 2510595.6435411809943616 2510385.7635411811061203 2251464.9873772449791431 2251255.1073772450909019
54 3083506.0696094846352935 3083296.1896094847470522 2251464.9873772449791431 2251255.1073772450909019
55 2658037.1488107051700354 2657827.2688107052817941 2251464.9873772449791431 2251255.1073772450909019
56 2658892.1062901490367949 2658682.2262901491485536 2251464.9873772449791431 2251255.1073772450909019
57 2467754.9418356199748814 2467545.0618356200866401 2251464.9873772449791431 2251255.1073772450909019
58 2788844.2683420870453119 2788634.3883420871570706 2251464.9873772449791431 2251255.1073772450909019
59 3265347.2876995769329369 3265137.4076995770446956 2251464.9873772449791431 2251255.1073772450909019
60 2430643.9402000000700355 2430434.0602000001817942 2251464.9873772449791431 2251255.1073772450909019
61 2574292.1465426343493164 2574082.2665426344610751 2251464.9873772449791431 2251255.1073772450909019
62 4432038.3541645761579275 4431828.4741645762696862 2251464.9873772449791431 2251255.1073772450909019
63 3700270.1899427054449916 3700060.3099427055567503 2251464.9873772449791431 2251255.1073772450909019
64 3524820.6689368272200227 3524610.7889368273317814 2251464.9873772449791431 2251255.1073772450909019
65 2361583.0289225843735039 2361373.1489225844852626 2251464.9873772449791431 2251255.1073772450909019
66 3500706.3087365971878171 3500496.4287365972995758 2251464.9873772449791431 2251255.1073772450909019
67 4025990.5490886117331684 4025780.6690886118449271 2251464.9873772449791431 2251255.1073772450909019
68 3240700.4732374195009470 3240490.5932374196127057 2251464.9873772449791431 2251255.1073772450909019
69 2799970.1055002054199576 2799760.2255002055317163 2251464.9873772449791431 2251255.1073772450909019
70 4261950.3735633045434952 4261740.4935633046552539 2251464.9873772449791431 2251255.1073772450909019
71 4590485.8248096760362387 4590275.9448096761479974 2251464.9873772449791431 2251255.1073772450909019
72 3091615.8680679164826870 3091405.9880679165944457 2251464.9873772449791431 2251255.1073772450909019
73 4416540.1536241630092263 4416330.2736241631209850 2251464.9873772449791431 2251255.1073772450909019
74 2547745.5483884341083467 2547535.6683884342201054 2251464.9873772449791431 2251255.1073772450909019
75 4193436.3659386262297630 4193226.4859386263415217 2251464.9873772449791431 2251255.1073772450909019
76 5464768.6885987240821123 5464558.8085987241938710 2251464.9873772449791431 2251255.1073772450909019
77 5704035.7391508882865310 5703825.8591508883982897 2251464.9873772449791431 2251255.1073772450909019
78 4349806.2558921072632074 4349596.3758921073749661 2251464.9873772449791431 2251255.1073772450909019
79 6811754.8798188772052526 6811544.9998188773170114 2251464.9873772449791431 2251255.1073772450909019
80 5018393.6413744334131479 5018183.7613744335249066 2251464.9873772449791431 2251255.1073772450909019
81 3079805.9053509514778852 3079596.0253509515896440 2251464.9873772449791431 2251255.1073772450909019
82 2719958.7559048840776086 2719748.8759048841893673 2251464.9873772449791431 2251255.1073772450909019
83 3526369.4176435032859445 3526159.5376435033977032 2251464.9873772449791431 2251255.1073772450909019
84 5293594.0947137596085668 5293384.2147137597203255 2251464.9873772449791431 2251255.1073772450909019
85 3033056.2289372715167701 3032846.3489372716285288 2251464.9873772449791431 2251255.1073772450909019
86 5293222.5809732070192695 5293012.7009732071310282 2251464.9873772449791431 2251255.1073772450909019
87 4193397.0933172120712698 4193187.2133172121830285 2251464.9873772449791431 2251255.1073772450909019
88 6518589.5174503065645695 6518379.6374503066763282 2251464.9873772449791431 2251255.1073772450909019
89 2368496.0719415303319693 2368286.1919415304437280 2251464.9873772449791431 2251255.1073772450909019
90 3584841.4335119742900133 3584631.5535119744017720 2251464.9873772449791431 2251255.1073772450909019
91 3443596.4754744004458189 3443386.5954744005575776 2251464.9873772449791431 2251255.1073772450909019
92 5266163.9617815110832453 5265954.0817815111950040 2251464.9873772449791431 2251255.1073772450909019
93 6146050.2412676410749555 6145840.3612676411867142 2251464.9873772449791431 2251255.1073772450909019
94 2897792.9553998429328203 2897583.0753998430445790 2251464.9873772449791431 2251255.1073772450909019
95 3070552.9745724103413522 3070343.0945724104531109 2251464.9873772449791431 2251255.1073772450909019
96 6755202.7516337092965841 6754992.8716337094083428 2251464.9873772449791431 2251255.1073772450909019
97 3244517.8947231466881931 3244308.0147231467999518 2251464.9873772449791431 2251255.1073772450909019
98 2978148.2903712997213006 2977938.4103712998330593 2251464.9873772449791431 2251255.1073772450909019
99 3051758.2072571646422148 3051548.3272571647539735 2251464.9873772449791431 2251255.1073772450909019
100 2436981.5536297862417996 2436771.6736297863535583 2251464.9873772449791431 2251255.1073772450909019
101 2819006.7553301122970879 2818796.8753301124088466 2251464.9873772449791431 2251255.1073772450909019
102 2579793.4700649091973901 2579583.5900649093091488 2251464.9873772449791431 2251255.1073772450909019
103 6405384.2203710041940212 6405174.3403710043057799 2251464.9873772449791431 2251255.1073772450909019
104 2575443.6461717020720243 2575233.7661717021837831 2251464.9873772449791431 2251255.1073772450909019
105 2976741.3808246031403542 2976531.5008246032521129 2251464.9873772449791431 2251255.1073772450909019
106 6914819.7925504567101598 6914609.9125504568219185 2251464.9873772449791431 2251255.1073772450909019
107 6658870.1553505249321461 6658660.2753505250439048 2251464.9873772449791431 2251255.1073772450909019
108 3932060.2680784864351153 3931850.3880784865468740 2251464.9873772449791431 2251255.1073772450909019
109 6383434.6770026050508022 6383224.7970026051625609 2251464.9873772449791431 2251255.1073772450909019
110 4534151.7262151557952166 4533941.8462151559069753 2251464.9873772449791431 2251255.1073772450909019
111 3685981.3201421899721026 3685771.4401421900838614 2251464.9873772449791431 2251255.1073772450909019
112 2420687.8174678436480463 2420477.9374678437598050 2251464.9873772449791431 2251255.1073772450909019
113 5315291.4028203161433339 5315081.5228203162550926 2251464.9873772449791431 2251255.1073772450909019
114 3287183.4097305173054338 3286973.5297305174171925 2251464.9873772449791431 2251255.1073772450909019
115 2305741.3921462995931506 2305531.5121462997049093 2251464.9873772449791431 2251255.1073772450909019
116 2748757.1904439916834235 2748547.3104439917951822 2251464.9873772449791431 2251255.1073772450909019
117 2940847.6227802918292582 2940637.7427802919410169 2251464.9873772449791431 2251255.1073772450909019
118 5034272.0681886514648795 5034062.1881886515766382 2251464.9873772449791431 2251255.1073772450909019
119 5570378.7296494226902723 5570168.8496494228020310 2251464.9873772449791431 2251255.1073772450909019
120 2520778.0816900846548378 2520568.2016900847665966 2251464.9873772449791431 2251255.1073772450909019
121 3079109.1285037496127188 3078899.2485037497244775 2251464.9873772449791431 2251255.1073772450909019
122 3562332.2808465808629990 3562122.4008465809747577 2251464.9873772449791431 2251255.1073772450909019
123 2560834.7938887029886246 2560624.9138887031003833 2251464.9873772449791431 2251255.1073772450909019
124 3593260.3028716738335788 3593050.4228716739453375 2251464.9873772449791431 2251255.1073772450909019
125 2532047.0422114375978708 2531837.1622114377096295 2251464.9873772449791431 2251255.1073772450909019
126 3132545.4745471025817096 3132335.5945471026934683 2251464.9873772449791431 2251255.1073772450909019
127 3203577.9792123408988118 3203368.0992123410105705 2251464.9873772449791431 2251255.1073772450909019
128 2705504.9291166872717440 2705295.0491166873835027 2251464.9873772449791431 2251255.1073772450909019
129 2392973.6956089176237583 2392763.8156089177355170 2251464.9873772449791431 2251255.1073772450909019
130 2427099.2377480929717422 2426889.3577480930835009 2251464.9873772449791431 2251255.1073772450909019
131 6336021.4547077240422368 6335811.5747077241539955 2251464.9873772449791431 2251255.1073772450909019
132 4523922.9859408494085073 4523713.1059408495202661 2251464.9873772449791431 2251255.1073772450909019
133 2360095.7017411049455404 2359885.8217411050572991 2251464.9873772449791431 2251255.1073772450909019
134 2356038.3935509943403304 2355828.5135509944520891 2251464.9873772449791431 2251255.1073772450909019
135 2572654.5918089668266475 2572444.7118089669384062 2251464.9873772449791431 2251255.1073772450909019
136 2329197.4761878466233611 2328987.5961878467351198 2251464.9873772449791431 2251255.1073772450909019
137 4386144.5134941926226020 4385934.6334941927343607 2251464.9873772449791431 2251255.1073772450909019
138 3084908.4198908405378461 3084698.5398908406496048 2251464.9873772449791431 2251255.1073772450909019
139 2468462.8956153094768524 2468253.0156153095886111 2251464.9873772449791431 2251255.1073772450909019
140 3215333.6816463256254792 3215123.8016463257372379 2251464.9873772449791431 2251255.1073772450909019
141 2765144.7183642899617553 2764934.8383642900735140 2251464.9873772449791431 2251255.1073772450909019
142 2807234.7024984010495245 2807024.8224984011612833 2251464.9873772449791431 2251255.1073772450909019
143 2890583.4828168409876525 2890373.6028168410994112 2251464.9873772449791431 2251255.1073772450909019
144 3087371.8605038211680949 3087161.9805038212798536 2251464.9873772449791431 2251255.1073772450909019
145 6228779.7595753772184253 6228569.8795753773301840 2251464.9873772449791431 2251255.1073772450909019
146 3507816.9621760332956910 3507607.0821760334074497 2251464.9873772449791431 2251255.1073772450909019
147 5015375.2973527768626809 5015165.4173527769744396 2251464.9873772449791431 2251255.1073772450909019
148 3349142.0017398251220584 3348932.1217398252338171 2251464.9873772449791431 2251255.1073772450909019
149 3952015.4242872428148985 3951805.5442872429266572 2251464.9873772449791431 2251255.1073772450909019
150 4743387.2091794675216079 4743177.3291794676333666 2251464.9873772449791431 2251255.1073772450909019
151 2298268.1620033150538802 2298058.2820033151656389 2251464.9873772449791431 2251255.1073772450909019
152 5062382.7406495781615376 5062172.8606495782732964 2251464.9873772449791431 2251255.1073772450909019
153 2403020.8488858225755394 2402810.9688858226872981 2251464.9873772449791431 2251255.1073772450909019
154 2824351.0394320930354297 2824141.1594320931471884 2251464.9873772449791431 2251255.1073772450909019
155 2580598.3500690828077495 2580388.4700690829195082 2251464.9873772449791431 2251255.1073772450909019
156 3046123.3489816882647574 3045913.4689816883765161 2251464.9873772449791431 2251255.1073772450909019
157 4146673.1482123383320868 4146463.2682123384438455 2251464.9873772449791431 2251255.1073772450909019
158 2343343.4677944406867027 2343133.5877944407984614 2251464.9873772449791431 2251255.1073772450909019
159 2703318.6204042485915124 2703108.7404042487032712 2251464.9873772449791431 2251255.1073772450909019
160 4318063.5165274227038026 4317853.6365274228155613 2251464.9873772449791431 2251255.1073772450909019
161 3191216.4067670074291527 3191006.5267670075409114 2251464.9873772449791431 2251255.1073772450909019
162 2404070.6712209531106055 2403860.7912209532223642 2251464.9873772449791431 2251255.1073772450909019
163 2493686.7531507690437138 2493476.8731507691554725 2251464.9873772449791431 2251255.1073772450909019
164 6575597.0347931096330285 6575387.1547931097447872 2251464.9873772449791431 2251255.1073772450909019
165 3261771.6148067419417202 3261561.7348067420534790 2251464.9873772449791431 2251255.1073772450909019
166 4629320.5608965288847685 4629110.6808965289965272 2251464.9873772449791431 2251255.1073772450909019
167 2918873.9665895448997617 2918664.0865895450115204 2251464.9873772449791431 2251255.1073772450909019
168 5716347.3560693971812725 5716137.4760693972930312 2251464.9873772449791431 2251255.1073772450909019
169 4996444.1218057917430997 4996234.2418057918548584 2251464.9873772449791431 2251255.1073772450909019
170 2544336.8995540966279805 2544127.0195540967397392 2251464.9873772449791431 2251255.1073772450909019
171 6329378.7609792007133365 6329168.8809792008250952 2251464.9873772449791431 2251255.1073772450909019
172 7473962.7717680102214217 7473752.8917680103331804 2251464.9873772449791431 2251255.1073772450909019
173 2413971.1770866005681455 2413761.2970866006799042 2251464.9873772449791431 2251255.1073772450909019
174 2889572.5790217579342425 2889362.6990217580460012 2251464.9873772449791431 2251255.1073772450909019
175 3260832.4068867787718773 3260622.5268867788836360 2251464.9873772449791431 2251255.1073772450909019
176 2339419.8471285863779485 2339209.9671285864897072 2251464.9873772449791431 2251255.1073772450909019
177 4702048.7667670259252191 4701838.8867670260369778 2251464.9873772449791431 2251255.1073772450909019
178 4079504.8687406037934124 4079294.9887406039051712 2251464.9873772449791431 2251255.1073772450909019
179 2436745.7533479593694210 2436535.8733479594811797 2251464.9873772449791431 2251255.1073772450909019
180 2741553.6085819923318923 2741343.7285819924436510 2251464.9873772449791431 2251255.1073772450909019
181 2840384.6046745651401579 2840174.7246745652519166 2251464.9873772449791431 2251255.1073772450909019
182 4742465.0070090908557177 4742255.1270090909674764 2251464.9873772449791431 2251255.1073772450909019
183 3306682.2833892237395048 3306472.4033892238512635 2251464.9873772449791431 2251255.1073772450909019
184 3044364.6709253150038421 3044154.7909253151156008 2251464.9873772449791431 2251255.1073772450909019
185 2662458.5136834224686027 2662248.6336834225803614 2251464.9873772449791431 2251255.1073772450909019
186 2598210.7896298961713910 2598000.9096298962831497 2251464.9873772449791431 2251255.1073772450909019
187 4993836.5355842942371964 4993626.6555842943489552 2251464.9873772449791431 2251255.1073772450909019
188 3359210.9262726218439639 3359001.0462726219557226 2251464.9873772449791431 2251255.1073772450909019
189 2989620.3395239273086190 2989410.4595239274203777 2251464.9873772449791431 2251255.1073772450909019
190 4119218.0943354861810803 4119008.2143354862928391 2251464.9873772449791431 2251255.1073772450909019
191 2344382.0929563716053963 2344172.2129563717171550 2251464.9873772449791431 2251255.1073772450909019
192 3986166.7468201862648129 3985956.8668201863765717 2251464.9873772449791431 2251255.1073772450909019
193 2817643.5682520004920661 2817433.6882520006038249 2251464.9873772449791431 2251255.1073772450909019
194 2761905.6891388115473092 2761695.8091388116590679 2251464.9873772449791431 2251255.1073772450909019
195 3516351.7888140203431249 3516141.9088140204548836 2251464.9873772449791431 2251255.1073772450909019
196 3456916.7357794321142137 3456706.8557794322259724 2251464.9873772449791431 2251255.1073772450909019
197 3868339.0470085251145065 3868129.1670085252262652 2251464.9873772449791431 2251255.1073772450909019
198 2658642.5690417070873082 2658432.6890417071990669 2251464.9873772449791431 2251255.1073772450909019
199 3052972.2304514562711120 3052762.3504514563828707 2251464.9873772449791431 2251255.1073772450909019
200 6791359.8727051950991154 6791149.9927051952108741 2251464.9873772449791431 2251255.1073772450909019
201 2881731.7273194091394544 2881521.8473194092512131 2251464.9873772449791431 2251255.1073772450909019
202 4073306.6155169205740094 4073096.7355169206857681 2251464.9873772449791431 2251255.1073772450909019
203 2496041.5427187881432474 2495831.6627187882550061 2251464.9873772449791431 2251255.1073772450909019
204 2306411.6827729200012982 2306201.8027729201130569 2251464.9873772449791431 2251255.1073772450909019
205 3461040.4226709604263306 3460830.5426709605380893 2251464.9873772449791431 2251255.1073772450909019
206 2644583.3374593611806631 2644373.4574593612924218 2251464.9873772449791431 2251255.1073772450909019
207 2298832.0964418882504106 2298622.2164418883621693 2251464.9873772449791431 2251255.1073772450909019
208 2322433.4107949608005583 2322223.5307949609123170 2251464.9873772449791431 2251255.1073772450909019
209 3178963.4243412041105330 3178753.5443412042222917 2251464.9873772449791431 2251255.1073772450909019
210 2967774.1903300578705966 2967564.3103300579823554 2251464.9873772449791431 2251255.1073772450909019
211 2359220.5236894492991269 2359010.6436894494108856 2251464.9873772449791431 2251255.1073772450909019
212 2466680.3267084117978811 2466470.4467084119096398 2251464.9873772449791431 2251255.1073772450909019
213 2904903.1242730566300452 2904693.2442730567418039 2251464.9873772449791431 2251255.1073772450909019
214 2621184.9445038046687841 2620975.0645038047805429 2251464.9873772449791431 2251255.1073772450909019
215 2380005.2228268305771053 2379795.3428268306888640 2251464.9873772449791431 2251255.1073772450909019
216 2303525.5350584504194558 2303315.6550584505312145 2251464.9873772449791431 2251255.1073772450909019
217 5503551.4005733197554946 5503341.5205733198672533 2251464.9873772449791431 2251255.1073772450909019
218 4163644.9470740784890950 4163435.0670740786008537 2251464.9873772449791431 2251255.1073772450909019
219 7743355.4664245322346687 7743145.5864245323464274 2251464.9873772449791431 2251255.1073772450909019
220 2306849.8000317374244332 2306639.9200317375361919 2251464.9873772449791431 2251255.1073772450909019
221 3202423.4000623016618192 3202213.5200623017735779 2251464.9873772449791431 2251255.1073772450909019
222 2711354.5433043884113431 2711144.6633043885231018 2251464.9873772449791431 2251255.1073772450909019
223 2334985.4210343025624752 2334775.5410343026742339 2251464.9873772449791431 2251255.1073772450909019
224 2508260.4568965970538557 2508050.5768965971656144 2251464.9873772449791431 2251255.1073772450909019
225 5951790.4158252906054258 5951580.5358252907171845 2251464.9873772449791431 2251255.1073772450909019
226 2989786.8757452475838363 2989576.9957452476955950 2251464.9873772449791431 2251255.1073772450909019
227 2388686.7565663969144225 2388476.8765663970261812 2251464.9873772449791431 2251255.1073772450909019
228 2625972.1873790123499930 2625762.3073790124617517 2251464.9873772449791431 2251255.1073772450909019
229 2800802.6539525971747935 2800592.7739525972865522 2251464.9873772449791431 2251255.1073772450909019
230 2497699.1291910153813660 2497489.2491910154931247 2251464.9873772449791431 2251255.1073772450909019
231 2536893.8413617056794465 2536683.9613617057912052 2251464.9873772449791431 2251255.1073772450909019
232 5706207.7612358070909977 5705997.8812358072027564 2251464.9873772449791431 2251255.1073772450909019
233 5765784.1477100085467100 5765574.2677100086584687 2251464.9873772449791431 2251255.1073772450909019
234 3854463.5039517702534795 3854253.6239517703652382 2251464.9873772449791431 2251255.1073772450909019
235 2298520.2116511967033148 2298310.3316511968150735 2251464.9873772449791431 2251255.1073772450909019
236 4943658.7717543728649616 4943448.8917543729767203 2251464.9873772449791431 2251255.1073772450909019
237 2346134.6364558250643313 2345924.7564558251760900 2251464.9873772449791431 2251255.1073772450909019
238 3937562.6961758411489427 3937352.8161758412607014 2251464.9873772449791431 2251255.1073772450909019
239 2361410.3807275486178696 2361200.5007275487296283 2251464.9873772449791431 2251255.1073772450909019
240 2560778.7273401310667396 2560568.8473401311784983 2251464.9873772449791431 2251255.1073772450909019
241 2332806.7867989456281066 2332596.9067989457398653 2251464.9873772449791431 2251255.1073772450909019
242 2332524.8263277285732329 2332314.9463277286849916 2251464.9873772449791431 2251255.1073772450909019
243 2497410.3476792220026255 2497200.4676792221143842 2251464.9873772449791431 2251255.1073772450909019
244 2394070.2925949352793396 2393860.4125949353910983 2251464.9873772449791431 2251255.1073772450909019
245 2810648.7556388350203633 2810438.8756388351321220 2251464.9873772449791431 2251255.1073772450909019
246 3250558.3766057887114584 3250348.4966057888232172 2251464.9873772449791431 2251255.1073772450909019
247 3218012.6102890144102275 3217802.7302890145219862 2251464.9873772449791431 2251255.1073772450909019
248 3274770.8822075352072716 3274561.0022075353190303 2251464.9873772449791431 2251255.1073772450909019
249 5087783.2417671149596572 5087573.3617671150714159 2251464.9873772449791431 2251255.1073772450909019
250 3574867.3144915504381061 3574657.4344915505498648 2251464.9873772449791431 2251255.1073772450909019
251 3930382.7119911308400333 3930172.8319911309517920 2251464.9873772449791431 2251255.1073772450909019
252 2509396.0273969909176230 2509186.1473969910293818 2251464.9873772449791431 2251255.1073772450909019
253 2895411.2768206228502095 2895201.3968206229619682 2251464.9873772449791431 2251255.1073772450909019
254 2299638.0078286784701049 2299428.1278286785818636 2251464.9873772449791431 2251255.1073772450909019
255 2906437.3353611673228443 2906227.4553611674346030 2251464.9873772449791431 2251255.1073772450909019
256 4673454.9185385061427951 4673245.0385385062545538 2251464.9873772449791431 2251255.1073772450909019
257 2343116.6080377763137221 2342906.7280377764254808 2251464.9873772449791431 2251255.1073772450909019
258 2559421.4751969305798411 2559211.5951969306915998 2251464.9873772449791431 2251255.1073772450909019
259 2448883.9348034355789423 2448674.0548034356907010 2251464.9873772449791431 2251255.1073772450909019
260 2296626.5719445045106113 2296416.6919445046223700 2251464.9873772449791431 2251255.1073772450909019
261 2422914.3054357594810426 2422704.4254357595928013 2251464.9873772449791431 2251255.1073772450909019
262 2489164.4962742412462831 2488954.6162742413580418 2251464.9873772449791431 2251255.1073772450909019
263 3794916.6093731978908181 3794706.7293731980025768 2251464.9873772449791431 2251255.1073772450909019
264 3001632.4227929017506540 3001422.5427929018624127 2251464.9873772449791431 2251255.1073772450909019
265 2679040.0672785402275622 2678830.1872785403393209 2251464.9873772449791431 2251255.1073772450909019
266 2729843.4242566679604352 2729633.5442566680721939 2251464.9873772449791431 2251255.1073772450909019
267 4842838.0900223031640053 4842628.2100223032757640 2251464.9873772449791431 2251255.1073772450909019
268 2333871.0640331674367189 2333661.1840331675484776 2251464.9873772449791431 2251255.1073772450909019
269 2646126.9513989975675941 2645917.0713989976793528 2251464.9873772449791431 2251255.1073772450909019
270 2450322.9315927918069065 2450113.0515927919186652 2251464.9873772449791431 2251255.1073772450909019
271 2404675.2043845336884260 2404465.3243845338001847 2251464.9873772449791431 2251255.1073772450909019
272 2764401.4603407243266702 2764191.5803407244384289 2251464.9873772449791431 2251255.1073772450909019
273 3157521.5828199824318290 3157311.7028199825435877 2251464.9873772449791431 2251255.1073772450909019
274 2330458.9972024564631283 2330249.1172024565748870 2251464.9873772449791431 2251255.1073772450909019
275 2451152.3352742334827781 2450942.4552742335945368 2251464.9873772449791431 2251255.1073772450909019
276 2857613.5491298944689333 2857403.6691298945806921 2251464.9873772449791431 2251255.1073772450909019
277 2780272.3619933892041445 2780062.4819933893159032 2251464.9873772449791431 2251255.1073772450909019
278 3353050.5339524252340198 3352840.6539524253457785 2251464.9873772449791431 2251255.1073772450909019
279 2309761.7542164926417172 2309551.8742164927534759 2251464.9873772449791431 2251255.1073772450909019
280 2424789.7919453335925937 2424579.9119453337043524 2251464.9873772449791431 2251255.1073772450909019
281 8514279.7301868535578251 8514069.8501868527382612 2251464.9873772449791431 2251255.1073772450909019
282 3644908.7019989080727100 3644698.8219989081844687 2251464.9873772449791431 2251255.1073772450909019
283 2426784.9508992740884423 2426575.0708992742002010 2251464.9873772449791431 2251255.1073772450909019
284 5183255.3758242176845670 5183045.4958242177963257 2251464.9873772449791431 2251255.1073772450909019
285 3738970.9734590011648834 3738761.0934590012766421 2251464.9873772449791431 2251255.1073772450909019
286 5027213.1319470303133130 5027003.2519470304250717 2251464.9873772449791431 2251255.1073772450909019
287 2298591.4826256241649389 2298381.6026256242766976 2251464.9873772449791431 2251255.1073772450909019
288 2300699.6497745942324400 2300489.7697745943441987 2251464.9873772449791431 2251255.1073772450909019
289 2313351.7220698930323124 2313141.8420698931440711 2251464.9873772449791431 2251255.1073772450909019
290 3117586.3284817226231098 3117376.4484817227348685 2251464.9873772449791431 2251255.1073772450909019
291 2774359.2900432064197958 2774149.4100432065315545 2251464.9873772449791431 2251255.1073772450909019
292 7255430.1146935103461146 7255220.2346935104578733 2251464.9873772449791431 2251255.1073772450909019
293 2352142.2999530420638621 2351932.4199530421756208 2251464.9873772449791431 2251255.1073772450909019
294 2333019.0157860298641026 2332809.1357860299758613 2251464.9873772449791431 2251255.1073772450909019
295 4201122.8809244213625789 4200913.0009244214743376 2251464.9873772449791431 2251255.1073772450909019
296 4001526.0195388710126281 4001316.1395388711243868 2251464.9873772449791431 2251255.1073772450909019
297 3085734.4870979450643063 3085524.6070979451760650 2251464.9873772449791431 2251255.1073772450909019
298 2372555.3320804177783430 2372345.4520804178901017 2251464.9873772449791431 2251255.1073772450909019
299 2345349.9416699060238898 2345140.0616699061356485 2251464.9873772449791431 2251255.1073772450909019
300 3877602.7409578771330416 3877392.8609578772448003 2251464.9873772449791431 2251255.1073772450909019
301 2596744.7339254664257169 2596534.8539254665374756 2251464.9873772449791431 2251255.1073772450909019
302 2381163.0687726992182434 2380953.1887726993300021 2251464.9873772449791431 2251255.1073772450909019
303 3780958.7209074562415481 3780748.8409074563533068 2251464.9873772449791431 2251255.1073772450909019
304 3031460.0476860497146845 3031250.1676860498264432 2251464.9873772449791431 2251255.1073772450909019
305 3865186.3370554689317942 3864976.4570554690435529 2251464.9873772449791431 2251255.1073772450909019
306 2899008.3290730519220233 2898798.4490730520337820 2251464.9873772449791431 2251255.1073772450909019
307 3016592.0241588070057333 3016382.1441588071174920 2251464.9873772449791431 2251255.1073772450909019
308 6623451.0206477977335453 6623241.1406477978453040 2251464.9873772449791431 2251255.1073772450909019
309 2329211.6382553023286164 2329001.7582553024403751 2251464.9873772449791431 2251255.1073772450909019
310 2293453.6132598659023643 2293243.7332598660141230 2251464.9873772449791431 2251255.1073772450909019
311 4045646.6434404272586107 4045436.7634404273703694 2251464.9873772449791431 2251255.1073772450909019
312 2294332.8027725322172046 2294122.9227725323289633 2251464.9873772449791431 2251255.1073772450909019
313 3803222.4558227211236954 3803012.5758227212354541 2251464.9873772449791431 2251255.1073772450909019
314 3362353.3737815907225013 3362143.4937815908342600 2251464.9873772449791431 2251255.1073772450909019
315 4500376.5183376744389534 4500166.6383376745507121 2251464.9873772449791431 2251255.1073772450909019
316 2581205.3213133141398430 2580995.4413133142516017 2251464.9873772449791431 2251255.1073772450909019
317 2708715.9681864534504712 2708506.0881864535622299 2251464.9873772449791431 2251255.1073772450909019
318 2318569.5534983454272151 2318359.6734983455389738 2251464.9873772449791431 2251255.1073772450909019
319 2671748.9380045570433140 2671539.0580045571550727 2251464.9873772449791431 2251255.1073772450909019
320 3308059.5584307909011841 3307849.6784307910129428 2251464.9873772449791431 2251255.1073772450909019
321 2397007.5425336789339781 2396797.6625336790457368 2251464.9873772449791431 2251255.1073772450909019
322 2467811.1759639512747526 2467601.2959639513865113 2251464.9873772449791431 2251255.1073772450909019
323 3466908.7246381570585072 3466698.8446381571702659 2251464.9873772449791431 2251255.1073772450909019
324 3491606.9798318021930754 3491397.0998318023048341 2251464.9873772449791431 2251255.1073772450909019
325 2716583.4970396501012146 2716373.6170396502129734 2251464.9873772449791431 2251255.1073772450909019
326 2764443.1643976056948304 2764233.2843976058065891 2251464.9873772449791431 2251255.1073772450909019
327 6126566.4921837309375405 6126356.6121837310492992 2251464.9873772449791431 2251255.1073772450909019
328 3415292.6191346673294902 3415082.7391346674412489 2251464.9873772449791431 2251255.1073772450909019
329 3048255.6402696166187525 3048045.7602696167305112 2251464.9873772449791431 2251255.1073772450909019
330 2301768.7027590544894338 2301558.8227590546011925 2251464.9873772449791431 2251255.1073772450909019
331 2381207.1633627549745142 2380997.2833627550862730 2251464.9873772449791431 2251255.1073772450909019
332 3408263.1074446476995945 3408053.2274446478113532 2251464.9873772449791431 2251255.1073772450909019
333 2322739.9587770849466324 2322530.0787770850583911 2251464.9873772449791431 2251255.1073772450909019
334 2291337.5493662427179515 2291127.6693662428297102 2251464.9873772449791431 2251255.1073772450909019
335 2314238.1195295597426593 2314028.2395295598544180 2251464.9873772449791431 2251255.1073772450909019
336 2575679.0340711064636707 2575469.1540711065754294 2251464.9873772449791431 2251255.1073772450909019
337 2294707.5960004655644298 2294497.7160004656761885 2251464.9873772449791431 2251255.1073772450909019
338 4241862.3822157066315413 4241652.5022157067433000 2251464.9873772449791431 2251255.1073772450909019
339 2425114.1869350895285606 2424904.3069350896403193 2251464.9873772449791431 2251255.1073772450909019
340 3075364.0222900351509452 3075154.1422900352627039 2251464.9873772449791431 2251255.1073772450909019
341 4574872.8274679454043508 4574662.9474679455161095 2251464.9873772449791431 2251255.1073772450909019
342 5425954.1515243705362082 5425744.2715243706479669 2251464.9873772449791431 2251255.1073772450909019
343 2351002.0807803468778729 2350792.2007803469896317 2251464.9873772449791431 2251255.1073772450909019
344 7009896.6683000782504678 7009686.7883000783622265 2251464.9873772449791431 2251255.1073772450909019
345 2316634.0498681790195405 2316424.1698681791312993 2251464.9873772449791431 2251255.1073772450909019
346 2611494.1022897274233401 2611284.2222897275350988 2251464.9873772449791431 2251255.1073772450909019
347 2397277.7828904902562499 2397067.9028904903680086 2251464.9873772449791431 2251255.1073772450909019
348 2316109.9589328174479306 2315900.0789328175596893 2251464.9873772449791431 2251255.1073772450909019
349 3031587.3670596731826663 3031377.4870596732944250 2251464.9873772449791431 2251255.1073772450909019
350 2634411.5349206184037030 2634201.6549206185154617 2251464.9873772449791431 2251255.1073772450909019
351 2493685.2596657439135015 2493475.3796657440252602 2251464.9873772449791431 2251255.1073772450909019
352 2532485.5353097012266517 2532275.6553097013384104 2251464.9873772449791431 2251255.1073772450909019
353 5683768.1740349661558867 5683558.2940349662676454 2251464.9873772449791431 2251255.1073772450909019
354 2575731.7544321804307401 2575521.8744321805424988 2251464.9873772449791431 2251255.1073772450909019
355 2452508.3688519666902721 2452298.4888519668020308 2251464.9873772449791431 2251255.1073772450909019
356 2304159.6155718690715730 2303949.7355718691833317 2251464.9873772449791431 2251255.1073772450909019
357 2584649.8326618252322078 2584439.9526618253439665 2251464.9873772449791431 2251255.1073772450909019
358 5262724.9693049788475037 5262515.0893049789592624 2251464.9873772449791431 2251255.1073772450909019
359 2657704.7437904425896704 2657494.8637904427014291 2251464.9873772449791431 2251255.1073772450909019
360 2472578.7358001247048378 2472368.8558001248165965 2251464.9873772449791431 2251255.1073772450909019
361 2324714.3736281292513013 2324504.4936281293630600 2251464.9873772449791431 2251255.1073772450909019
362 3096066.8987335353158414 3095857.0187335354276001 2251464.9873772449791431 2251255.1073772450909019
363 2324684.9540844624862075 2324475.0740844625979662 2251464.9873772449791431 2251255.1073772450909019
364 5596377.9824865898117423 5596168.1024865899235010 2251464.9873772449791431 2251255.1073772450909019
365 2772475.4958631056360900 2772265.6158631057478487 2251464.9873772449791431 2251255.1073772450909019
366 2349905.9759662048891187 2349696.0959662050008774 2251464.9873772449791431 2251255.1073772450909019
367 2928531.3988526836037636 2928321.5188526837155223 2251464.9873772449791431 2251255.1073772450909019
368 2729903.8649621033109725 2729693.9849621034227312 2251464.9873772449791431 2251255.1073772450909019
369 3880329.5257164412178099 3880119.6457164413295686 2251464.9873772449791431 2251255.1073772450909019
370 2582007.1366883325390518 2581797.2566883326508105 2251464.9873772449791431 2251255.1073772450909019
371 2710205.0340036191046238 2709995.1540036192163825 2251464.9873772449791431 2251255.1073772450909019
372 2837634.8298646076582372 2837424.9498646077699959 2251464.9873772449791431 2251255.1073772450909019
373 3844358.7808514703065157 3844148.9008514704182744 2251464.9873772449791431 2251255.1073772450909019
374 2296985.6414405396208167 2296775.7614405397325754 2251464.9873772449791431 2251255.1073772450909019
375 2453397.2873834981583059 2453187.4073834982700646 2251464.9873772449791431 2251255.1073772450909019
376 3206037.8189468448981643 3205827.9389468450099230 2251464.9873772449791431 2251255.1073772450909019
377 5690467.9986911052837968 5690258.1186911053955555 2251464.9873772449791431 2251255.1073772450909019
378 3112055.2902547903358936 3111845.4102547904476523 2251464.9873772449791431 2251255.1073772450909019
379 2986856.1110660382546484 2986646.2310660383664072 2251464.9873772449791431 2251255.1073772450909019
380 2641460.8038339293561876 2641250.9238339294679463 2251464.9873772449791431 2251255.1073772450909019
381 3004576.7002914175391197 3004366.8202914176508784 2251464.9873772449791431 2251255.1073772450909019
382 2640951.9488344844430685 2640742.0688344845548272 2251464.9873772449791431 2251255.1073772450909019
383 4767348.6219145450741053 4767138.7419145451858640 2251464.9873772449791431 2251255.1073772450909019
384 2509788.1913485219702125 2509578.3113485220819712 2251464.9873772449791431 2251255.1073772450909019
385 2893119.5760135524906218 2892909.6960135526023805 2251464.9873772449791431 2251255.1073772450909019
386 2510565.0452755587175488 2510355.1652755588293076 2251464.9873772449791431 2251255.1073772450909019
387 2366880.9870412298478186 2366671.1070412299595773 2251464.9873772449791431 2251255.1073772450909019
388 3671383.4117601779289544 3671173.5317601780407131 2251464.9873772449791431 2251255.1073772450909019
389 3239846.4317535534501076 3239636.5517535535618663 2251464.9873772449791431 2251255.1073772450909019
390 2292894.2899511056020856 2292684.4099511057138443 2251464.9873772449791431 2251255.1073772450909019
391 2894737.6127609983086586 2894527.7327609984204173 2251464.9873772449791431 2251255.1073772450909019
392 2335639.1340288892388344 2335429.2540288893505931 2251464.9873772449791431 2251255.1073772450909019
393 6945509.5650999303907156 6945299.6850999305024743 2251464.9873772449791431 2251255.1073772450909019
394 2291501.1354463417083025 2291291.2554463418200612 2251464.9873772449791431 2251255.1073772450909019
395 3134219.5260211396962404 3134009.6460211398079991 2251464.9873772449791431 2251255.1073772450909019
396 2650397.6725656273774803 2650187.7925656274892390 2251464.9873772449791431 2251255.1073772450909019
397 4858328.3481801124289632 4858118.4681801125407219 2251464.9873772449791431 2251255.1073772450909019
398 2352041.9488258198834956 2351832.0688258199952543 2251464.9873772449791431 2251255.1073772450909019
399 2409447.4870223077014089 2409237.6070223078131676 2251464.9873772449791431 2251255.1073772450909019
400 2337620.1157713541761041 2337410.2357713542878628 2251464.9873772449791431 2251255.1073772450909019
401 2794933.3623442705720663 2794723.4823442706838250 2251464.9873772449791431 2251255.1073772450909019
402 2521936.6010872772894800 2521726.7210872774012387 2251464.9873772449791431 2251255.1073772450909019
403 2641437.2967270798981190 2641227.4167270800098777 2251464.9873772449791431 2251255.1073772450909019
404 5061228.5317901922389865 5061018.6517901923507452 2251464.9873772449791431 2251255.1073772450909019
405 2294557.6408790233545005 2294347.7608790234662592 2251464.9873772449791431 2251255.1073772450909019
406 2882873.7770948070101440 2882663.8970948071219027 2251464.9873772449791431 2251255.1073772450909019
407 2321235.3986542518250644 2321025.5186542519368231 2251464.9873772449791431 2251255.1073772450909019
408 4841672.3241656087338924 4841462.4441656088456511 2251464.9873772449791431 2251255.1073772450909019
409 3213345.6114810397848487 3213135.7314810398966074 2251464.9873772449791431 2251255.1073772450909019
410 2317972.1403726101852953 2317762.2603726102970541 2251464.9873772449791431 2251255.1073772450909019
411 2303352.4380869744345546 2303142.5580869745463133 2251464.9873772449791431 2251255.1073772450909019
412 2554512.8965631090104580 2554303.0165631091222167 2251464.9873772449791431 2251255.1073772450909019
413 2296715.9679805156774819 2296506.0879805157892406 2251464.9873772449791431 2251255.1073772450909019
414 2289980.0481531922705472 2289770.1681531923823059 2251464.9873772449791431 2251255.1073772450909019
415 2358667.3484269874170423 2358457.4684269875288010 2251464.9873772449791431 2251255.1073772450909019
416 4306052.5326073449105024 4305842.6526073450222611 2251464.9873772449791431 2251255.1073772450909019
417 2585171.5962616782635450 2584961.7162616783753037 2251464.9873772449791431 2251255.1073772450909019
418 2290312.2014253498055041 2290102.3214253499172628 2251464.9873772449791431 2251255.1073772450909019
419 2317107.9585735886357725 2316898.0785735887475312 2251464.9873772449791431 2251255.1073772450909019
420 2315010.5969340978190303 2314800.7169340979307890 2251464.9873772449791431 2251255.1073772450909019
421 3593427.7989426264539361 3593217.9189426265656948 2251464.9873772449791431 2251255.1073772450909019
422 2305908.2445020833984017 2305698.3645020835101604 2251464.9873772449791431 2251255.1073772450909019
423 2316826.5084701767191291 2316616.6284701768308878 2251464.9873772449791431 2251255.1073772450909019
424 2316718.9379919995553792 2316509.0579919996671379 2251464.9873772449791431 2251255.1073772450909019
425 2298618.4721640022471547 2298408.5921640023589134 2251464.9873772449791431 2251255.1073772450909019
426 2287293.2776387990452349 2287083.3976387991569936 2251464.9873772449791431 2251255.1073772450909019
427 3518029.4324005232192576 3517819.5524005233310163 2251464.9873772449791431 2251255.1073772450909019
428 4278940.2254374101758003 4278730.3454374102875590 2251464.9873772449791431 2251255.1073772450909019
429 2377777.1979941893368959 2377567.3179941894486547 2251464.9873772449791431 2251255.1073772450909019
430 5048383.2762401122599840 5048173.3962401123717427 2251464.9873772449791431 2251255.1073772450909019
431 3467447.0806854944676161 3467237.2006854945793748 2251464.9873772449791431 2251255.1073772450909019
432 2436202.2254711231216788 2435992.3454711232334375 2251464.9873772449791431 2251255.1073772450909019
433 2307930.0429917564615607 2307720.1629917565733194 2251464.9873772449791431 2251255.1073772450909019
434 2289987.6362188975326717 2289777.7562188976444304 2251464.9873772449791431 2251255.1073772450909019
435 2388839.5132106742821634 2388629.6332106743939221 2251464.9873772449791431 2251255.1073772450909019
436 2294483.3526486959308386 2294273.4726486960425973 2251464.9873772449791431 2251255.1073772450909019
437 2517348.0205677901394665 2517138.1405677902512252 2251464.9873772449791431 2251255.1073772450909019
438 4469590.0080021601170301 4469380.1280021602287889 2251464.9873772449791431 2251255.1073772450909019
439 2379611.0165443108417094 2379401.1365443109534681 2251464.9873772449791431 2251255.1073772450909019
440 2418722.1200688648968935 2418512.2400688650086522 2251464.9873772449791431 2251255.1073772450909019
441 2317360.7192713939584792 2317150.8392713940702379 2251464.9873772449791431 2251255.1073772450909019
442 2723592.4617653922177851 2723382.5817653923295438 2251464.9873772449791431 2251255.1073772450909019
443 2305809.1980088143609464 2305599.3180088144727051 2251464.9873772449791431 2251255.1073772450909019
444 2287016.2644109991379082 2286806.3844109992496669 2251464.9873772449791431 2251255.1073772450909019
445 2313880.5589589108712971 2313670.6789589109830558 2251464.9873772449791431 2251255.1073772450909019
446 2308221.6483076363801956 2308011.7683076364919543 2251464.9873772449791431 2251255.1073772450909019
447 2310230.0950286230072379 2310020.2150286231189966 2251464.9873772449791431 2251255.1073772450909019
448 2286494.9218963561579585 2286285.0418963562697172 2251464.9873772449791431 2251255.1073772450909019
449 2292955.7853866401128471 2292745.9053866402246058 2251464.9873772449791431 2251255.1073772450909019
450 3767905.0104504884220660 3767695.1304504885338247 2251464.9873772449791431 2251255.1073772450909019
451 2307097.9139064927585423 2306888.0339064928703010 2251464.9873772449791431 2251255.1073772450909019
452 3036151.9716354571282864 3035942.0916354572400451 2251464.9873772449791431 2251255.1073772450909019
453 2289014.8468167316168547 2288804.9668167317286134 2251464.9873772449791431 2251255.1073772450909019
454 2296621.0077445800416172 2296411.1277445801533759 2251464.9873772449791431 2251255.1073772450909019
455 3286817.1671218900009990 3286607.2871218901127577 2251464.9873772449791431 2251255.1073772450909019
456 2450084.4285953654907644 2449874.5485953656025231 2251464.9873772449791431 2251255.1073772450909019
457 2356770.9789917184971273 2356561.0989917186088860 2251464.9873772449791431 2251255.1073772450909019
458 2307784.5249584107659757 2307574.6449584108777344 2251464.9873772449791431 2251255.1073772450909019
459 3950593.8425076161511242 3950383.9625076162628829 2251464.9873772449791431 2251255.1073772450909019
460 3023959.8098453781567514 3023749.9298453782685101 2251464.9873772449791431 2251255.1073772450909019
461 5883914.4174775825813413 5883704.5374775826931000 2251464.9873772449791431 2251255.1073772450909019
462 2348238.8688305169343948 2348028.9888305170461535 2251464.9873772449791431 2251255.1073772450909019
463 2537490.0647438834421337 2537280.1847438835538924 2251464.9873772449791431 2251255.1073772450909019
464 4416471.9970679087564349 4416262.1170679088681936 2251464.9873772449791431 2251255.1073772450909019
465 2361706.5940194036811590 2361496.7140194037929177 2251464.9873772449791431 2251255.1073772450909019
466 2301991.0884858351200819 2301781.2084858352318406 2251464.9873772449791431 2251255.1073772450909019
467 2286983.9353419663384557 2286774.0553419664502144 2251464.9873772449791431 2251255.1073772450909019
468 2309858.4001199668273330 2309648.5201199669390917 2251464.9873772449791431 2251255.1073772450909019
469 2333480.7496099313721061 2333270.8696099314838648 2251464.9873772449791431 2251255.1073772450909019
470 2288004.7764777820557356 2287794.8964777821674943 2251464.9873772449791431 2251255.1073772450909019
471 2907431.3052994473837316 2907221.4252994474954903 2251464.9873772449791431 2251255.1073772450909019
472 2309768.4767420119605958 2309558.5967420120723546 2251464.9873772449791431 2251255.1073772450909019
473 2302071.6359866573475301 2301861.7559866574592888 2251464.9873772449791431 2251255.1073772450909019
474 2285750.0676075965166092 2285540.1876075966283679 2251464.9873772449791431 2251255.1073772450909019
475 2613768.2561092558316886 2613558.3761092559434474 2251464.9873772449791431 2251255.1073772450909019
476 2329343.4447066886350513 2329133.5647066887468100 2251464.9873772449791431 2251255.1073772450909019
477 3267152.6711175688542426 3266942.7911175689660013 2251464.9873772449791431 2251255.1073772450909019
478 2599752.8937820196151733 2599543.0137820197269320 2251464.9873772449791431 2251255.1073772450909019
479 4001825.3359979144297540 4001615.4559979145415127 2251464.9873772449791431 2251255.1073772450909019
480 5068415.6076768729835749 5068205.7276768730953336 2251464.9873772449791431 2251255.1073772450909019
481 2286290.8628129214048386 2286080.9828129215165973 2251464.9873772449791431 2251255.1073772450909019
482 2293123.3340070242993534 2292913.4540070244111121 2251464.9873772449791431 2251255.1073772450909019
483 2337701.1650532805360854 2337491.2850532806478441 2251464.9873772449791431 2251255.1073772450909019
484 6047942.1553042270243168 6047732.2753042271360755 2251464.9873772449791431 2251255.1073772450909019
485 2290559.3731346018612385 2290349.4931346019729972 2251464.9873772449791431 2251255.1073772450909019
486 7600754.2082669744268060 7600544.3282669745385647 2251464.9873772449791431 2251255.1073772450909019
487 2462257.0179885565303266 2462047.1379885566420853 2251464.9873772449791431 2251255.1073772450909019
488 3316028.5981698045507073 3315818.7181698046624660 2251464.9873772449791431 2251255.1073772450909019
489 2287152.8100625076331198 2286942.9300625077448785 2251464.9873772449791431 2251255.1073772450909019
490 2362396.0548554756678641 2362186.1748554757796228 2251464.9873772449791431 2251255.1073772450909019
491 3492613.2386892093345523 3492403.3586892094463110 2251464.9873772449791431 2251255.1073772450909019
492 2630244.6343936882913113 2630034.7543936884030700 2251464.9873772449791431 2251255.1073772450909019
493 4083068.6707432251423597 4082858.7907432252541184 2251464.9873772449791431 2251255.1073772450909019
494 2462153.3163934135809541 2461943.4363934136927128 2251464.9873772449791431 2251255.1073772450909019
495 2296415.3069878052920103 2296205.4269878054037690 2251464.9873772449791431 2251255.1073772450909019
496 2658778.2051325370557606 2658568.3251325371675193 2251464.9873772449791431 2251255.1073772450909019
497 2311523.1197956600226462 2311313.2397956601344049 2251464.9873772449791431 2251255.1073772450909019
498 3517088.0959955709986389 3516878.2159955711103976 2251464.9873772449791431 2251255.1073772450909019
499 2804194.5132731045596302 2803984.6332731046713889 2251464.9873772449791431 2251255.1073772450909019
500 2290080.7620612313039601 2289870.8820612314157188 2251464.9873772449791431 2251255.1073772450909019
