evaluations raw_y current_y raw_y_best current_y_best
1 21978.9045636630071385 22128.0545636630085937 21978.9045636630071385 22128.0545636630085937
2 114103.7750581553991651 114252.9250581553933444 21978.9045636630071385 22128.0545636630085937
3 29785.7337962298734055 29934.8837962298748607 21978.9045636630071385 22128.0545636630085937
4 10862.3392319978665910 11011.4892319978662272 10862.3392319978665910 11011.4892319978662272
5 6374.1074065282082302 6523.2574065282078664 6374.1074065282082302 6523.2574065282078664
6 313.2408972010077832 462.3908972010077605 313.2408972010077832 462.3908972010077605
7 1861.1412828923530469 2010.2912828923531379 313.2408972010077832 462.3908972010077605
8 101.6285669205182955 250.7785669205183012 101.6285669205182955 250.7785669205183012
9 37.8442658084562993 186.9942658084563050 37.8442658084562993 186.9942658084563050
10 4050.3104233835319974 4199.4604233835316336 37.8442658084562993 186.9942658084563050
11 2194.5858228929123470 2343.7358228929124380 37.8442658084562993 186.9942658084563050
12 1892.8130077573696326 2041.9630077573697235 37.8442658084562993 186.9942658084563050
13 31.7450775233845448 180.8950775233845434 31.7450775233845448 180.8950775233845434
14 1061.4576767448888859 1210.6076767448889768 31.7450775233845448 180.8950775233845434
15 3080.0471990280075261 3229.1971990280076170 31.7450775233845448 180.8950775233845434
16 647.8757382952155695 797.0257382952155467 31.7450775233845448 180.8950775233845434
17 972.9277816561129839 1122.0777816561130749 31.7450775233845448 180.8950775233845434
18 0.8995477838137871 150.0495477838137788 0.8995477838137871 150.0495477838137788
19 10.0263356583744283 159.1763356583744269 0.8995477838137871 150.0495477838137788
20 0.2069152348376986 149.3569152348377145 0.2069152348376986 149.3569152348377145
21 12.5179508758144920 161.6679508758144834 0.2069152348376986 149.3569152348377145
22 2.7761349263236954 151.9261349263236980 0.2069152348376986 149.3569152348377145
23 23.3832470221480868 172.5332470221480889 0.2069152348376986 149.3569152348377145
24 3.2262848025109125 152.3762848025109236 0.2069152348376986 149.3569152348377145
25 0.5906172988114399 149.7406172988114577 0.2069152348376986 149.3569152348377145
26 3.5045708992386246 152.6545708992386210 0.2069152348376986 149.3569152348377145
27 13.2533101751924853 162.4033101751925017 0.2069152348376986 149.3569152348377145
28 19.6286573595220162 168.7786573595220148 0.2069152348376986 149.3569152348377145
29 0.5526117000639710 149.7026117000639829 0.2069152348376986 149.3569152348377145
30 0.0085442426182110 149.1585442426182055 0.0085442426182110 149.1585442426182055
31 0.0306676698437197 149.1806676698437286 0.0085442426182110 149.1585442426182055
32 12.5347639083865570 161.6847639083865715 0.0085442426182110 149.1585442426182055
33 2.5692982021728579 151.7192982021728653 0.0085442426182110 149.1585442426182055
34 0.0933945763471603 149.2433945763471570 0.0085442426182110 149.1585442426182055
35 11.1119698701604026 160.2619698701604136 0.0085442426182110 149.1585442426182055
36 0.1435108893562239 149.2935108893562415 0.0085442426182110 149.1585442426182055
37 2.7091951099309779 151.8591951099309938 0.0085442426182110 149.1585442426182055
38 23.8706274438215438 173.0206274438215530 0.0085442426182110 149.1585442426182055
39 0.1938900893388115 149.3438900893388279 0.0085442426182110 149.1585442426182055
40 2.8471706799822227 151.9971706799822186 0.0085442426182110 149.1585442426182055
41 13.6099852764827620 162.7599852764827801 0.0085442426182110 149.1585442426182055
42 38.3042788056212018 187.4542788056212146 0.0085442426182110 149.1585442426182055
43 14.9678326020439059 164.1178326020439044 0.0085442426182110 149.1585442426182055
44 0.2725140812790129 149.4225140812790187 0.0085442426182110 149.1585442426182055
45 0.2023768811694026 149.3523768811694197 0.0085442426182110 149.1585442426182055
46 7.3258105413585621 156.4758105413585554 0.0085442426182110 149.1585442426182055
47 73.9631322546377561 223.1131322546377760 0.0085442426182110 149.1585442426182055
48 3.5815353610899354 152.7315353610899535 0.0085442426182110 149.1585442426182055
49 1.4678640076176714 150.6178640076176691 0.0085442426182110 149.1585442426182055
50 0.2379808670846748 149.3879808670846785 0.0085442426182110 149.1585442426182055
51 11.8265719621072503 160.9765719621072435 0.0085442426182110 149.1585442426182055
52 3.5440251906613796 152.6940251906613923 0.0085442426182110 149.1585442426182055
53 0.2852039563554575 149.4352039563554513 0.0085442426182110 149.1585442426182055
54 1.2816594665011418 150.4316594665011451 0.0085442426182110 149.1585442426182055
55 7.9309850500380632 157.0809850500380662 0.0085442426182110 149.1585442426182055
56 4.0302612952138972 153.1802612952139100 0.0085442426182110 149.1585442426182055
57 0.6411794356024638 149.7911794356024586 0.0085442426182110 149.1585442426182055
58 1.1008313289831297 150.2508313289831392 0.0085442426182110 149.1585442426182055
59 33.0713935158838055 182.2213935158838183 0.0085442426182110 149.1585442426182055
60 1.2629291025614091 150.4129291025614066 0.0085442426182110 149.1585442426182055
61 12.7110401912602420 161.8610401912602583 0.0085442426182110 149.1585442426182055
62 0.8847469745917482 150.0347469745917408 0.0085442426182110 149.1585442426182055
63 5.2354651337228910 154.3854651337229029 0.0085442426182110 149.1585442426182055
64 140.5173516241596019 289.6673516241596076 0.0085442426182110 149.1585442426182055
65 1.0969842961290144 150.2469842961290283 0.0085442426182110 149.1585442426182055
66 3.6230463532892054 152.7730463532892031 0.0085442426182110 149.1585442426182055
67 0.7454567984446836 149.8954567984446840 0.0085442426182110 149.1585442426182055
68 1.0101614788714952 150.1601614788714869 0.0085442426182110 149.1585442426182055
69 12.0618234522135275 161.2118234522135367 0.0085442426182110 149.1585442426182055
70 1.3019377882177741 150.4519377882177764 0.0085442426182110 149.1585442426182055
71 4.8619109626838126 154.0119109626838281 0.0085442426182110 149.1585442426182055
72 0.9057472633382261 150.0557472633382190 0.0085442426182110 149.1585442426182055
73 0.9707936239433393 150.1207936239433423 0.0085442426182110 149.1585442426182055
74 1.1236864108010907 150.2736864108011048 0.0085442426182110 149.1585442426182055
75 30.0361440571615645 179.1861440571615844 0.0085442426182110 149.1585442426182055
76 4.0865928585975198 153.2365928585975325 0.0085442426182110 149.1585442426182055
77 0.7010386273920934 149.8510386273920858 0.0085442426182110 149.1585442426182055
78 6.7736165425265966 155.9236165425265881 0.0085442426182110 149.1585442426182055
79 1.2509463344874376 150.4009463344874575 0.0085442426182110 149.1585442426182055
80 1.0474333003595082 150.1974333003595063 0.0085442426182110 149.1585442426182055
81 11.0401168731724262 160.1901168731724283 0.0085442426182110 149.1585442426182055
82 4.5090533658970333 153.6590533658970514 0.0085442426182110 149.1585442426182055
83 1.3184628625250379 150.4684628625250298 0.0085442426182110 149.1585442426182055
84 0.7085520822051028 149.8585520822051080 0.0085442426182110 149.1585442426182055
85 4.5023339072260784 153.6523339072260796 0.0085442426182110 149.1585442426182055
86 1.0906786890736573 150.2406786890736612 0.0085442426182110 149.1585442426182055
87 23.5193917745158885 172.6693917745159013 0.0085442426182110 149.1585442426182055
88 1.4494266112238992 150.5994266112239188 0.0085442426182110 149.1585442426182055
89 0.7948479879407485 149.9448479879407614 0.0085442426182110 149.1585442426182055
90 4.4788053688051681 153.6288053688051605 0.0085442426182110 149.1585442426182055
91 0.8981679951051927 150.0481679951051888 0.0085442426182110 149.1585442426182055
92 12.3007170662880263 161.4507170662880355 0.0085442426182110 149.1585442426182055
93 1.2663043866854382 150.4163043866854537 0.0085442426182110 149.1585442426182055
94 0.6960975676582811 149.8460975676582905 0.0085442426182110 149.1585442426182055
95 4.5884857668325809 153.7384857668325822 0.0085442426182110 149.1585442426182055
96 1.2729793716854902 150.4229793716854999 0.0085442426182110 149.1585442426182055
97 1.0258972098936598 150.1758972098936624 0.0085442426182110 149.1585442426182055
98 1.1439938617407110 150.2939938617407165 0.0085442426182110 149.1585442426182055
99 0.6452015359739777 149.7952015359739733 0.0085442426182110 149.1585442426182055
100 0.6901022567362263 149.8401022567362304 0.0085442426182110 149.1585442426182055
