evaluations raw_y current_y raw_y_best current_y_best
1 11321450.8257096055895090 11321240.9457096047699451 11321450.8257096055895090 11321240.9457096047699451
2 62648570.9458435177803040 62648361.0658435150980949 11321450.8257096055895090 11321240.9457096047699451
3 9096965.0717012342065573 9096755.1917012333869934 9096965.0717012342065573 9096755.1917012333869934
4 22132891.1405922584235668 22132681.2605922594666481 9096965.0717012342065573 9096755.1917012333869934
5 11133561.8033564276993275 11133351.9233564268797636 9096965.0717012342065573 9096755.1917012333869934
6 17230054.2598824091255665 17229844.3798824101686478 9096965.0717012342065573 9096755.1917012333869934
7 34766804.8840207755565643 34766595.0040207728743553 9096965.0717012342065573 9096755.1917012333869934
8 43918389.4181060791015625 43918179.5381060764193535 9096965.0717012342065573 9096755.1917012333869934
9 17316684.5281796604394913 17316474.6481796614825726 9096965.0717012342065573 9096755.1917012333869934
10 17155950.7913869358599186 17155740.9113869369029999 9096965.0717012342065573 9096755.1917012333869934
11 23502925.8802685365080833 23502716.0002685375511646 9096965.0717012342065573 9096755.1917012333869934
12 7490455.6864949716255069 7490245.8064949717372656 7490455.6864949716255069 7490245.8064949717372656
13 8071216.6409903336316347 8071006.7609903337433934 7490455.6864949716255069 7490245.8064949717372656
14 8895764.6509713623672724 8895554.7709713615477085 7490455.6864949716255069 7490245.8064949717372656
15 45938171.6106041893362999 45937961.7306041866540909 7490455.6864949716255069 7490245.8064949717372656
16 21590789.9943518862128258 21590580.1143518872559071 7490455.6864949716255069 7490245.8064949717372656
17 14770220.5093356929719448 14770010.6293356921523809 7490455.6864949716255069 7490245.8064949717372656
18 47946922.9556530117988586 47946713.0756530091166496 7490455.6864949716255069 7490245.8064949717372656
19 11194190.4386101420968771 11193980.5586101412773132 7490455.6864949716255069 7490245.8064949717372656
20 15196004.7953633200377226 15195794.9153633192181587 7490455.6864949716255069 7490245.8064949717372656
21 19867799.7963224425911903 19867589.9163224436342716 7490455.6864949716255069 7490245.8064949717372656
22 20751355.9995022453367710 20751146.1195022463798523 7490455.6864949716255069 7490245.8064949717372656
23 36414554.1818818598985672 36414344.3018818572163582 7490455.6864949716255069 7490245.8064949717372656
24 38504855.2479662150144577 38504645.3679662123322487 7490455.6864949716255069 7490245.8064949717372656
25 5735311.4207784105092287 5735101.5407784106209874 5735311.4207784105092287 5735101.5407784106209874
26 34505258.8844450563192368 34505049.0044450536370277 5735311.4207784105092287 5735101.5407784106209874
27 8893709.2823613137006760 8893499.4023613128811121 5735311.4207784105092287 5735101.5407784106209874
28 6830884.4769181124866009 6830674.5969181125983596 5735311.4207784105092287 5735101.5407784106209874
29 54668666.1971410438418388 54668456.3171410411596298 5735311.4207784105092287 5735101.5407784106209874
30 42474397.6708298623561859 42474187.7908298596739769 5735311.4207784105092287 5735101.5407784106209874
31 18363602.6137173809111118 18363392.7337173819541931 5735311.4207784105092287 5735101.5407784106209874
32 41109308.9610017016530037 41109099.0810016989707947 5735311.4207784105092287 5735101.5407784106209874
33 69926618.2366457730531693 69926408.3566457778215408 5735311.4207784105092287 5735101.5407784106209874
34 37021670.7826205641031265 37021460.9026205614209175 5735311.4207784105092287 5735101.5407784106209874
35 22795706.9231064841151237 22795497.0431064851582050 5735311.4207784105092287 5735101.5407784106209874
36 51032842.5874317139387131 51032632.7074317112565041 5735311.4207784105092287 5735101.5407784106209874
37 19230977.8578718304634094 19230767.9778718315064907 5735311.4207784105092287 5735101.5407784106209874
38 16485943.9332418069243431 16485734.0532418061047792 5735311.4207784105092287 5735101.5407784106209874
39 17209385.7337331958115101 17209175.8537331968545914 5735311.4207784105092287 5735101.5407784106209874
40 8245069.8519983971491456 8244859.9719983972609043 5735311.4207784105092287 5735101.5407784106209874
41 11063572.7092296592891216 11063362.8292296584695578 5735311.4207784105092287 5735101.5407784106209874
42 44113438.0834297537803650 44113228.2034297510981560 5735311.4207784105092287 5735101.5407784106209874
43 16335196.7874327860772610 16334986.9074327852576971 5735311.4207784105092287 5735101.5407784106209874
44 26690404.6953523233532906 26690194.8153523243963718 5735311.4207784105092287 5735101.5407784106209874
45 31780177.3039372637867928 31779967.4239372648298740 5735311.4207784105092287 5735101.5407784106209874
46 58796743.4431475400924683 58796533.5631475374102592 5735311.4207784105092287 5735101.5407784106209874
47 13303612.4061206988990307 13303402.5261206980794668 5735311.4207784105092287 5735101.5407784106209874
48 27812226.2315554916858673 27812016.3515554927289486 5735311.4207784105092287 5735101.5407784106209874
49 16086391.2491036169230938 16086181.3691036161035299 5735311.4207784105092287 5735101.5407784106209874
50 37784336.8015726134181023 37784126.9215726107358932 5735311.4207784105092287 5735101.5407784106209874
51 8387111.3516495982185006 8386901.4716495983302593 5735311.4207784105092287 5735101.5407784106209874
52 21061044.9052219353616238 21060835.0252219364047050 5735311.4207784105092287 5735101.5407784106209874
53 33997402.9706527814269066 33997193.0906527787446976 5735311.4207784105092287 5735101.5407784106209874
54 21345368.1923338100314140 21345158.3123338110744953 5735311.4207784105092287 5735101.5407784106209874
55 10396105.3540069684386253 10395895.4740069676190615 5735311.4207784105092287 5735101.5407784106209874
56 22492036.8761912062764168 22491826.9961912073194981 5735311.4207784105092287 5735101.5407784106209874
57 12303055.6498096249997616 12302845.7698096241801977 5735311.4207784105092287 5735101.5407784106209874
58 8238270.2519190208986402 8238060.3719190210103989 5735311.4207784105092287 5735101.5407784106209874
59 21764463.6421354189515114 21764253.7621354199945927 5735311.4207784105092287 5735101.5407784106209874
60 15444262.8587646447122097 15444052.9787646438926458 5735311.4207784105092287 5735101.5407784106209874
61 17643373.2679849267005920 17643163.3879849277436733 5735311.4207784105092287 5735101.5407784106209874
62 30535846.9707101546227932 30535637.0907101556658745 5735311.4207784105092287 5735101.5407784106209874
63 51456280.3347535431385040 51456070.4547535404562950 5735311.4207784105092287 5735101.5407784106209874
64 29542678.6803300976753235 29542468.8003300987184048 5735311.4207784105092287 5735101.5407784106209874
65 22358441.5875435806810856 22358231.7075435817241669 5735311.4207784105092287 5735101.5407784106209874
66 7445770.1766173504292965 7445560.2966173505410552 5735311.4207784105092287 5735101.5407784106209874
67 15446671.8776758797466755 15446461.9976758789271116 5735311.4207784105092287 5735101.5407784106209874
68 32528289.9903448224067688 32528080.1103448234498501 5735311.4207784105092287 5735101.5407784106209874
69 4808796.3407707652077079 4808586.4607707653194666 4808796.3407707652077079 4808586.4607707653194666
70 40159113.1278178840875626 40158903.2478178814053535 4808796.3407707652077079 4808586.4607707653194666
71 3708077.8565638912841678 3707867.9765638913959265 3708077.8565638912841678 3707867.9765638913959265
72 18185274.2904430069029331 18185064.4104430079460144 3708077.8565638912841678 3707867.9765638913959265
73 27083366.0510423816740513 27083156.1710423827171326 3708077.8565638912841678 3707867.9765638913959265
74 16629991.3290533926337957 16629781.4490533918142319 3708077.8565638912841678 3707867.9765638913959265
75 54076878.4208287149667740 54076668.5408287122845650 3708077.8565638912841678 3707867.9765638913959265
76 3855299.7959292079322040 3855089.9159292080439627 3708077.8565638912841678 3707867.9765638913959265
77 13122769.5044004544615746 13122559.6244004536420107 3708077.8565638912841678 3707867.9765638913959265
78 21578006.0866075605154037 21577796.2066075615584850 3708077.8565638912841678 3707867.9765638913959265
79 9349667.5185073688626289 9349457.6385073680430651 3708077.8565638912841678 3707867.9765638913959265
80 14960593.5114865228533745 14960383.6314865220338106 3708077.8565638912841678 3707867.9765638913959265
81 5818015.7117990544065833 5817805.8317990545183420 3708077.8565638912841678 3707867.9765638913959265
82 44425362.5135236680507660 44425152.6335236653685570 3708077.8565638912841678 3707867.9765638913959265
83 20394546.1684549190104008 20394336.2884549200534821 3708077.8565638912841678 3707867.9765638913959265
84 9745940.2219554409384727 9745730.3419554401189089 3708077.8565638912841678 3707867.9765638913959265
85 10955216.6943188086152077 10955006.8143188077956438 3708077.8565638912841678 3707867.9765638913959265
86 9752626.8947487212717533 9752417.0147487204521894 3708077.8565638912841678 3707867.9765638913959265
87 22835163.2725833654403687 22834953.3925833664834499 3708077.8565638912841678 3707867.9765638913959265
88 26788843.9413872212171555 26788634.0613872222602367 3708077.8565638912841678 3707867.9765638913959265
89 22378263.1510399542748928 22378053.2710399553179741 3708077.8565638912841678 3707867.9765638913959265
90 42956245.7940569296479225 42956035.9140569269657135 3708077.8565638912841678 3707867.9765638913959265
91 37072926.5721769332885742 37072716.6921769306063652 3708077.8565638912841678 3707867.9765638913959265
92 16757985.6412829197943211 16757775.7612829189747572 3708077.8565638912841678 3707867.9765638913959265
93 13127026.5276792384684086 13126816.6476792376488447 3708077.8565638912841678 3707867.9765638913959265
94 20880058.3895674385130405 20879848.5095674395561218 3708077.8565638912841678 3707867.9765638913959265
95 9427085.8006656542420387 9426875.9206656534224749 3708077.8565638912841678 3707867.9765638913959265
96 17749513.7512361370027065 17749303.8712361380457878 3708077.8565638912841678 3707867.9765638913959265
97 15931640.4587151985615492 15931430.5787151977419853 3708077.8565638912841678 3707867.9765638913959265
98 40347159.7942269295454025 40346949.9142269268631935 3708077.8565638912841678 3707867.9765638913959265
99 12961750.3332653325051069 12961540.4532653316855431 3708077.8565638912841678 3707867.9765638913959265
100 22105548.9512826614081860 22105339.0712826624512672 3708077.8565638912841678 3707867.9765638913959265
101 17683782.7699270211160183 17683572.8899270221590996 3708077.8565638912841678 3707867.9765638913959265
102 32753324.0443635918200016 32753114.1643635928630829 3708077.8565638912841678 3707867.9765638913959265
103 19394777.5167153775691986 19394567.6367153786122799 3708077.8565638912841678 3707867.9765638913959265
104 24804036.3157297372817993 24803826.4357297383248806 3708077.8565638912841678 3707867.9765638913959265
105 7229024.5065912529826164 7228814.6265912530943751 3708077.8565638912841678 3707867.9765638913959265
106 14696003.2523485664278269 14695793.3723485656082630 3708077.8565638912841678 3707867.9765638913959265
107 22243906.3288185819983482 22243696.4488185830414295 3708077.8565638912841678 3707867.9765638913959265
108 13099835.1133796814829111 13099625.2333796806633472 3708077.8565638912841678 3707867.9765638913959265
109 10308091.3520286623388529 10307881.4720286615192890 3708077.8565638912841678 3707867.9765638913959265
110 7497398.1135901529341936 7497188.2335901530459523 3708077.8565638912841678 3707867.9765638913959265
111 2463094.1508317948319018 2462884.2708317949436605 2463094.1508317948319018 2462884.2708317949436605
112 12195639.8616129178553820 12195429.9816129170358181 2463094.1508317948319018 2462884.2708317949436605
113 53830113.7107835710048676 53829903.8307835683226585 2463094.1508317948319018 2462884.2708317949436605
114 8571240.5446791350841522 8571030.6646791342645884 2463094.1508317948319018 2462884.2708317949436605
115 13992229.9145772755146027 13992020.0345772746950388 2463094.1508317948319018 2462884.2708317949436605
116 5152375.1263070013374090 5152165.2463070014491677 2463094.1508317948319018 2462884.2708317949436605
117 29546870.9213393479585648 29546661.0413393490016460 2463094.1508317948319018 2462884.2708317949436605
118 7526904.4924706760793924 7526694.6124706761911511 2463094.1508317948319018 2462884.2708317949436605
119 6898326.6580749647691846 6898116.7780749648809433 2463094.1508317948319018 2462884.2708317949436605
120 41653932.6498973295092583 41653722.7698973268270493 2463094.1508317948319018 2462884.2708317949436605
121 4134703.3639721670188010 4134493.4839721671305597 2463094.1508317948319018 2462884.2708317949436605
122 17178077.2618607655167580 17177867.3818607665598392 2463094.1508317948319018 2462884.2708317949436605
123 19286207.5464948080480099 19285997.6664948090910912 2463094.1508317948319018 2462884.2708317949436605
124 36634888.5087989792227745 36634678.6287989765405655 2463094.1508317948319018 2462884.2708317949436605
125 26773793.2985826022922993 26773583.4185826033353806 2463094.1508317948319018 2462884.2708317949436605
126 19899936.0844353139400482 19899726.2044353149831295 2463094.1508317948319018 2462884.2708317949436605
127 21894877.2605735696852207 21894667.3805735707283020 2463094.1508317948319018 2462884.2708317949436605
128 16722182.8317414727061987 16721972.9517414718866348 2463094.1508317948319018 2462884.2708317949436605
129 9044424.6855753269046545 9044214.8055753260850906 2463094.1508317948319018 2462884.2708317949436605
130 31436893.6291619017720222 31436683.7491619028151035 2463094.1508317948319018 2462884.2708317949436605
131 18304419.5809355564415455 18304209.7009355574846268 2463094.1508317948319018 2462884.2708317949436605
132 38109948.5751832276582718 38109738.6951832249760628 2463094.1508317948319018 2462884.2708317949436605
133 6901586.8993668342009187 6901377.0193668343126774 2463094.1508317948319018 2462884.2708317949436605
134 25052119.2199311777949333 25051909.3399311788380146 2463094.1508317948319018 2462884.2708317949436605
135 26630425.0496855191886425 26630215.1696855202317238 2463094.1508317948319018 2462884.2708317949436605
136 18675932.4547928236424923 18675722.5747928246855736 2463094.1508317948319018 2462884.2708317949436605
137 25184853.4104737490415573 25184643.5304737500846386 2463094.1508317948319018 2462884.2708317949436605
138 24460145.8197601921856403 24459935.9397601932287216 2463094.1508317948319018 2462884.2708317949436605
139 19938650.6173688620328903 19938440.7373688630759716 2463094.1508317948319018 2462884.2708317949436605
140 19480689.6223970130085945 19480479.7423970140516758 2463094.1508317948319018 2462884.2708317949436605
141 53942890.8670919686555862 53942680.9870919659733772 2463094.1508317948319018 2462884.2708317949436605
142 12099155.1419756170362234 12098945.2619756162166595 2463094.1508317948319018 2462884.2708317949436605
143 39000137.8686769753694534 38999927.9886769726872444 2463094.1508317948319018 2462884.2708317949436605
144 11246755.7501453962177038 11246545.8701453953981400 2463094.1508317948319018 2462884.2708317949436605
145 3336491.2173006483353674 3336281.3373006484471262 2463094.1508317948319018 2462884.2708317949436605
146 32798523.5334144867956638 32798313.6534144878387451 2463094.1508317948319018 2462884.2708317949436605
147 21641431.1737924553453922 21641221.2937924563884735 2463094.1508317948319018 2462884.2708317949436605
148 15386542.2009515184909105 15386332.3209515176713467 2463094.1508317948319018 2462884.2708317949436605
149 58623621.0136746913194656 58623411.1336746886372566 2463094.1508317948319018 2462884.2708317949436605
150 5730145.3998375479131937 5729935.5198375480249524 2463094.1508317948319018 2462884.2708317949436605
151 12957762.3215500954538584 12957552.4415500946342945 2463094.1508317948319018 2462884.2708317949436605
152 19757501.3689396865665913 19757291.4889396876096725 2463094.1508317948319018 2462884.2708317949436605
153 10979966.0692572928965092 10979756.1892572920769453 2463094.1508317948319018 2462884.2708317949436605
154 13567227.8546022493392229 13567017.9746022485196590 2463094.1508317948319018 2462884.2708317949436605
155 36688698.8278416395187378 36688488.9478416368365288 2463094.1508317948319018 2462884.2708317949436605
156 5436310.4624478472396731 5436100.5824478473514318 2463094.1508317948319018 2462884.2708317949436605
157 9883333.9427872393280268 9883124.0627872385084629 2463094.1508317948319018 2462884.2708317949436605
158 14114138.7423602398484945 14113928.8623602390289307 2463094.1508317948319018 2462884.2708317949436605
159 27620068.3115357719361782 27619858.4315357729792595 2463094.1508317948319018 2462884.2708317949436605
160 2222601.9688455909490585 2222392.0888455910608172 2222601.9688455909490585 2222392.0888455910608172
161 47129582.5254335254430771 47129372.6454335227608681 2222601.9688455909490585 2222392.0888455910608172
162 13415388.0336810462176800 13415178.1536810453981161 2222601.9688455909490585 2222392.0888455910608172
163 16873067.4363762736320496 16872857.5563762746751308 2222601.9688455909490585 2222392.0888455910608172
164 16034783.2568608056753874 16034573.3768608048558235 2222601.9688455909490585 2222392.0888455910608172
165 75070094.5533878356218338 75069884.6733878403902054 2222601.9688455909490585 2222392.0888455910608172
166 3589325.2076902990229428 3589115.3276902991347015 2222601.9688455909490585 2222392.0888455910608172
167 13939134.5995021872222424 13938924.7195021864026785 2222601.9688455909490585 2222392.0888455910608172
168 48099079.9524731040000916 48098870.0724731013178825 2222601.9688455909490585 2222392.0888455910608172
169 47684901.2636500746011734 47684691.3836500719189644 2222601.9688455909490585 2222392.0888455910608172
170 10391442.7328523602336645 10391232.8528523594141006 2222601.9688455909490585 2222392.0888455910608172
171 60272867.6922493278980255 60272657.8122493252158165 2222601.9688455909490585 2222392.0888455910608172
172 21370808.9937069900333881 21370599.1137069910764694 2222601.9688455909490585 2222392.0888455910608172
173 32405682.1943892054259777 32405472.3143892064690590 2222601.9688455909490585 2222392.0888455910608172
174 6370510.3359942715615034 6370300.4559942716732621 2222601.9688455909490585 2222392.0888455910608172
175 19428598.3281920440495014 19428388.4481920450925827 2222601.9688455909490585 2222392.0888455910608172
176 34123638.4225023686885834 34123428.5425023660063744 2222601.9688455909490585 2222392.0888455910608172
177 9009951.8887436371296644 9009742.0087436363101006 2222601.9688455909490585 2222392.0888455910608172
178 24730137.6445129886269569 24729927.7645129896700382 2222601.9688455909490585 2222392.0888455910608172
179 17560323.0164381787180901 17560113.1364381797611713 2222601.9688455909490585 2222392.0888455910608172
180 20288502.6523906625807285 20288292.7723906636238098 2222601.9688455909490585 2222392.0888455910608172
181 10801105.2868139892816544 10800895.4068139884620905 2222601.9688455909490585 2222392.0888455910608172
182 11174888.4922055602073669 11174678.6122055593878031 2222601.9688455909490585 2222392.0888455910608172
183 20488429.8624373860657215 20488219.9824373871088028 2222601.9688455909490585 2222392.0888455910608172
184 20843969.3535409793257713 20843759.4735409803688526 2222601.9688455909490585 2222392.0888455910608172
185 15969293.1863095927983522 15969083.3063095919787884 2222601.9688455909490585 2222392.0888455910608172
186 3204600.5741576920263469 3204390.6941576921381056 2222601.9688455909490585 2222392.0888455910608172
187 10142001.8772274944931269 10141791.9972274936735630 2222601.9688455909490585 2222392.0888455910608172
188 26648631.6544197313487530 26648421.7744197323918343 2222601.9688455909490585 2222392.0888455910608172
189 17152919.2280706688761711 17152709.3480706699192524 2222601.9688455909490585 2222392.0888455910608172
190 8334132.9005337627604604 8333923.0205337628722191 2222601.9688455909490585 2222392.0888455910608172
191 21641386.3615365773439407 21641176.4815365783870220 2222601.9688455909490585 2222392.0888455910608172
192 10963475.4586000908166170 10963265.5786000899970531 2222601.9688455909490585 2222392.0888455910608172
193 10970904.2182621546089649 10970694.3382621537894011 2222601.9688455909490585 2222392.0888455910608172
194 10701710.3124095089733601 10701500.4324095081537962 2222601.9688455909490585 2222392.0888455910608172
195 19226729.3321457877755165 19226519.4521457888185978 2222601.9688455909490585 2222392.0888455910608172
196 15826447.6316003873944283 15826237.7516003865748644 2222601.9688455909490585 2222392.0888455910608172
197 25038762.8054780177772045 25038552.9254780188202858 2222601.9688455909490585 2222392.0888455910608172
198 40626231.7101641893386841 40626021.8301641866564751 2222601.9688455909490585 2222392.0888455910608172
199 7981496.2067796438932419 7981286.3267796440050006 2222601.9688455909490585 2222392.0888455910608172
200 33324703.9695463180541992 33324494.0895463190972805 2222601.9688455909490585 2222392.0888455910608172
201 8689791.9250049088150263 8689582.0450049079954624 2222601.9688455909490585 2222392.0888455910608172
202 28204571.9685752987861633 28204362.0885752998292446 2222601.9688455909490585 2222392.0888455910608172
203 12828947.6839307881891727 12828737.8039307873696089 2222601.9688455909490585 2222392.0888455910608172
204 8738747.9902116749435663 8738538.1102116741240025 2222601.9688455909490585 2222392.0888455910608172
205 26871766.4526239819824696 26871556.5726239830255508 2222601.9688455909490585 2222392.0888455910608172
206 53160030.4210959076881409 53159820.5410959050059319 2222601.9688455909490585 2222392.0888455910608172
207 9582130.6511952467262745 9581920.7711952459067106 2222601.9688455909490585 2222392.0888455910608172
208 11745764.1909420825541019 11745554.3109420817345381 2222601.9688455909490585 2222392.0888455910608172
209 5219529.5625520478934050 5219319.6825520480051637 2222601.9688455909490585 2222392.0888455910608172
210 41568651.6456695050001144 41568441.7656695023179054 2222601.9688455909490585 2222392.0888455910608172
211 8665121.5995063912123442 8664911.7195063903927803 2222601.9688455909490585 2222392.0888455910608172
212 41238831.4280365705490112 41238621.5480365678668022 2222601.9688455909490585 2222392.0888455910608172
213 24618470.1670752838253975 24618260.2870752848684788 2222601.9688455909490585 2222392.0888455910608172
214 25530107.0119457691907883 25529897.1319457702338696 2222601.9688455909490585 2222392.0888455910608172
215 16352834.3303044904023409 16352624.4503044895827770 2222601.9688455909490585 2222392.0888455910608172
216 65406210.6654104068875313 65406000.7854104042053223 2222601.9688455909490585 2222392.0888455910608172
217 60970469.4537595957517624 60970259.5737595930695534 2222601.9688455909490585 2222392.0888455910608172
218 6822213.1385190468281507 6822003.2585190469399095 2222601.9688455909490585 2222392.0888455910608172
219 30035247.4000118747353554 30035037.5200118757784367 2222601.9688455909490585 2222392.0888455910608172
220 4927683.4795581623911858 4927473.5995581625029445 2222601.9688455909490585 2222392.0888455910608172
221 30524810.1500953286886215 30524600.2700953297317028 2222601.9688455909490585 2222392.0888455910608172
222 41691014.9196015447378159 41690805.0396015420556068 2222601.9688455909490585 2222392.0888455910608172
223 12235635.9199025444686413 12235426.0399025436490774 2222601.9688455909490585 2222392.0888455910608172
224 10615765.4072641115635633 10615555.5272641107439995 2222601.9688455909490585 2222392.0888455910608172
225 8225879.9292713357135653 8225670.0492713358253241 2222601.9688455909490585 2222392.0888455910608172
226 5112645.8321394184604287 5112435.9521394185721874 2222601.9688455909490585 2222392.0888455910608172
227 34284654.0736890956759453 34284444.1936890929937363 2222601.9688455909490585 2222392.0888455910608172
228 8660766.6531819254159927 8660556.7731819245964289 2222601.9688455909490585 2222392.0888455910608172
229 11847600.2417822033166885 11847390.3617822024971247 2222601.9688455909490585 2222392.0888455910608172
230 20038070.0086321011185646 20037860.1286321021616459 2222601.9688455909490585 2222392.0888455910608172
231 10762988.0713248103857040 10762778.1913248095661402 2222601.9688455909490585 2222392.0888455910608172
232 17948711.0295065641403198 17948501.1495065651834011 2222601.9688455909490585 2222392.0888455910608172
233 13182229.3611863404512405 13182019.4811863396316767 2222601.9688455909490585 2222392.0888455910608172
234 31962183.3991544954478741 31961973.5191544964909554 2222601.9688455909490585 2222392.0888455910608172
235 16851612.5849942937493324 16851402.7049942947924137 2222601.9688455909490585 2222392.0888455910608172
236 14977072.0568187925964594 14976862.1768187917768955 2222601.9688455909490585 2222392.0888455910608172
237 11971576.9928123131394386 11971367.1128123123198748 2222601.9688455909490585 2222392.0888455910608172
238 21235972.2707018181681633 21235762.3907018192112446 2222601.9688455909490585 2222392.0888455910608172
239 7861619.8678678330034018 7861409.9878678331151605 2222601.9688455909490585 2222392.0888455910608172
240 18025401.0914215967059135 18025191.2114215977489948 2222601.9688455909490585 2222392.0888455910608172
241 2654779.9953671987168491 2654570.1153671988286078 2222601.9688455909490585 2222392.0888455910608172
242 22912131.7458260506391525 22911921.8658260516822338 2222601.9688455909490585 2222392.0888455910608172
243 13411805.2577211037278175 13411595.3777211029082537 2222601.9688455909490585 2222392.0888455910608172
244 35034620.3677235543727875 35034410.4877235516905785 2222601.9688455909490585 2222392.0888455910608172
245 9850598.2996969260275364 9850388.4196969252079725 2222601.9688455909490585 2222392.0888455910608172
246 31034861.4037684239447117 31034651.5237684249877930 2222601.9688455909490585 2222392.0888455910608172
247 26082006.5477916225790977 26081796.6677916236221790 2222601.9688455909490585 2222392.0888455910608172
248 21347429.4125020205974579 21347219.5325020216405392 2222601.9688455909490585 2222392.0888455910608172
249 10070791.9219716414809227 10070582.0419716406613588 2222601.9688455909490585 2222392.0888455910608172
250 47713421.7749618440866470 47713211.8949618414044380 2222601.9688455909490585 2222392.0888455910608172
251 29146282.8026474118232727 29146072.9226474128663540 2222601.9688455909490585 2222392.0888455910608172
252 23224368.3831625469028950 23224158.5031625479459763 2222601.9688455909490585 2222392.0888455910608172
253 14114317.4115289878100157 14114107.5315289869904518 2222601.9688455909490585 2222392.0888455910608172
254 54632139.5183590352535248 54631929.6383590325713158 2222601.9688455909490585 2222392.0888455910608172
255 16680898.8181449994444847 16680688.9381449986249208 2222601.9688455909490585 2222392.0888455910608172
256 10538155.5039852671325207 10537945.6239852663129568 2222601.9688455909490585 2222392.0888455910608172
257 24187992.2600240074098110 24187782.3800240084528923 2222601.9688455909490585 2222392.0888455910608172
258 8828782.0694794207811356 8828572.1894794199615717 2222601.9688455909490585 2222392.0888455910608172
259 22002280.0382524505257607 22002070.1582524515688419 2222601.9688455909490585 2222392.0888455910608172
260 7113691.8504388062283397 7113481.9704388063400984 2222601.9688455909490585 2222392.0888455910608172
261 21830436.6167517974972725 21830226.7367517985403538 2222601.9688455909490585 2222392.0888455910608172
262 20527698.1575265452265739 20527488.2775265462696552 2222601.9688455909490585 2222392.0888455910608172
263 48221049.7350363954901695 48220839.8550363928079605 2222601.9688455909490585 2222392.0888455910608172
264 38082465.1225944459438324 38082255.2425944432616234 2222601.9688455909490585 2222392.0888455910608172
265 46385123.9470534771680832 46384914.0670534744858742 2222601.9688455909490585 2222392.0888455910608172
266 67351521.9892127960920334 67351312.1092128008604050 2222601.9688455909490585 2222392.0888455910608172
267 7966225.4163128975778818 7966015.5363128976896405 2222601.9688455909490585 2222392.0888455910608172
268 25780159.8969637453556061 25779950.0169637463986874 2222601.9688455909490585 2222392.0888455910608172
269 8113315.2703064186498523 8113105.3903064187616110 2222601.9688455909490585 2222392.0888455910608172
270 27938537.9184713102877140 27938328.0384713113307953 2222601.9688455909490585 2222392.0888455910608172
271 36913366.0418738499283791 36913156.1618738472461700 2222601.9688455909490585 2222392.0888455910608172
272 41841655.7965310290455818 41841445.9165310263633728 2222601.9688455909490585 2222392.0888455910608172
273 6389725.6892495919018984 6389515.8092495920136571 2222601.9688455909490585 2222392.0888455910608172
274 51741826.5949736982584000 51741616.7149736955761909 2222601.9688455909490585 2222392.0888455910608172
275 26013162.1335945315659046 26012952.2535945326089859 2222601.9688455909490585 2222392.0888455910608172
276 39143723.8560995236039162 39143513.9760995209217072 2222601.9688455909490585 2222392.0888455910608172
277 17241752.9622067213058472 17241543.0822067223489285 2222601.9688455909490585 2222392.0888455910608172
278 16697409.1447711996734142 16697199.2647711988538504 2222601.9688455909490585 2222392.0888455910608172
279 3843244.4969347072765231 3843034.6169347073882818 2222601.9688455909490585 2222392.0888455910608172
280 6226252.7234231168404222 6226042.8434231169521809 2222601.9688455909490585 2222392.0888455910608172
281 12091791.6379185914993286 12091581.7579185906797647 2222601.9688455909490585 2222392.0888455910608172
282 18373688.1323483735322952 18373478.2523483745753765 2222601.9688455909490585 2222392.0888455910608172
283 35156085.4155308753252029 35155875.5355308726429939 2222601.9688455909490585 2222392.0888455910608172
284 13238521.0199041217565536 13238311.1399041209369898 2222601.9688455909490585 2222392.0888455910608172
285 19905605.1312473565340042 19905395.2512473575770855 2222601.9688455909490585 2222392.0888455910608172
286 32130946.1254969015717506 32130736.2454969026148319 2222601.9688455909490585 2222392.0888455910608172
287 13421672.2250230498611927 13421462.3450230490416288 2222601.9688455909490585 2222392.0888455910608172
288 10306913.4430838469415903 10306703.5630838461220264 2222601.9688455909490585 2222392.0888455910608172
289 17871864.2658526189625263 17871654.3858526200056076 2222601.9688455909490585 2222392.0888455910608172
290 20857482.5060855299234390 20857272.6260855309665203 2222601.9688455909490585 2222392.0888455910608172
291 5960540.6631059730425477 5960330.7831059731543064 2222601.9688455909490585 2222392.0888455910608172
292 31645370.2650022283196449 31645160.3850022293627262 2222601.9688455909490585 2222392.0888455910608172
293 12601537.6092156618833542 12601327.7292156610637903 2222601.9688455909490585 2222392.0888455910608172
294 7011498.2951952023431659 7011288.4151952024549246 2222601.9688455909490585 2222392.0888455910608172
295 23613100.7763861827552319 23612890.8963861837983131 2222601.9688455909490585 2222392.0888455910608172
296 4102650.3203043444082141 4102440.4403043445199728 2222601.9688455909490585 2222392.0888455910608172
297 11073874.2534515336155891 11073664.3734515327960253 2222601.9688455909490585 2222392.0888455910608172
298 28939520.2850268296897411 28939310.4050268307328224 2222601.9688455909490585 2222392.0888455910608172
299 7040985.0017522219568491 7040775.1217522220686078 2222601.9688455909490585 2222392.0888455910608172
300 16605410.1563932169228792 16605200.2763932161033154 2222601.9688455909490585 2222392.0888455910608172
301 27908821.4030407443642616 27908611.5230407454073429 2222601.9688455909490585 2222392.0888455910608172
302 7240206.2037882916629314 7239996.3237882917746902 2222601.9688455909490585 2222392.0888455910608172
303 30642071.3082625567913055 30641861.4282625578343868 2222601.9688455909490585 2222392.0888455910608172
304 14404229.0231103170663118 14404019.1431103162467480 2222601.9688455909490585 2222392.0888455910608172
305 30468624.8354849107563496 30468414.9554849117994308 2222601.9688455909490585 2222392.0888455910608172
306 12166462.5747665353119373 12166252.6947665344923735 2222601.9688455909490585 2222392.0888455910608172
307 24424502.1476827375590801 24424292.2676827386021614 2222601.9688455909490585 2222392.0888455910608172
308 7933227.9458001628518105 7933018.0658001629635692 2222601.9688455909490585 2222392.0888455910608172
309 20350096.3341574668884277 20349886.4541574679315090 2222601.9688455909490585 2222392.0888455910608172
310 22654949.5222340449690819 22654739.6422340460121632 2222601.9688455909490585 2222392.0888455910608172
311 42336958.5265403687953949 42336748.6465403661131859 2222601.9688455909490585 2222392.0888455910608172
312 2541650.9785499181598425 2541441.0985499182716012 2222601.9688455909490585 2222392.0888455910608172
313 26698611.2444820366799831 26698401.3644820377230644 2222601.9688455909490585 2222392.0888455910608172
314 52164865.0762433111667633 52164655.1962433084845543 2222601.9688455909490585 2222392.0888455910608172
315 9584800.5886703133583069 9584590.7086703125387430 2222601.9688455909490585 2222392.0888455910608172
316 58693854.6221128404140472 58693644.7421128377318382 2222601.9688455909490585 2222392.0888455910608172
317 62505153.9228520914912224 62504944.0428520888090134 2222601.9688455909490585 2222392.0888455910608172
318 14115462.6832900941371918 14115252.8032900933176279 2222601.9688455909490585 2222392.0888455910608172
319 22417047.3867179006338120 22416837.5067179016768932 2222601.9688455909490585 2222392.0888455910608172
320 8033883.3925823830068111 8033673.5125823831185699 2222601.9688455909490585 2222392.0888455910608172
321 48587976.2395358532667160 48587766.3595358505845070 2222601.9688455909490585 2222392.0888455910608172
322 38251146.3855023160576820 38250936.5055023133754730 2222601.9688455909490585 2222392.0888455910608172
323 14362345.6868085023015738 14362135.8068085014820099 2222601.9688455909490585 2222392.0888455910608172
324 12809200.3996732123196125 12808990.5196732115000486 2222601.9688455909490585 2222392.0888455910608172
325 7852190.4972092341631651 7851980.6172092342749238 2222601.9688455909490585 2222392.0888455910608172
326 36595466.7312882095575333 36595256.8512882068753242 2222601.9688455909490585 2222392.0888455910608172
327 48553269.2283350676298141 48553059.3483350649476051 2222601.9688455909490585 2222392.0888455910608172
328 7860792.8153983587399125 7860582.9353983588516712 2222601.9688455909490585 2222392.0888455910608172
329 10002733.5809125099331141 10002523.7009125091135502 2222601.9688455909490585 2222392.0888455910608172
330 6407449.5863057989627123 6407239.7063057990744710 2222601.9688455909490585 2222392.0888455910608172
331 25007691.1707353293895721 25007481.2907353304326534 2222601.9688455909490585 2222392.0888455910608172
332 13146253.7114138081669807 13146043.8314138073474169 2222601.9688455909490585 2222392.0888455910608172
333 36824736.9595155417919159 36824527.0795155391097069 2222601.9688455909490585 2222392.0888455910608172
334 3292843.4934657085686922 3292633.6134657086804509 2222601.9688455909490585 2222392.0888455910608172
335 10063072.7124181184917688 10062862.8324181176722050 2222601.9688455909490585 2222392.0888455910608172
336 12878253.0783596150577068 12878043.1983596142381430 2222601.9688455909490585 2222392.0888455910608172
337 14589522.6004025395959616 14589312.7204025387763977 2222601.9688455909490585 2222392.0888455910608172
338 29058346.6301010549068451 29058136.7501010559499264 2222601.9688455909490585 2222392.0888455910608172
339 24198799.3537247143685818 24198589.4737247154116631 2222601.9688455909490585 2222392.0888455910608172
340 10438998.8087850511074066 10438788.9287850502878428 2222601.9688455909490585 2222392.0888455910608172
341 12413839.9158828500658274 12413630.0358828492462635 2222601.9688455909490585 2222392.0888455910608172
342 4674926.3524055294692516 4674716.4724055295810103 2222601.9688455909490585 2222392.0888455910608172
343 28049388.2835252843797207 28049178.4035252854228020 2222601.9688455909490585 2222392.0888455910608172
344 36098879.1782800853252411 36098669.2982800826430321 2222601.9688455909490585 2222392.0888455910608172
345 14207258.8425885159522295 14207048.9625885151326656 2222601.9688455909490585 2222392.0888455910608172
346 5752151.5011038379743695 5751941.6211038380861282 2222601.9688455909490585 2222392.0888455910608172
347 12339639.2482534572482109 12339429.3682534564286470 2222601.9688455909490585 2222392.0888455910608172
348 15178284.1460107322782278 15178074.2660107314586639 2222601.9688455909490585 2222392.0888455910608172
349 23024291.0531017854809761 23024081.1731017865240574 2222601.9688455909490585 2222392.0888455910608172
350 15152850.5919430498033762 15152640.7119430489838123 2222601.9688455909490585 2222392.0888455910608172
351 5337022.1031051911413670 5336812.2231051912531257 2222601.9688455909490585 2222392.0888455910608172
352 58810856.1028037890791893 58810646.2228037863969803 2222601.9688455909490585 2222392.0888455910608172
353 54549297.1049078851938248 54549087.2249078825116158 2222601.9688455909490585 2222392.0888455910608172
354 12382221.3775066696107388 12382011.4975066687911749 2222601.9688455909490585 2222392.0888455910608172
355 13668126.5417345501482487 13667916.6617345493286848 2222601.9688455909490585 2222392.0888455910608172
356 7293924.9295163862407207 7293715.0495163863524795 2222601.9688455909490585 2222392.0888455910608172
357 6230676.4810280976817012 6230466.6010280977934599 2222601.9688455909490585 2222392.0888455910608172
358 19418784.7995576970279217 19418574.9195576980710030 2222601.9688455909490585 2222392.0888455910608172
359 12012107.7342051509767771 12011897.8542051501572132 2222601.9688455909490585 2222392.0888455910608172
360 23355985.7204732932150364 23355775.8404732942581177 2222601.9688455909490585 2222392.0888455910608172
361 9939819.2639477215707302 9939609.3839477207511663 2222601.9688455909490585 2222392.0888455910608172
362 20587585.6729454249143600 20587375.7929454259574413 2222601.9688455909490585 2222392.0888455910608172
363 4234303.6208268795162439 4234093.7408268796280026 2222601.9688455909490585 2222392.0888455910608172
364 40300886.8270338922739029 40300676.9470338895916939 2222601.9688455909490585 2222392.0888455910608172
365 29104934.2049774900078773 29104724.3249774910509586 2222601.9688455909490585 2222392.0888455910608172
366 21807187.9547469466924667 21806978.0747469477355480 2222601.9688455909490585 2222392.0888455910608172
367 24728250.0266149491071701 24728040.1466149501502514 2222601.9688455909490585 2222392.0888455910608172
368 13783330.8181607946753502 13783120.9381607938557863 2222601.9688455909490585 2222392.0888455910608172
369 24678228.4148827828466892 24678018.5348827838897705 2222601.9688455909490585 2222392.0888455910608172
370 9886890.3306714873760939 9886680.4506714865565300 2222601.9688455909490585 2222392.0888455910608172
371 13105422.1496662907302380 13105212.2696662899106741 2222601.9688455909490585 2222392.0888455910608172
372 2976974.1689486452378333 2976764.2889486453495920 2222601.9688455909490585 2222392.0888455910608172
373 29338727.5557494200766087 29338517.6757494211196899 2222601.9688455909490585 2222392.0888455910608172
374 27527750.6741065084934235 27527540.7941065095365047 2222601.9688455909490585 2222392.0888455910608172
375 30894730.8984744548797607 30894521.0184744559228420 2222601.9688455909490585 2222392.0888455910608172
376 18878191.8733783885836601 18877981.9933783896267414 2222601.9688455909490585 2222392.0888455910608172
377 69612241.2153796404600143 69612031.3353796452283859 2222601.9688455909490585 2222392.0888455910608172
378 24359405.0022389441728592 24359195.1222389452159405 2222601.9688455909490585 2222392.0888455910608172
379 26188032.2890661433339119 26187822.4090661443769932 2222601.9688455909490585 2222392.0888455910608172
380 10191011.5733100362122059 10190801.6933100353926420 2222601.9688455909490585 2222392.0888455910608172
381 19611585.0838924087584019 19611375.2038924098014832 2222601.9688455909490585 2222392.0888455910608172
382 27948465.7473084330558777 27948255.8673084340989590 2222601.9688455909490585 2222392.0888455910608172
383 3712525.4406402576714754 3712315.5606402577832341 2222601.9688455909490585 2222392.0888455910608172
384 6380449.8549009254202247 6380239.9749009255319834 2222601.9688455909490585 2222392.0888455910608172
385 13069339.0466295834630728 13069129.1666295826435089 2222601.9688455909490585 2222392.0888455910608172
386 36636827.5203381553292274 36636617.6403381526470184 2222601.9688455909490585 2222392.0888455910608172
387 12663596.3582922164350748 12663386.4782922156155109 2222601.9688455909490585 2222392.0888455910608172
388 10567115.2544509656727314 10566905.3744509648531675 2222601.9688455909490585 2222392.0888455910608172
389 26427230.1850331686437130 26427020.3050331696867943 2222601.9688455909490585 2222392.0888455910608172
390 5209172.1937442990019917 5208962.3137442991137505 2222601.9688455909490585 2222392.0888455910608172
391 24270238.2845885492861271 24270028.4045885503292084 2222601.9688455909490585 2222392.0888455910608172
392 19658916.8713131099939346 19658706.9913131110370159 2222601.9688455909490585 2222392.0888455910608172
393 64865338.2728791311383247 64865128.3928791284561157 2222601.9688455909490585 2222392.0888455910608172
394 13295438.6529305987060070 13295228.7729305978864431 2222601.9688455909490585 2222392.0888455910608172
395 23371032.1151859462261200 23370822.2351859472692013 2222601.9688455909490585 2222392.0888455910608172
396 22695030.6852727457880974 22694820.8052727468311787 2222601.9688455909490585 2222392.0888455910608172
397 33184987.6246977485716343 33184777.7446977496147156 2222601.9688455909490585 2222392.0888455910608172
398 54863526.3958270400762558 54863316.5158270373940468 2222601.9688455909490585 2222392.0888455910608172
399 38928489.3334697335958481 38928279.4534697309136391 2222601.9688455909490585 2222392.0888455910608172
400 12120879.6831715628504753 12120669.8031715620309114 2222601.9688455909490585 2222392.0888455910608172
401 17717334.7005022764205933 17717124.8205022774636745 2222601.9688455909490585 2222392.0888455910608172
402 15649416.5058983750641346 15649206.6258983742445707 2222601.9688455909490585 2222392.0888455910608172
403 18860692.2985181063413620 18860482.4185181073844433 2222601.9688455909490585 2222392.0888455910608172
404 23858920.4796513989567757 23858710.5996513999998569 2222601.9688455909490585 2222392.0888455910608172
405 35844454.8695229217410088 35844244.9895229190587997 2222601.9688455909490585 2222392.0888455910608172
406 16717523.7632621508091688 16717313.8832621499896049 2222601.9688455909490585 2222392.0888455910608172
407 15040071.3282648138701916 15039861.4482648130506277 2222601.9688455909490585 2222392.0888455910608172
408 25733934.2348662912845612 25733724.3548662923276424 2222601.9688455909490585 2222392.0888455910608172
409 21773302.5774514712393284 21773092.6974514722824097 2222601.9688455909490585 2222392.0888455910608172
410 25929548.8570847511291504 25929338.9770847521722317 2222601.9688455909490585 2222392.0888455910608172
411 9351624.5746650602668524 9351414.6946650594472885 2222601.9688455909490585 2222392.0888455910608172
412 13205793.9282868802547455 13205584.0482868794351816 2222601.9688455909490585 2222392.0888455910608172
413 8370384.1375868683680892 8370174.2575868684798479 2222601.9688455909490585 2222392.0888455910608172
414 16917051.8355578780174255 16916841.9555578790605068 2222601.9688455909490585 2222392.0888455910608172
415 5893458.7866115216165781 5893248.9066115217283368 2222601.9688455909490585 2222392.0888455910608172
416 22769471.1719166040420532 22769261.2919166050851345 2222601.9688455909490585 2222392.0888455910608172
417 3514453.9843686735257506 3514244.1043686736375093 2222601.9688455909490585 2222392.0888455910608172
418 5934709.6793109755963087 5934499.7993109757080674 2222601.9688455909490585 2222392.0888455910608172
419 11182671.8251335714012384 11182461.9451335705816746 2222601.9688455909490585 2222392.0888455910608172
420 4385888.8769236011430621 4385678.9969236012548208 2222601.9688455909490585 2222392.0888455910608172
421 18999015.9981155395507812 18998806.1181155405938625 2222601.9688455909490585 2222392.0888455910608172
422 7009417.2924209982156754 7009207.4124209983274341 2222601.9688455909490585 2222392.0888455910608172
423 33229646.2615584991872311 33229436.3815585002303123 2222601.9688455909490585 2222392.0888455910608172
424 16216286.8242357634007931 16216076.9442357625812292 2222601.9688455909490585 2222392.0888455910608172
425 4237952.5705018099397421 4237742.6905018100515008 2222601.9688455909490585 2222392.0888455910608172
426 17334516.4600035063922405 17334306.5800035074353218 2222601.9688455909490585 2222392.0888455910608172
427 17429240.8662999458611012 17429030.9862999469041824 2222601.9688455909490585 2222392.0888455910608172
428 13236349.1297708507627249 13236139.2497708499431610 2222601.9688455909490585 2222392.0888455910608172
429 6676918.7557949563488364 6676708.8757949564605951 2222601.9688455909490585 2222392.0888455910608172
430 17487819.2537323012948036 17487609.3737323023378849 2222601.9688455909490585 2222392.0888455910608172
431 8225521.4216700680553913 8225311.5416700681671500 2222601.9688455909490585 2222392.0888455910608172
432 5539955.5838074581697583 5539745.7038074582815170 2222601.9688455909490585 2222392.0888455910608172
433 11719943.0343044139444828 11719733.1543044131249189 2222601.9688455909490585 2222392.0888455910608172
434 25710783.0278324224054813 25710573.1478324234485626 2222601.9688455909490585 2222392.0888455910608172
435 7320747.9707475770264864 7320538.0907475771382451 2222601.9688455909490585 2222392.0888455910608172
436 31139686.1696856021881104 31139476.2896856032311916 2222601.9688455909490585 2222392.0888455910608172
437 19494827.6782146394252777 19494617.7982146404683590 2222601.9688455909490585 2222392.0888455910608172
438 22787309.8689853958785534 22787099.9889853969216347 2222601.9688455909490585 2222392.0888455910608172
439 27277262.1085050180554390 27277052.2285050190985203 2222601.9688455909490585 2222392.0888455910608172
440 49767715.0555152595043182 49767505.1755152568221092 2222601.9688455909490585 2222392.0888455910608172
441 12885516.8961713388562202 12885307.0161713380366564 2222601.9688455909490585 2222392.0888455910608172
442 22462862.7304971627891064 22462652.8504971638321877 2222601.9688455909490585 2222392.0888455910608172
443 14621856.6253009922802448 14621646.7453009914606810 2222601.9688455909490585 2222392.0888455910608172
444 20714210.4336353242397308 20714000.5536353252828121 2222601.9688455909490585 2222392.0888455910608172
445 10669679.3491223435848951 10669469.4691223427653313 2222601.9688455909490585 2222392.0888455910608172
446 17817145.5032706335186958 17816935.6232706345617771 2222601.9688455909490585 2222392.0888455910608172
447 7611861.9847557693719864 7611652.1047557694837451 2222601.9688455909490585 2222392.0888455910608172
448 27161851.8255109414458275 27161641.9455109424889088 2222601.9688455909490585 2222392.0888455910608172
449 10041127.5679265111684799 10040917.6879265103489161 2222601.9688455909490585 2222392.0888455910608172
450 12257288.8145685978233814 12257078.9345685970038176 2222601.9688455909490585 2222392.0888455910608172
451 22135188.3221434988081455 22134978.4421434998512268 2222601.9688455909490585 2222392.0888455910608172
452 45117018.5617442876100540 45116808.6817442849278450 2222601.9688455909490585 2222392.0888455910608172
453 9177990.5218908786773682 9177780.6418908778578043 2222601.9688455909490585 2222392.0888455910608172
454 9558295.0909693203866482 9558085.2109693195670843 2222601.9688455909490585 2222392.0888455910608172
455 33810115.6044845804572105 33809905.7244845777750015 2222601.9688455909490585 2222392.0888455910608172
456 10670097.0729957520961761 10669887.1929957512766123 2222601.9688455909490585 2222392.0888455910608172
457 16838272.4421254247426987 16838062.5621254257857800 2222601.9688455909490585 2222392.0888455910608172
458 29270150.5335644930601120 29269940.6535644941031933 2222601.9688455909490585 2222392.0888455910608172
459 31002257.0319684147834778 31002047.1519684158265591 2222601.9688455909490585 2222392.0888455910608172
460 4938116.1251707263290882 4937906.2451707264408469 2222601.9688455909490585 2222392.0888455910608172
461 39629705.2749978601932526 39629495.3949978575110435 2222601.9688455909490585 2222392.0888455910608172
462 44066112.8578454107046127 44065902.9778454080224037 2222601.9688455909490585 2222392.0888455910608172
463 21378958.3793793432414532 21378748.4993793442845345 2222601.9688455909490585 2222392.0888455910608172
464 11012555.7762071117758751 11012345.8962071109563112 2222601.9688455909490585 2222392.0888455910608172
465 13664178.9335766397416592 13663969.0535766389220953 2222601.9688455909490585 2222392.0888455910608172
466 24876320.8686786107718945 24876110.9886786118149757 2222601.9688455909490585 2222392.0888455910608172
467 7798195.8414978422224522 7797985.9614978423342109 2222601.9688455909490585 2222392.0888455910608172
468 11894758.7011883873492479 11894548.8211883865296841 2222601.9688455909490585 2222392.0888455910608172
469 3659642.5444389213807881 3659432.6644389214925468 2222601.9688455909490585 2222392.0888455910608172
470 28756521.1626497022807598 28756311.2826497033238411 2222601.9688455909490585 2222392.0888455910608172
471 10664694.4715070854872465 10664484.5915070846676826 2222601.9688455909490585 2222392.0888455910608172
472 9670762.5258087385445833 9670552.6458087377250195 2222601.9688455909490585 2222392.0888455910608172
473 5096807.7463296819478273 5096597.8663296820595860 2222601.9688455909490585 2222392.0888455910608172
474 6377735.3848937656730413 6377525.5048937657848001 2222601.9688455909490585 2222392.0888455910608172
475 2889061.5966985346749425 2888851.7166985347867012 2222601.9688455909490585 2222392.0888455910608172
476 11474792.8250168263912201 11474582.9450168255716562 2222601.9688455909490585 2222392.0888455910608172
477 18111424.6858825422823429 18111214.8058825433254242 2222601.9688455909490585 2222392.0888455910608172
478 26579416.3237306438386440 26579206.4437306448817253 2222601.9688455909490585 2222392.0888455910608172
479 9089740.3880025856196880 9089530.5080025848001242 2222601.9688455909490585 2222392.0888455910608172
480 29757326.0910884253680706 29757116.2110884264111519 2222601.9688455909490585 2222392.0888455910608172
481 14196911.5452531576156616 14196701.6652531567960978 2222601.9688455909490585 2222392.0888455910608172
482 40621890.1327005624771118 40621680.2527005597949028 2222601.9688455909490585 2222392.0888455910608172
483 19376092.0349476970732212 19375882.1549476981163025 2222601.9688455909490585 2222392.0888455910608172
484 22268380.9326113909482956 22268171.0526113919913769 2222601.9688455909490585 2222392.0888455910608172
485 18258711.7705962769687176 18258501.8905962780117989 2222601.9688455909490585 2222392.0888455910608172
486 21936102.0965007916092873 21935892.2165007926523685 2222601.9688455909490585 2222392.0888455910608172
487 18395324.1293839626014233 18395114.2493839636445045 2222601.9688455909490585 2222392.0888455910608172
488 10404526.1507575120776892 10404316.2707575112581253 2222601.9688455909490585 2222392.0888455910608172
489 19810561.0533950403332710 19810351.1733950413763523 2222601.9688455909490585 2222392.0888455910608172
490 42701507.0659840852022171 42701297.1859840825200081 2222601.9688455909490585 2222392.0888455910608172
491 21391960.9262250475585461 21391751.0462250486016273 2222601.9688455909490585 2222392.0888455910608172
492 33377412.4000958018004894 33377202.5200958028435707 2222601.9688455909490585 2222392.0888455910608172
493 14896625.4770479351282120 14896415.5970479343086481 2222601.9688455909490585 2222392.0888455910608172
494 30898267.3370633944869041 30898057.4570633955299854 2222601.9688455909490585 2222392.0888455910608172
495 43129188.5499406754970551 43128978.6699406728148460 2222601.9688455909490585 2222392.0888455910608172
496 34641753.9929545894265175 34641544.1129545867443085 2222601.9688455909490585 2222392.0888455910608172
497 52180903.5619630441069603 52180693.6819630414247513 2222601.9688455909490585 2222392.0888455910608172
498 56345311.4354255944490433 56345101.5554255917668343 2222601.9688455909490585 2222392.0888455910608172
499 21064111.8060567639768124 21063901.9260567650198936 2222601.9688455909490585 2222392.0888455910608172
500 10256374.2036182805895805 10256164.3236182797700167 2222601.9688455909490585 2222392.0888455910608172
