evaluations raw_y current_y raw_y_best current_y_best
1 21992042.1544527411460876 21991832.2744527421891689 21992042.1544527411460876 21991832.2744527421891689
2 43860637.3194467872381210 43860427.4394467845559120 21992042.1544527411460876 21991832.2744527421891689
3 12484154.3277302272617817 12483944.4477302264422178 12484154.3277302272617817 12483944.4477302264422178
4 32094556.7570201456546783 32094346.8770201466977596 12484154.3277302272617817 12483944.4477302264422178
5 34492912.6169798001646996 34492702.7369797974824905 12484154.3277302272617817 12483944.4477302264422178
6 16460243.3072896916419268 16460033.4272896908223629 12484154.3277302272617817 12483944.4477302264422178
7 34298187.2561885043978691 34297977.3761885017156601 12484154.3277302272617817 12483944.4477302264422178
8 23907363.6391219533979893 23907153.7591219544410706 12484154.3277302272617817 12483944.4477302264422178
9 20481710.2535868026316166 20481500.3735868036746979 12484154.3277302272617817 12483944.4477302264422178
10 14706192.6093041002750397 14705982.7293040994554758 12484154.3277302272617817 12483944.4477302264422178
11 12462641.7897710464894772 12462431.9097710456699133 12462641.7897710464894772 12462431.9097710456699133
12 13543597.9944840017706156 13543388.1144840009510517 12462641.7897710464894772 12462431.9097710456699133
13 13938445.0016072690486908 13938235.1216072682291269 12462641.7897710464894772 12462431.9097710456699133
14 16986903.2008953876793385 16986693.3208953887224197 12462641.7897710464894772 12462431.9097710456699133
15 14479697.6431514471769333 14479487.7631514463573694 12462641.7897710464894772 12462431.9097710456699133
16 25028103.3121552392840385 25027893.4321552403271198 12462641.7897710464894772 12462431.9097710456699133
17 13842579.1423884797841311 13842369.2623884789645672 12462641.7897710464894772 12462431.9097710456699133
18 10944012.1842280961573124 10943802.3042280953377485 10944012.1842280961573124 10943802.3042280953377485
19 12555589.0290028341114521 12555379.1490028332918882 10944012.1842280961573124 10943802.3042280953377485
20 14254246.6438354160636663 14254036.7638354152441025 10944012.1842280961573124 10943802.3042280953377485
21 10509502.4236080981791019 10509292.5436080973595381 10509502.4236080981791019 10509292.5436080973595381
22 9959282.6245190650224686 9959072.7445190642029047 9959282.6245190650224686 9959072.7445190642029047
23 10470497.3558618277311325 10470287.4758618269115686 9959282.6245190650224686 9959072.7445190642029047
24 10068007.8074086494743824 10067797.9274086486548185 9959282.6245190650224686 9959072.7445190642029047
25 13410430.7424073107540607 13410220.8624073099344969 9959282.6245190650224686 9959072.7445190642029047
26 11807583.8982633315026760 11807374.0182633306831121 9959282.6245190650224686 9959072.7445190642029047
27 11659551.1373478658497334 11659341.2573478650301695 9959282.6245190650224686 9959072.7445190642029047
28 12092409.3949834126979113 12092199.5149834118783474 9959282.6245190650224686 9959072.7445190642029047
29 12548882.2343642041087151 12548672.3543642032891512 9959282.6245190650224686 9959072.7445190642029047
30 14647501.9298105183988810 14647292.0498105175793171 9959282.6245190650224686 9959072.7445190642029047
31 13394719.5008368678390980 13394509.6208368670195341 9959282.6245190650224686 9959072.7445190642029047
32 13276808.4321996159851551 13276598.5521996151655912 9959282.6245190650224686 9959072.7445190642029047
33 11954698.3578836023807526 11954488.4778836015611887 9959282.6245190650224686 9959072.7445190642029047
34 10140030.7145988550037146 10139820.8345988541841507 9959282.6245190650224686 9959072.7445190642029047
35 9360358.3416275158524513 9360148.4616275150328875 9360358.3416275158524513 9360148.4616275150328875
36 12744579.4580418821424246 12744369.5780418813228607 9360358.3416275158524513 9360148.4616275150328875
37 10094696.2331900149583817 10094486.3531900141388178 9360358.3416275158524513 9360148.4616275150328875
38 13308696.9995910990983248 13308487.1195910982787609 9360358.3416275158524513 9360148.4616275150328875
39 10196971.3190695233643055 10196761.4390695225447416 9360358.3416275158524513 9360148.4616275150328875
40 10983268.3078655190765858 10983058.4278655182570219 9360358.3416275158524513 9360148.4616275150328875
41 20020225.3535420820116997 20020015.4735420830547810 9360358.3416275158524513 9360148.4616275150328875
42 9888792.6935849897563457 9888582.8135849889367819 9360358.3416275158524513 9360148.4616275150328875
43 9641430.7662585936486721 9641220.8862585928291082 9360358.3416275158524513 9360148.4616275150328875
44 9764846.9068659283220768 9764637.0268659275025129 9360358.3416275158524513 9360148.4616275150328875
45 9672687.9445239249616861 9672478.0645239241421223 9360358.3416275158524513 9360148.4616275150328875
46 10624939.8726556599140167 10624729.9926556590944529 9360358.3416275158524513 9360148.4616275150328875
47 8982467.8843824826180935 8982258.0043824817985296 8982467.8843824826180935 8982258.0043824817985296
48 10692761.7336116414517164 10692551.8536116406321526 8982467.8843824826180935 8982258.0043824817985296
49 9642993.3903269302099943 9642783.5103269293904305 8982467.8843824826180935 8982258.0043824817985296
50 13813362.2049827612936497 13813152.3249827604740858 8982467.8843824826180935 8982258.0043824817985296
51 14795845.5307721607387066 14795635.6507721599191427 8982467.8843824826180935 8982258.0043824817985296
52 10391532.7240028083324432 10391322.8440028075128794 8982467.8843824826180935 8982258.0043824817985296
53 11689327.3348583802580833 11689117.4548583794385195 8982467.8843824826180935 8982258.0043824817985296
54 10876484.3474403396248817 10876274.4674403388053179 8982467.8843824826180935 8982258.0043824817985296
55 14298353.1897464003413916 14298143.3097463995218277 8982467.8843824826180935 8982258.0043824817985296
56 10621555.2508843224495649 10621345.3708843216300011 8982467.8843824826180935 8982258.0043824817985296
57 11542760.8567900862544775 11542550.9767900854349136 8982467.8843824826180935 8982258.0043824817985296
58 9298824.0885304715484381 9298614.2085304707288742 8982467.8843824826180935 8982258.0043824817985296
59 12175774.5248135253787041 12175564.6448135245591402 8982467.8843824826180935 8982258.0043824817985296
60 11776403.6312249191105366 11776193.7512249182909727 8982467.8843824826180935 8982258.0043824817985296
61 9212131.6699985992163420 9211921.7899985983967781 8982467.8843824826180935 8982258.0043824817985296
62 16055536.2180573754012585 16055326.3380573745816946 8982467.8843824826180935 8982258.0043824817985296
63 11594291.3944419100880623 11594081.5144419092684984 8982467.8843824826180935 8982258.0043824817985296
64 9566613.0203192513436079 9566403.1403192505240440 8982467.8843824826180935 8982258.0043824817985296
65 6773377.9488071147352457 6773168.0688071148470044 6773377.9488071147352457 6773168.0688071148470044
66 13933850.6178224850445986 13933640.7378224842250347 6773377.9488071147352457 6773168.0688071148470044
67 14273297.9466430060565472 14273088.0666430052369833 6773377.9488071147352457 6773168.0688071148470044
68 15201102.8086766041815281 15200892.9286766033619642 6773377.9488071147352457 6773168.0688071148470044
69 16193123.2763970792293549 16192913.3963970784097910 6773377.9488071147352457 6773168.0688071148470044
70 12718675.3451123926788568 12718465.4651123918592930 6773377.9488071147352457 6773168.0688071148470044
71 16159179.0951254442334175 16158969.2151254434138536 6773377.9488071147352457 6773168.0688071148470044
72 13866678.7244279328733683 13866468.8444279320538044 6773377.9488071147352457 6773168.0688071148470044
73 9645050.4208333380520344 9644840.5408333372324705 6773377.9488071147352457 6773168.0688071148470044
74 9304854.9676246177405119 9304645.0876246169209480 6773377.9488071147352457 6773168.0688071148470044
75 20277180.7601751014590263 20276970.8801751025021076 6773377.9488071147352457 6773168.0688071148470044
76 9441468.0291637945920229 9441258.1491637937724590 6773377.9488071147352457 6773168.0688071148470044
77 10666499.0879101697355509 10666289.2079101689159870 6773377.9488071147352457 6773168.0688071148470044
78 10606218.4840528424829245 10606008.6040528416633606 6773377.9488071147352457 6773168.0688071148470044
79 9433761.0622201152145863 9433551.1822201143950224 6773377.9488071147352457 6773168.0688071148470044
80 11265890.3046744428575039 11265680.4246744420379400 6773377.9488071147352457 6773168.0688071148470044
81 8196593.2617942551150918 8196383.3817942552268505 6773377.9488071147352457 6773168.0688071148470044
82 9402072.0341314729303122 9401862.1541314721107483 6773377.9488071147352457 6773168.0688071148470044
83 10206023.6639942917972803 10205813.7839942909777164 6773377.9488071147352457 6773168.0688071148470044
84 8335443.8289845213294029 8335233.9489845214411616 6773377.9488071147352457 6773168.0688071148470044
85 9801563.9337251298129559 9801354.0537251289933920 6773377.9488071147352457 6773168.0688071148470044
86 11006529.7260220795869827 11006319.8460220787674189 6773377.9488071147352457 6773168.0688071148470044
87 9839376.3348296694457531 9839166.4548296686261892 6773377.9488071147352457 6773168.0688071148470044
88 10194971.2936062905937433 10194761.4136062897741795 6773377.9488071147352457 6773168.0688071148470044
89 9425453.1123998668044806 9425243.2323998659849167 6773377.9488071147352457 6773168.0688071148470044
90 10688547.7979922238737345 10688337.9179922230541706 6773377.9488071147352457 6773168.0688071148470044
91 13124757.1928258389234543 13124547.3128258381038904 6773377.9488071147352457 6773168.0688071148470044
92 16040806.0914729796350002 16040596.2114729788154364 6773377.9488071147352457 6773168.0688071148470044
93 22049079.3517819568514824 22048869.4717819578945637 6773377.9488071147352457 6773168.0688071148470044
94 7858132.3893194161355495 7857922.5093194162473083 6773377.9488071147352457 6773168.0688071148470044
95 15414968.0169280581176281 15414758.1369280572980642 6773377.9488071147352457 6773168.0688071148470044
96 9132320.8227024991065264 9132110.9427024982869625 6773377.9488071147352457 6773168.0688071148470044
97 11116396.9009782429784536 11116187.0209782421588898 6773377.9488071147352457 6773168.0688071148470044
98 11357048.4983117412775755 11356838.6183117404580116 6773377.9488071147352457 6773168.0688071148470044
99 9793270.0193614624440670 9793060.1393614616245031 6773377.9488071147352457 6773168.0688071148470044
100 10631668.7637469563633204 10631458.8837469555437565 6773377.9488071147352457 6773168.0688071148470044
101 10126333.4105052854865789 10126123.5305052846670151 6773377.9488071147352457 6773168.0688071148470044
102 10463093.9184289425611496 10462884.0384289417415857 6773377.9488071147352457 6773168.0688071148470044
103 16593184.3502617254853249 16592974.4702617246657610 6773377.9488071147352457 6773168.0688071148470044
104 14369042.4238870590925217 14368832.5438870582729578 6773377.9488071147352457 6773168.0688071148470044
105 10432586.5181370470672846 10432376.6381370462477207 6773377.9488071147352457 6773168.0688071148470044
106 9544282.7266597747802734 9544072.8466597739607096 6773377.9488071147352457 6773168.0688071148470044
107 4086517.5010032164864242 4086307.6210032165981829 4086517.5010032164864242 4086307.6210032165981829
108 6814918.6473884060978889 6814708.7673884062096477 4086517.5010032164864242 4086307.6210032165981829
109 4948189.0187379643321037 4947979.1387379644438624 4086517.5010032164864242 4086307.6210032165981829
110 15572081.6702104806900024 15571871.7902104798704386 4086517.5010032164864242 4086307.6210032165981829
111 5090307.7374179754406214 5090097.8574179755523801 4086517.5010032164864242 4086307.6210032165981829
112 4962841.7214263528585434 4962631.8414263529703021 4086517.5010032164864242 4086307.6210032165981829
113 7763924.9476715922355652 7763715.0676715923473239 4086517.5010032164864242 4086307.6210032165981829
114 5868337.0403293557465076 5868127.1603293558582664 4086517.5010032164864242 4086307.6210032165981829
115 8769184.5400656741112471 8768974.6600656732916832 4086517.5010032164864242 4086307.6210032165981829
116 7087882.2889854647219181 7087672.4089854648336768 4086517.5010032164864242 4086307.6210032165981829
117 7945952.0210233507677913 7945742.1410233508795500 4086517.5010032164864242 4086307.6210032165981829
118 3890700.1697413143701851 3890490.2897413144819438 3890700.1697413143701851 3890490.2897413144819438
119 4528569.4711907319724560 4528359.5911907320842147 3890700.1697413143701851 3890490.2897413144819438
120 7522832.7571583520621061 7522622.8771583521738648 3890700.1697413143701851 3890490.2897413144819438
121 12425841.6516824141144753 12425631.7716824132949114 3890700.1697413143701851 3890490.2897413144819438
122 7005715.5495371064171195 7005505.6695371065288782 3890700.1697413143701851 3890490.2897413144819438
123 3764271.3324592392891645 3764061.4524592394009233 3764271.3324592392891645 3764061.4524592394009233
124 4202042.2836286267265677 4201832.4036286268383265 3764271.3324592392891645 3764061.4524592394009233
125 6316953.6018497161567211 6316743.7218497162684798 3764271.3324592392891645 3764061.4524592394009233
126 4337084.0001058559864759 4336874.1201058560982347 3764271.3324592392891645 3764061.4524592394009233
127 8331723.2700941357761621 8331513.3900941358879209 3764271.3324592392891645 3764061.4524592394009233
128 7044755.3640013514086604 7044545.4840013515204191 3764271.3324592392891645 3764061.4524592394009233
129 7762435.4901701817288995 7762225.6101701818406582 3764271.3324592392891645 3764061.4524592394009233
130 7735081.3352929716929793 7734871.4552929718047380 3764271.3324592392891645 3764061.4524592394009233
131 6123528.0727272955700755 6123318.1927272956818342 3764271.3324592392891645 3764061.4524592394009233
132 5723303.8802188234403729 5723094.0002188235521317 3764271.3324592392891645 3764061.4524592394009233
133 8193062.7721039447933435 8192852.8921039449051023 3764271.3324592392891645 3764061.4524592394009233
134 12171214.8771808557212353 12171004.9971808549016714 3764271.3324592392891645 3764061.4524592394009233
135 8379539.5229217540472746 8379329.6429217541590333 3764271.3324592392891645 3764061.4524592394009233
136 7236580.4917061021551490 7236370.6117061022669077 3764271.3324592392891645 3764061.4524592394009233
137 6492279.4193178964778781 6492069.5393178965896368 3764271.3324592392891645 3764061.4524592394009233
138 7480694.2595648840069771 7480484.3795648841187358 3764271.3324592392891645 3764061.4524592394009233
139 5640994.1126951798796654 5640784.2326951799914241 3764271.3324592392891645 3764061.4524592394009233
140 6244294.1020430987700820 6244084.2220430988818407 3764271.3324592392891645 3764061.4524592394009233
141 19219452.8015220798552036 19219242.9215220808982849 3764271.3324592392891645 3764061.4524592394009233
142 10431083.8249354474246502 10430873.9449354466050863 3764271.3324592392891645 3764061.4524592394009233
143 5029557.0851067313924432 5029347.2051067315042019 3764271.3324592392891645 3764061.4524592394009233
144 7387527.3033422818407416 7387317.4233422819525003 3764271.3324592392891645 3764061.4524592394009233
145 5777947.6332475095987320 5777737.7532475097104907 3764271.3324592392891645 3764061.4524592394009233
146 5885903.3702971916645765 5885693.4902971917763352 3764271.3324592392891645 3764061.4524592394009233
147 5088609.3395728003233671 5088399.4595728004351258 3764271.3324592392891645 3764061.4524592394009233
148 34357383.6326004117727280 34357173.7526004090905190 3764271.3324592392891645 3764061.4524592394009233
149 8301309.3202993553131819 8301099.4402993554249406 3764271.3324592392891645 3764061.4524592394009233
150 22724527.5444917120039463 22724317.6644917130470276 3764271.3324592392891645 3764061.4524592394009233
151 5946939.3340542213991284 5946729.4540542215108871 3764271.3324592392891645 3764061.4524592394009233
152 15710828.2517287097871304 15710618.3717287089675665 3764271.3324592392891645 3764061.4524592394009233
153 3584600.4167089331895113 3584390.5367089333012700 3584600.4167089331895113 3584390.5367089333012700
154 3447058.7249886216595769 3446848.8449886217713356 3447058.7249886216595769 3446848.8449886217713356
155 26152263.6471617631614208 26152053.7671617642045021 3447058.7249886216595769 3446848.8449886217713356
156 4033775.8133970350027084 4033565.9333970351144671 3447058.7249886216595769 3446848.8449886217713356
157 5215062.4331259131431580 5214852.5531259132549167 3447058.7249886216595769 3446848.8449886217713356
158 5204008.7679503429681063 5203798.8879503430798650 3447058.7249886216595769 3446848.8449886217713356
159 4846801.4495248747989535 4846591.5695248749107122 3447058.7249886216595769 3446848.8449886217713356
160 7148465.4772031940519810 7148255.5972031941637397 3447058.7249886216595769 3446848.8449886217713356
161 8914248.9544256702065468 8914039.0744256693869829 3447058.7249886216595769 3446848.8449886217713356
162 4646117.7708355523645878 4645907.8908355524763465 3447058.7249886216595769 3446848.8449886217713356
163 5308955.2649138551205397 5308745.3849138552322984 3447058.7249886216595769 3446848.8449886217713356
164 5365170.1575006013736129 5364960.2775006014853716 3447058.7249886216595769 3446848.8449886217713356
165 6306664.6162052880972624 6306454.7362052882090211 3447058.7249886216595769 3446848.8449886217713356
166 19888569.9254585914313793 19888360.0454585924744606 3447058.7249886216595769 3446848.8449886217713356
167 6566320.5209523374214768 6566110.6409523375332355 3447058.7249886216595769 3446848.8449886217713356
168 11310751.3096061963587999 11310541.4296061955392361 3447058.7249886216595769 3446848.8449886217713356
169 4902090.0233198218047619 4901880.1433198219165206 3447058.7249886216595769 3446848.8449886217713356
170 3308918.0503353229723871 3308708.1703353230841458 3308918.0503353229723871 3308708.1703353230841458
171 4965078.3038749154657125 4964868.4238749155774713 3308918.0503353229723871 3308708.1703353230841458
172 4337367.2498159501701593 4337157.3698159502819180 3308918.0503353229723871 3308708.1703353230841458
173 5765245.3287361105903983 5765035.4487361107021570 3308918.0503353229723871 3308708.1703353230841458
174 6018717.5211203014478087 6018507.6411203015595675 3308918.0503353229723871 3308708.1703353230841458
175 8550640.4315359033644199 8550430.5515359025448561 3308918.0503353229723871 3308708.1703353230841458
176 5189229.2970823477953672 5189019.4170823479071259 3308918.0503353229723871 3308708.1703353230841458
177 5507791.6722179250791669 5507581.7922179251909256 3308918.0503353229723871 3308708.1703353230841458
178 3346042.5610590707510710 3345832.6810590708628297 3308918.0503353229723871 3308708.1703353230841458
179 6846035.0519242659211159 6845825.1719242660328746 3308918.0503353229723871 3308708.1703353230841458
180 5832383.4423826765269041 5832173.5623826766386628 3308918.0503353229723871 3308708.1703353230841458
181 5527717.7673630714416504 5527507.8873630715534091 3308918.0503353229723871 3308708.1703353230841458
182 2261525.2279860498383641 2261315.3479860499501228 2261525.2279860498383641 2261315.3479860499501228
183 5083276.3056396376341581 5083066.4256396377459168 2261525.2279860498383641 2261315.3479860499501228
184 6288379.7893210379406810 6288169.9093210380524397 2261525.2279860498383641 2261315.3479860499501228
185 3916626.1288144704885781 3916416.2488144706003368 2261525.2279860498383641 2261315.3479860499501228
186 3738933.6114261592738330 3738723.7314261593855917 2261525.2279860498383641 2261315.3479860499501228
187 2396924.3554596481844783 2396714.4754596482962370 2261525.2279860498383641 2261315.3479860499501228
188 1822772.8251673458144069 1822562.9451673459261656 1822772.8251673458144069 1822562.9451673459261656
189 2676318.6815235144458711 2676108.8015235145576298 1822772.8251673458144069 1822562.9451673459261656
190 5403592.3584320526570082 5403382.4784320527687669 1822772.8251673458144069 1822562.9451673459261656
191 3740253.7567705530673265 3740043.8767705531790853 1822772.8251673458144069 1822562.9451673459261656
192 2971932.1617029458284378 2971722.2817029459401965 1822772.8251673458144069 1822562.9451673459261656
193 26243966.9485440216958523 26243757.0685440227389336 1822772.8251673458144069 1822562.9451673459261656
194 2925280.8088696477934718 2925070.9288696479052305 1822772.8251673458144069 1822562.9451673459261656
195 6096094.9320754958316684 6095885.0520754959434271 1822772.8251673458144069 1822562.9451673459261656
196 10355041.6545562148094177 10354831.7745562139898539 1822772.8251673458144069 1822562.9451673459261656
197 13609438.0623177867382765 13609228.1823177859187126 1822772.8251673458144069 1822562.9451673459261656
198 7053320.6704751783981919 7053110.7904751785099506 1822772.8251673458144069 1822562.9451673459261656
199 6507316.3406530041247606 6507106.4606530042365193 1822772.8251673458144069 1822562.9451673459261656
200 5788355.5572552969679236 5788145.6772552970796824 1822772.8251673458144069 1822562.9451673459261656
201 4348592.4691767655313015 4348382.5891767656430602 1822772.8251673458144069 1822562.9451673459261656
202 7674524.3255796451121569 7674314.4455796452239156 1822772.8251673458144069 1822562.9451673459261656
203 7043069.3485875762999058 7042859.4685875764116645 1822772.8251673458144069 1822562.9451673459261656
204 5789023.5642830710858107 5788813.6842830711975694 1822772.8251673458144069 1822562.9451673459261656
205 4117898.7098694220185280 4117688.8298694221302867 1822772.8251673458144069 1822562.9451673459261656
206 6365788.0342147722840309 6365578.1542147723957896 1822772.8251673458144069 1822562.9451673459261656
207 6080684.9300050176680088 6080475.0500050177797675 1822772.8251673458144069 1822562.9451673459261656
208 3234001.9818565966561437 3233792.1018565967679024 1822772.8251673458144069 1822562.9451673459261656
209 4908296.2920085527002811 4908086.4120085528120399 1822772.8251673458144069 1822562.9451673459261656
210 7051614.6844979748129845 7051404.8044979749247432 1822772.8251673458144069 1822562.9451673459261656
211 5392670.8160958625376225 5392460.9360958626493812 1822772.8251673458144069 1822562.9451673459261656
212 7015586.6288305558264256 7015376.7488305559381843 1822772.8251673458144069 1822562.9451673459261656
213 5119860.5588602079078555 5119650.6788602080196142 1822772.8251673458144069 1822562.9451673459261656
214 5548502.3078847210854292 5548292.4278847211971879 1822772.8251673458144069 1822562.9451673459261656
215 6099402.0092379190027714 6099192.1292379191145301 1822772.8251673458144069 1822562.9451673459261656
216 3896213.6062835585325956 3896003.7262835586443543 1822772.8251673458144069 1822562.9451673459261656
217 8171230.1640251837670803 8171020.2840251838788390 1822772.8251673458144069 1822562.9451673459261656
218 4360636.6825092304497957 4360426.8025092305615544 1822772.8251673458144069 1822562.9451673459261656
219 4499419.2462961757555604 4499209.3662961758673191 1822772.8251673458144069 1822562.9451673459261656
220 2909718.9713005330413580 2909509.0913005331531167 1822772.8251673458144069 1822562.9451673459261656
221 7703883.6323682898655534 7703673.7523682899773121 1822772.8251673458144069 1822562.9451673459261656
222 5176381.6140092387795448 5176171.7340092388913035 1822772.8251673458144069 1822562.9451673459261656
223 4980149.3193503245711327 4979939.4393503246828914 1822772.8251673458144069 1822562.9451673459261656
224 3898824.9265612242743373 3898615.0465612243860960 1822772.8251673458144069 1822562.9451673459261656
225 4643611.8920832388103008 4643402.0120832389220595 1822772.8251673458144069 1822562.9451673459261656
226 9326553.4481426607817411 9326343.5681426599621773 1822772.8251673458144069 1822562.9451673459261656
227 3183360.3733460754156113 3183150.4933460755273700 1822772.8251673458144069 1822562.9451673459261656
228 3384797.3673432487994432 3384587.4873432489112020 1822772.8251673458144069 1822562.9451673459261656
229 6121324.1032836921513081 6121114.2232836922630668 1822772.8251673458144069 1822562.9451673459261656
230 3532824.7714804830029607 3532614.8914804831147194 1822772.8251673458144069 1822562.9451673459261656
231 3899629.2215711399912834 3899419.3415711401030421 1822772.8251673458144069 1822562.9451673459261656
232 4243641.3520496571436524 4243431.4720496572554111 1822772.8251673458144069 1822562.9451673459261656
233 5666627.2048897910863161 5666417.3248897911980748 1822772.8251673458144069 1822562.9451673459261656
234 3561009.6600390961393714 3560799.7800390962511301 1822772.8251673458144069 1822562.9451673459261656
235 4096445.2263196576386690 4096235.3463196577504277 1822772.8251673458144069 1822562.9451673459261656
236 4302764.5304622529074550 4302554.6504622530192137 1822772.8251673458144069 1822562.9451673459261656
237 3186634.7601018780842423 3186424.8801018781960011 1822772.8251673458144069 1822562.9451673459261656
238 5141954.8117860937491059 5141744.9317860938608646 1822772.8251673458144069 1822562.9451673459261656
239 5732341.3338876776397228 5732131.4538876777514815 1822772.8251673458144069 1822562.9451673459261656
240 3915430.7161037162877619 3915220.8361037163995206 1822772.8251673458144069 1822562.9451673459261656
241 12336157.1145858652889729 12335947.2345858644694090 1822772.8251673458144069 1822562.9451673459261656
242 3636004.3491811151616275 3635794.4691811152733862 1822772.8251673458144069 1822562.9451673459261656
243 5930024.9363860944285989 5929815.0563860945403576 1822772.8251673458144069 1822562.9451673459261656
244 5260446.7736199935898185 5260236.8936199937015772 1822772.8251673458144069 1822562.9451673459261656
245 14852566.1900182738900185 14852356.3100182730704546 1822772.8251673458144069 1822562.9451673459261656
246 3907048.8689626986160874 3906838.9889626987278461 1822772.8251673458144069 1822562.9451673459261656
247 4208560.4755156580358744 4208350.5955156581476331 1822772.8251673458144069 1822562.9451673459261656
248 5970646.8896048692986369 5970437.0096048694103956 1822772.8251673458144069 1822562.9451673459261656
249 3172418.2713676039129496 3172208.3913676040247083 1822772.8251673458144069 1822562.9451673459261656
250 4084324.9189092731103301 4084115.0389092732220888 1822772.8251673458144069 1822562.9451673459261656
251 3299317.2530182176269591 3299107.3730182177387178 1822772.8251673458144069 1822562.9451673459261656
252 3890334.5556667568162084 3890124.6756667569279671 1822772.8251673458144069 1822562.9451673459261656
253 3385818.1570582967251539 3385608.2770582968369126 1822772.8251673458144069 1822562.9451673459261656
254 2503812.1526153320446610 2503602.2726153321564198 1822772.8251673458144069 1822562.9451673459261656
255 3422984.9093616125173867 3422775.0293616126291454 1822772.8251673458144069 1822562.9451673459261656
256 2050551.9292562738992274 2050342.0492562740109861 1822772.8251673458144069 1822562.9451673459261656
257 3690675.7728662923909724 3690465.8928662925027311 1822772.8251673458144069 1822562.9451673459261656
258 2055642.3961826642043889 2055432.5161826643161476 1822772.8251673458144069 1822562.9451673459261656
259 4898466.3505942206829786 4898256.4705942207947373 1822772.8251673458144069 1822562.9451673459261656
260 7864995.3153273537755013 7864785.4353273538872600 1822772.8251673458144069 1822562.9451673459261656
261 2762545.4359047412872314 2762335.5559047413989902 1822772.8251673458144069 1822562.9451673459261656
262 1758753.4821377145126462 1758543.6021377146244049 1758753.4821377145126462 1758543.6021377146244049
263 2054011.5107190697453916 2053801.6307190698571503 1758753.4821377145126462 1758543.6021377146244049
264 2659973.8736974294297397 2659763.9936974295414984 1758753.4821377145126462 1758543.6021377146244049
265 7111221.0795083474367857 7111011.1995083475485444 1758753.4821377145126462 1758543.6021377146244049
266 3355855.8878425923176110 3355646.0078425924293697 1758753.4821377145126462 1758543.6021377146244049
267 3564177.6201168443076313 3563967.7401168444193900 1758753.4821377145126462 1758543.6021377146244049
268 3626734.7824401021935046 3626524.9024401023052633 1758753.4821377145126462 1758543.6021377146244049
269 3755343.9125348078086972 3755134.0325348079204559 1758753.4821377145126462 1758543.6021377146244049
270 9260305.4014275893568993 9260095.5214275885373354 1758753.4821377145126462 1758543.6021377146244049
271 5315542.8334007728844881 5315332.9534007729962468 1758753.4821377145126462 1758543.6021377146244049
272 3317699.2619549352675676 3317489.3819549353793263 1758753.4821377145126462 1758543.6021377146244049
273 3581309.3421270605176687 3581099.4621270606294274 1758753.4821377145126462 1758543.6021377146244049
274 3495428.0316008641384542 3495218.1516008642502129 1758753.4821377145126462 1758543.6021377146244049
275 3569751.1880549052730203 3569541.3080549053847790 1758753.4821377145126462 1758543.6021377146244049
276 3696894.3472994314506650 3696684.4672994315624237 1758753.4821377145126462 1758543.6021377146244049
277 3420037.2449619513936341 3419827.3649619515053928 1758753.4821377145126462 1758543.6021377146244049
278 2843525.8852451788261533 2843316.0052451789379120 1758753.4821377145126462 1758543.6021377146244049
279 7918598.4570685420185328 7918388.5770685421302915 1758753.4821377145126462 1758543.6021377146244049
280 10523360.9752776250243187 10523151.0952776242047548 1758753.4821377145126462 1758543.6021377146244049
281 4998736.0713611915707588 4998526.1913611916825175 1758753.4821377145126462 1758543.6021377146244049
282 3337756.5877649169415236 3337546.7077649170532823 1758753.4821377145126462 1758543.6021377146244049
283 5059693.3074690448120236 5059483.4274690449237823 1758753.4821377145126462 1758543.6021377146244049
284 3281033.7634197091683745 3280823.8834197092801332 1758753.4821377145126462 1758543.6021377146244049
285 5828607.3636048296466470 5828397.4836048297584057 1758753.4821377145126462 1758543.6021377146244049
286 9174731.4673584252595901 9174521.5873584244400263 1758753.4821377145126462 1758543.6021377146244049
287 3422410.5283990167081356 3422200.6483990168198943 1758753.4821377145126462 1758543.6021377146244049
288 6892086.3217229209840298 6891876.4417229210957885 1758753.4821377145126462 1758543.6021377146244049
289 4453699.1939557176083326 4453489.3139557177200913 1758753.4821377145126462 1758543.6021377146244049
290 2655598.8651462229900062 2655388.9851462231017649 1758753.4821377145126462 1758543.6021377146244049
291 3833131.4819578044116497 3832921.6019578045234084 1758753.4821377145126462 1758543.6021377146244049
292 3597252.9731543846428394 3597043.0931543847545981 1758753.4821377145126462 1758543.6021377146244049
293 2428656.9282220397144556 2428447.0482220398262143 1758753.4821377145126462 1758543.6021377146244049
294 5435764.5003096032887697 5435554.6203096034005284 1758753.4821377145126462 1758543.6021377146244049
295 4671449.4239748828113079 4671239.5439748829230666 1758753.4821377145126462 1758543.6021377146244049
296 3915810.6813423358835280 3915600.8013423359952867 1758753.4821377145126462 1758543.6021377146244049
297 3317446.1847986215725541 3317236.3047986216843128 1758753.4821377145126462 1758543.6021377146244049
298 8149055.2194344354793429 8148845.3394344355911016 1758753.4821377145126462 1758543.6021377146244049
299 2543100.9738919613882899 2542891.0938919615000486 1758753.4821377145126462 1758543.6021377146244049
300 4543170.0236457725986838 4542960.1436457727104425 1758753.4821377145126462 1758543.6021377146244049
301 4547025.9958414733409882 4546816.1158414734527469 1758753.4821377145126462 1758543.6021377146244049
302 3942478.1596792056225240 3942268.2796792057342827 1758753.4821377145126462 1758543.6021377146244049
303 6691897.9927600696682930 6691688.1127600697800517 1758753.4821377145126462 1758543.6021377146244049
304 1953946.7852620109915733 1953736.9052620111033320 1758753.4821377145126462 1758543.6021377146244049
305 3891173.9767841678112745 3890964.0967841679230332 1758753.4821377145126462 1758543.6021377146244049
306 5666350.4543019458651543 5666140.5743019459769130 1758753.4821377145126462 1758543.6021377146244049
307 5967632.4009450310841203 5967422.5209450311958790 1758753.4821377145126462 1758543.6021377146244049
308 2528563.6172545216977596 2528353.7372545218095183 1758753.4821377145126462 1758543.6021377146244049
309 6994271.5025134179741144 6994061.6225134180858731 1758753.4821377145126462 1758543.6021377146244049
310 4504750.6134285721927881 4504540.7334285723045468 1758753.4821377145126462 1758543.6021377146244049
311 2967586.0707682743668556 2967376.1907682744786143 1758753.4821377145126462 1758543.6021377146244049
312 3815884.0535796713083982 3815674.1735796714201570 1758753.4821377145126462 1758543.6021377146244049
313 5661320.2246173499152064 5661110.3446173500269651 1758753.4821377145126462 1758543.6021377146244049
314 3580682.1936989203095436 3580472.3136989204213023 1758753.4821377145126462 1758543.6021377146244049
315 3792835.8283147383481264 3792625.9483147384598851 1758753.4821377145126462 1758543.6021377146244049
316 2609466.2483736588619649 2609256.3683736589737236 1758753.4821377145126462 1758543.6021377146244049
317 2062631.9495439426973462 2062422.0695439428091049 1758753.4821377145126462 1758543.6021377146244049
318 1617922.0166972654405981 1617712.1366972655523568 1617922.0166972654405981 1617712.1366972655523568
319 1640792.4437000174075365 1640582.5637000175192952 1617922.0166972654405981 1617712.1366972655523568
320 3254258.1244603134691715 3254048.2444603135809302 1617922.0166972654405981 1617712.1366972655523568
321 2613086.2858223877847195 2612876.4058223878964782 1617922.0166972654405981 1617712.1366972655523568
322 5330941.3344457447528839 5330731.4544457448646426 1617922.0166972654405981 1617712.1366972655523568
323 1990070.7855216790921986 1989860.9055216792039573 1617922.0166972654405981 1617712.1366972655523568
324 12305348.6109077185392380 12305138.7309077177196741 1617922.0166972654405981 1617712.1366972655523568
325 3293749.8480507475323975 3293539.9680507476441562 1617922.0166972654405981 1617712.1366972655523568
326 2378537.9334763321094215 2378328.0534763322211802 1617922.0166972654405981 1617712.1366972655523568
327 4571006.5965141393244267 4570796.7165141394361854 1617922.0166972654405981 1617712.1366972655523568
328 2597051.8804621454328299 2596842.0004621455445886 1617922.0166972654405981 1617712.1366972655523568
329 2697254.5221927370876074 2697044.6421927371993661 1617922.0166972654405981 1617712.1366972655523568
330 11615688.6049247719347477 11615478.7249247711151838 1617922.0166972654405981 1617712.1366972655523568
331 4633820.5868279719725251 4633610.7068279720842838 1617922.0166972654405981 1617712.1366972655523568
332 6123250.4946309290826321 6123040.6146309291943908 1617922.0166972654405981 1617712.1366972655523568
333 2038334.3494202857837081 2038124.4694202858954668 1617922.0166972654405981 1617712.1366972655523568
334 3547510.7724208077415824 3547300.8924208078533411 1617922.0166972654405981 1617712.1366972655523568
335 3166690.9655541465617716 3166481.0855541466735303 1617922.0166972654405981 1617712.1366972655523568
336 2749479.8001098362728953 2749269.9201098363846540 1617922.0166972654405981 1617712.1366972655523568
337 4135035.8445681468583643 4134825.9645681469701231 1617922.0166972654405981 1617712.1366972655523568
338 2671931.8937012618407607 2671722.0137012619525194 1617922.0166972654405981 1617712.1366972655523568
339 3022251.7405986124649644 3022041.8605986125767231 1617922.0166972654405981 1617712.1366972655523568
340 2321954.0109018972143531 2321744.1309018973261118 1617922.0166972654405981 1617712.1366972655523568
341 2189264.1862537022680044 2189054.3062537023797631 1617922.0166972654405981 1617712.1366972655523568
342 3612643.0840943981893361 3612433.2040943983010948 1617922.0166972654405981 1617712.1366972655523568
343 8948702.0118150487542152 8948492.1318150479346514 1617922.0166972654405981 1617712.1366972655523568
344 6887435.9636365221813321 6887226.0836365222930908 1617922.0166972654405981 1617712.1366972655523568
345 2395572.7676965277642012 2395362.8876965278759599 1617922.0166972654405981 1617712.1366972655523568
346 7091121.3877471769228578 7090911.5077471770346165 1617922.0166972654405981 1617712.1366972655523568
347 2602367.6890957066789269 2602157.8090957067906857 1617922.0166972654405981 1617712.1366972655523568
348 3773958.1381915467791259 3773748.2581915468908846 1617922.0166972654405981 1617712.1366972655523568
349 2705913.6128593492321670 2705703.7328593493439257 1617922.0166972654405981 1617712.1366972655523568
350 3882631.5114715308882296 3882421.6314715309999883 1617922.0166972654405981 1617712.1366972655523568
351 3325913.4048468274995685 3325703.5248468276113272 1617922.0166972654405981 1617712.1366972655523568
352 3474208.4018779518082738 3473998.5218779519200325 1617922.0166972654405981 1617712.1366972655523568
353 1687190.2209884584881365 1686980.3409884585998952 1617922.0166972654405981 1617712.1366972655523568
354 2308512.1137995985336602 2308302.2337995986454189 1617922.0166972654405981 1617712.1366972655523568
355 3407374.1309932000003755 3407164.2509932001121342 1617922.0166972654405981 1617712.1366972655523568
356 5330698.1985048251226544 5330488.3185048252344131 1617922.0166972654405981 1617712.1366972655523568
357 4133496.6503345360979438 4133286.7703345362097025 1617922.0166972654405981 1617712.1366972655523568
358 1822157.3594932621344924 1821947.4794932622462511 1617922.0166972654405981 1617712.1366972655523568
359 2051410.3447711141780019 2051200.4647711142897606 1617922.0166972654405981 1617712.1366972655523568
360 6865339.1574340593069792 6865129.2774340594187379 1617922.0166972654405981 1617712.1366972655523568
361 2938449.5426611974835396 2938239.6626611975952983 1617922.0166972654405981 1617712.1366972655523568
362 2836226.2650515339337289 2836016.3850515340454876 1617922.0166972654405981 1617712.1366972655523568
363 9442282.5791468992829323 9442072.6991468984633684 1617922.0166972654405981 1617712.1366972655523568
364 10174084.5202847085893154 10173874.6402847077697515 1617922.0166972654405981 1617712.1366972655523568
365 3605960.3538404302671552 3605750.4738404303789139 1617922.0166972654405981 1617712.1366972655523568
366 3320231.1055517783388495 3320021.2255517784506083 1617922.0166972654405981 1617712.1366972655523568
367 1941681.9656576123088598 1941472.0856576124206185 1617922.0166972654405981 1617712.1366972655523568
368 9626968.0654194466769695 9626758.1854194458574057 1617922.0166972654405981 1617712.1366972655523568
369 3250664.8452853066846728 3250454.9652853067964315 1617922.0166972654405981 1617712.1366972655523568
370 2140687.6193738486617804 2140477.7393738487735391 1617922.0166972654405981 1617712.1366972655523568
371 1737324.6398212083149701 1737114.7598212084267288 1617922.0166972654405981 1617712.1366972655523568
372 2923035.1654137801378965 2922825.2854137802496552 1617922.0166972654405981 1617712.1366972655523568
373 2529195.1921641388908029 2528985.3121641390025616 1617922.0166972654405981 1617712.1366972655523568
374 1852492.6509190411306918 1852282.7709190412424505 1617922.0166972654405981 1617712.1366972655523568
375 2224501.8945631147362292 2224292.0145631148479879 1617922.0166972654405981 1617712.1366972655523568
376 2899275.3757981439121068 2899065.4957981440238655 1617922.0166972654405981 1617712.1366972655523568
377 2967408.0611427258700132 2967198.1811427259817719 1617922.0166972654405981 1617712.1366972655523568
378 3257576.9913182845339179 3257367.1113182846456766 1617922.0166972654405981 1617712.1366972655523568
379 15053727.9516557902097702 15053518.0716557893902063 1617922.0166972654405981 1617712.1366972655523568
380 6101092.0539685450494289 6100882.1739685451611876 1617922.0166972654405981 1617712.1366972655523568
381 2028987.3544759370852262 2028777.4744759371969849 1617922.0166972654405981 1617712.1366972655523568
382 1726927.4766983010340482 1726717.5966983011458069 1617922.0166972654405981 1617712.1366972655523568
383 4157335.3065735767595470 4157125.4265735768713057 1617922.0166972654405981 1617712.1366972655523568
384 3651131.1355543313547969 3650921.2555543314665556 1617922.0166972654405981 1617712.1366972655523568
385 2609803.4435493224300444 2609593.5635493225418031 1617922.0166972654405981 1617712.1366972655523568
386 3873210.7329898765310645 3873000.8529898766428232 1617922.0166972654405981 1617712.1366972655523568
387 2688484.7388722719624639 2688274.8588722720742226 1617922.0166972654405981 1617712.1366972655523568
388 4026912.7831482072360814 4026702.9031482073478401 1617922.0166972654405981 1617712.1366972655523568
389 8375157.5744614619761705 8374947.6944614620879292 1617922.0166972654405981 1617712.1366972655523568
390 4517753.0862800218164921 4517543.2062800219282508 1617922.0166972654405981 1617712.1366972655523568
391 2885828.2954036556184292 2885618.4154036557301879 1617922.0166972654405981 1617712.1366972655523568
392 5500148.4191120415925980 5499938.5391120417043567 1617922.0166972654405981 1617712.1366972655523568
393 4578571.0716137178242207 4578361.1916137179359794 1617922.0166972654405981 1617712.1366972655523568
394 2924514.4462106735445559 2924304.5662106736563146 1617922.0166972654405981 1617712.1366972655523568
395 2819581.6316421260125935 2819371.7516421261243522 1617922.0166972654405981 1617712.1366972655523568
396 6626457.6367745781317353 6626247.7567745782434940 1617922.0166972654405981 1617712.1366972655523568
397 2640068.0175998941995203 2639858.1375998943112791 1617922.0166972654405981 1617712.1366972655523568
398 2200882.1526117078028619 2200672.2726117079146206 1617922.0166972654405981 1617712.1366972655523568
399 1790545.9977437942288816 1790336.1177437943406403 1617922.0166972654405981 1617712.1366972655523568
400 10019704.8526924923062325 10019494.9726924914866686 1617922.0166972654405981 1617712.1366972655523568
401 1866732.6150839785113931 1866522.7350839786231518 1617922.0166972654405981 1617712.1366972655523568
402 2720942.4057320733554661 2720732.5257320734672248 1617922.0166972654405981 1617712.1366972655523568
403 4373579.0004178155213594 4373369.1204178156331182 1617922.0166972654405981 1617712.1366972655523568
404 2460277.6338482992723584 2460067.7538482993841171 1617922.0166972654405981 1617712.1366972655523568
405 2435938.3228215938434005 2435728.4428215939551592 1617922.0166972654405981 1617712.1366972655523568
406 1671560.3153005796484649 1671350.4353005797602236 1617922.0166972654405981 1617712.1366972655523568
407 1565607.6639684077817947 1565397.7839684078935534 1565607.6639684077817947 1565397.7839684078935534
408 1351597.2020486840046942 1351387.3220486841164529 1351597.2020486840046942 1351387.3220486841164529
409 6441134.5548074757680297 6440924.6748074758797884 1351597.2020486840046942 1351387.3220486841164529
410 3799992.4673292888328433 3799782.5873292889446020 1351597.2020486840046942 1351387.3220486841164529
411 1547253.5255417414009571 1547043.6455417415127158 1351597.2020486840046942 1351387.3220486841164529
412 5911127.6565632326528430 5910917.7765632327646017 1351597.2020486840046942 1351387.3220486841164529
413 2373399.3040900975465775 2373189.4240900976583362 1351597.2020486840046942 1351387.3220486841164529
414 4326552.9593685623258352 4326343.0793685624375939 1351597.2020486840046942 1351387.3220486841164529
415 1445727.8870348187629133 1445518.0070348188746721 1351597.2020486840046942 1351387.3220486841164529
416 5120312.0073574483394623 5120102.1273574484512210 1351597.2020486840046942 1351387.3220486841164529
417 1449843.8329239846207201 1449633.9529239847324789 1351597.2020486840046942 1351387.3220486841164529
418 21654767.0277270339429379 21654557.1477270349860191 1351597.2020486840046942 1351387.3220486841164529
419 3005956.8104403535835445 3005746.9304403536953032 1351597.2020486840046942 1351387.3220486841164529
420 4103957.1966784531250596 4103747.3166784532368183 1351597.2020486840046942 1351387.3220486841164529
421 7077023.8810897544026375 7076814.0010897545143962 1351597.2020486840046942 1351387.3220486841164529
422 4887891.4190813088789582 4887681.5390813089907169 1351597.2020486840046942 1351387.3220486841164529
423 6723288.1895709922537208 6723078.3095709923654795 1351597.2020486840046942 1351387.3220486841164529
424 6907490.0667268708348274 6907280.1867268709465861 1351597.2020486840046942 1351387.3220486841164529
425 2535142.3769079381600022 2534932.4969079382717609 1351597.2020486840046942 1351387.3220486841164529
426 3330436.1380177442915738 3330226.2580177444033325 1351597.2020486840046942 1351387.3220486841164529
427 3409799.1957872873172164 3409589.3157872874289751 1351597.2020486840046942 1351387.3220486841164529
428 4876885.7043210845440626 4876675.8243210846558213 1351597.2020486840046942 1351387.3220486841164529
429 2866475.3554091057740152 2866265.4754091058857739 1351597.2020486840046942 1351387.3220486841164529
430 2465313.5703557217493653 2465103.6903557218611240 1351597.2020486840046942 1351387.3220486841164529
431 3169319.1868437658995390 3169109.3068437660112977 1351597.2020486840046942 1351387.3220486841164529
432 4448353.4339554738253355 4448143.5539554739370942 1351597.2020486840046942 1351387.3220486841164529
433 2943997.1345191826112568 2943787.2545191827230155 1351597.2020486840046942 1351387.3220486841164529
434 2078659.2805057526566088 2078449.4005057527683675 1351597.2020486840046942 1351387.3220486841164529
435 2347420.0497773964889348 2347210.1697773966006935 1351597.2020486840046942 1351387.3220486841164529
436 4906626.9962121844291687 4906417.1162121845409274 1351597.2020486840046942 1351387.3220486841164529
437 3150186.4888404863886535 3149976.6088404865004122 1351597.2020486840046942 1351387.3220486841164529
438 3775154.3615153832361102 3774944.4815153833478689 1351597.2020486840046942 1351387.3220486841164529
439 1861494.7102009581867605 1861284.8302009582985193 1351597.2020486840046942 1351387.3220486841164529
440 4881694.7533305045217276 4881484.8733305046334863 1351597.2020486840046942 1351387.3220486841164529
441 2285902.5328349610790610 2285692.6528349611908197 1351597.2020486840046942 1351387.3220486841164529
442 3054422.9137612264603376 3054213.0337612265720963 1351597.2020486840046942 1351387.3220486841164529
443 3177608.1903014937415719 3177398.3103014938533306 1351597.2020486840046942 1351387.3220486841164529
444 2975910.6797658051364124 2975700.7997658052481711 1351597.2020486840046942 1351387.3220486841164529
445 5941680.7431386606767774 5941470.8631386607885361 1351597.2020486840046942 1351387.3220486841164529
446 1458109.9079253522213548 1457900.0279253523331136 1351597.2020486840046942 1351387.3220486841164529
447 1827240.1447538021020591 1827030.2647538022138178 1351597.2020486840046942 1351387.3220486841164529
448 3878505.9179564313963056 3878296.0379564315080643 1351597.2020486840046942 1351387.3220486841164529
449 1832262.0002914452925324 1832052.1202914454042912 1351597.2020486840046942 1351387.3220486841164529
450 2867376.8268286469392478 2867166.9468286470510066 1351597.2020486840046942 1351387.3220486841164529
451 1882124.8280912465415895 1881914.9480912466533482 1351597.2020486840046942 1351387.3220486841164529
452 3331171.0557709364220500 3330961.1757709365338087 1351597.2020486840046942 1351387.3220486841164529
453 6988299.0472213141620159 6988089.1672213142737746 1351597.2020486840046942 1351387.3220486841164529
454 3154079.0360785769298673 3153869.1560785770416260 1351597.2020486840046942 1351387.3220486841164529
455 2819180.7324724793434143 2818970.8524724794551730 1351597.2020486840046942 1351387.3220486841164529
456 6920288.0095575293526053 6920078.1295575294643641 1351597.2020486840046942 1351387.3220486841164529
457 2433190.4212455186061561 2432980.5412455187179148 1351597.2020486840046942 1351387.3220486841164529
458 10476771.8611387405544519 10476561.9811387397348881 1351597.2020486840046942 1351387.3220486841164529
459 3673795.0867822594009340 3673585.2067822595126927 1351597.2020486840046942 1351387.3220486841164529
460 2713893.4867675127461553 2713683.6067675128579140 1351597.2020486840046942 1351387.3220486841164529
461 2742693.9934446918778121 2742484.1134446919895709 1351597.2020486840046942 1351387.3220486841164529
462 2500088.1331043224781752 2499878.2531043225899339 1351597.2020486840046942 1351387.3220486841164529
463 2517482.6884273202158511 2517272.8084273203276098 1351597.2020486840046942 1351387.3220486841164529
464 2572518.5619711200706661 2572308.6819711201824248 1351597.2020486840046942 1351387.3220486841164529
465 3702989.0184430591762066 3702779.1384430592879653 1351597.2020486840046942 1351387.3220486841164529
466 2557375.5905951764434576 2557165.7105951765552163 1351597.2020486840046942 1351387.3220486841164529
467 1460183.6652039336040616 1459973.7852039337158203 1351597.2020486840046942 1351387.3220486841164529
468 1218297.8310882896184921 1218087.9510882897302508 1218297.8310882896184921 1218087.9510882897302508
469 2266516.8873617369681597 2266307.0073617370799184 1218297.8310882896184921 1218087.9510882897302508
470 2480933.0168763138353825 2480723.1368763139471412 1218297.8310882896184921 1218087.9510882897302508
471 1746696.5705460584722459 1746486.6905460585840046 1218297.8310882896184921 1218087.9510882897302508
472 1702724.5864658951759338 1702514.7064658952876925 1218297.8310882896184921 1218087.9510882897302508
473 2029149.5104650116991252 2028939.6304650118108839 1218297.8310882896184921 1218087.9510882897302508
474 1494539.4876282787881792 1494329.6076282788999379 1218297.8310882896184921 1218087.9510882897302508
475 1977954.5847396266181022 1977744.7047396267298609 1218297.8310882896184921 1218087.9510882897302508
476 4245180.9921428635716438 4244971.1121428636834025 1218297.8310882896184921 1218087.9510882897302508
477 1984892.6002980002667755 1984682.7202980003785342 1218297.8310882896184921 1218087.9510882897302508
478 1592297.9679030815605074 1592088.0879030816722661 1218297.8310882896184921 1218087.9510882897302508
479 3596426.0091261840425432 3596216.1291261841543019 1218297.8310882896184921 1218087.9510882897302508
480 2823668.4962250655516982 2823458.6162250656634569 1218297.8310882896184921 1218087.9510882897302508
481 1555337.0755089581944048 1555127.1955089583061635 1218297.8310882896184921 1218087.9510882897302508
482 2170237.1442976472899318 2170027.2642976474016905 1218297.8310882896184921 1218087.9510882897302508
483 3459457.5874366811476648 3459247.7074366812594235 1218297.8310882896184921 1218087.9510882897302508
484 3607142.0788920233026147 3606932.1988920234143734 1218297.8310882896184921 1218087.9510882897302508
485 1468071.1702144416049123 1467861.2902144417166710 1218297.8310882896184921 1218087.9510882897302508
486 1849056.6769599677063525 1848846.7969599678181112 1218297.8310882896184921 1218087.9510882897302508
487 2687389.6575164943933487 2687179.7775164945051074 1218297.8310882896184921 1218087.9510882897302508
488 2665117.2566414973698556 2664907.3766414974816144 1218297.8310882896184921 1218087.9510882897302508
489 2630683.9508183225989342 2630474.0708183227106929 1218297.8310882896184921 1218087.9510882897302508
490 2204955.3536838251166046 2204745.4736838252283633 1218297.8310882896184921 1218087.9510882897302508
491 3612848.4496648730710149 3612638.5696648731827736 1218297.8310882896184921 1218087.9510882897302508
492 4400301.7778961192816496 4400091.8978961193934083 1218297.8310882896184921 1218087.9510882897302508
493 2534884.6435593087226152 2534674.7635593088343740 1218297.8310882896184921 1218087.9510882897302508
494 1496351.3538191784173250 1496141.4738191785290837 1218297.8310882896184921 1218087.9510882897302508
495 2543908.3868612144142389 2543698.5068612145259976 1218297.8310882896184921 1218087.9510882897302508
496 4114332.5718170548789203 4114122.6918170549906790 1218297.8310882896184921 1218087.9510882897302508
497 1491624.9891235241666436 1491415.1091235242784023 1218297.8310882896184921 1218087.9510882897302508
498 2762274.1850872528739274 2762064.3050872529856861 1218297.8310882896184921 1218087.9510882897302508
499 1954509.5742478624451905 1954299.6942478625569493 1218297.8310882896184921 1218087.9510882897302508
500 4334670.8209671573713422 4334460.9409671574831009 1218297.8310882896184921 1218087.9510882897302508
