evaluations raw_y current_y raw_y_best current_y_best
1 34657612.5506099611520767 34657402.6706099584698677 34657612.5506099611520767 34657402.6706099584698677
2 14928138.3126651905477047 14927928.4326651897281408 14928138.3126651905477047 14927928.4326651897281408
3 50780833.4060782492160797 50780623.5260782465338707 14928138.3126651905477047 14927928.4326651897281408
4 40021244.0285051316022873 40021034.1485051289200783 14928138.3126651905477047 14927928.4326651897281408
5 13793282.5867800526320934 13793072.7067800518125296 13793282.5867800526320934 13793072.7067800518125296
6 2271099.7682196474634111 2270889.8882196475751698 2271099.7682196474634111 2270889.8882196475751698
7 8377123.8451391663402319 8376913.9651391664519906 2271099.7682196474634111 2270889.8882196475751698
8 39592736.7879700437188148 39592526.9079700410366058 2271099.7682196474634111 2270889.8882196475751698
9 6150196.8104877229779959 6149986.9304877230897546 2271099.7682196474634111 2270889.8882196475751698
10 2411540.7984505221247673 2411330.9184505222365260 2271099.7682196474634111 2270889.8882196475751698
11 3521425.5646494403481483 3521215.6846494404599071 2271099.7682196474634111 2270889.8882196475751698
12 3535758.0350396321155131 3535548.1550396322272718 2271099.7682196474634111 2270889.8882196475751698
13 4725578.2499411692842841 4725368.3699411693960428 2271099.7682196474634111 2270889.8882196475751698
14 7435255.0967462342232466 7435045.2167462343350053 2271099.7682196474634111 2270889.8882196475751698
15 2815267.3117100573144853 2815057.4317100574262440 2271099.7682196474634111 2270889.8882196475751698
16 8729100.8028509635478258 8728890.9228509627282619 2271099.7682196474634111 2270889.8882196475751698
17 2228628.0581469647586346 2228418.1781469648703933 2228628.0581469647586346 2228418.1781469648703933
18 2943347.6688130064867437 2943137.7888130065985024 2228628.0581469647586346 2228418.1781469648703933
19 2552253.9370466046966612 2552044.0570466048084199 2228628.0581469647586346 2228418.1781469648703933
20 17745425.7640865668654442 17745215.8840865679085255 2228628.0581469647586346 2228418.1781469648703933
21 3485949.6032557548023760 3485739.7232557549141347 2228628.0581469647586346 2228418.1781469648703933
22 3340421.6869230419397354 3340211.8069230420514941 2228628.0581469647586346 2228418.1781469648703933
23 3196203.9750969889573753 3195994.0950969890691340 2228628.0581469647586346 2228418.1781469648703933
24 9071218.8629405535757542 9071008.9829405527561903 2228628.0581469647586346 2228418.1781469648703933
25 3267911.1631348975934088 3267701.2831348977051675 2228628.0581469647586346 2228418.1781469648703933
26 2493807.4447819474153221 2493597.5647819475270808 2228628.0581469647586346 2228418.1781469648703933
27 2924362.2860211730003357 2924152.4060211731120944 2228628.0581469647586346 2228418.1781469648703933
28 2360039.9530578600242734 2359830.0730578601360321 2228628.0581469647586346 2228418.1781469648703933
29 3090825.4764617602340877 3090615.5964617603458464 2228628.0581469647586346 2228418.1781469648703933
30 2657164.6403379002586007 2656954.7603379003703594 2228628.0581469647586346 2228418.1781469648703933
31 2923904.5203462392091751 2923694.6403462393209338 2228628.0581469647586346 2228418.1781469648703933
32 2613796.1024319063872099 2613586.2224319064989686 2228628.0581469647586346 2228418.1781469648703933
33 2247492.0851528909988701 2247282.2051528911106288 2228628.0581469647586346 2228418.1781469648703933
34 16750267.8890729825943708 16750058.0090729817748070 2228628.0581469647586346 2228418.1781469648703933
35 2149765.2383890030905604 2149555.3583890032023191 2149765.2383890030905604 2149555.3583890032023191
36 2770123.7666391003876925 2769913.8866391004994512 2149765.2383890030905604 2149555.3583890032023191
37 4793239.9696783311665058 4793030.0896783312782645 2149765.2383890030905604 2149555.3583890032023191
38 2203795.1742340470664203 2203585.2942340471781790 2149765.2383890030905604 2149555.3583890032023191
39 32644500.0864696204662323 32644290.2064696215093136 2149765.2383890030905604 2149555.3583890032023191
40 5600478.3546355282887816 5600268.4746355284005404 2149765.2383890030905604 2149555.3583890032023191
41 3248141.0017572790384293 3247931.1217572791501880 2149765.2383890030905604 2149555.3583890032023191
42 21714134.0152186974883080 21713924.1352186985313892 2149765.2383890030905604 2149555.3583890032023191
43 3170615.0157051933929324 3170405.1357051935046911 2149765.2383890030905604 2149555.3583890032023191
44 2853778.4900214178487659 2853568.6100214179605246 2149765.2383890030905604 2149555.3583890032023191
45 3735203.7899391972459853 3734993.9099391973577440 2149765.2383890030905604 2149555.3583890032023191
46 3512896.5422966536134481 3512686.6622966537252069 2149765.2383890030905604 2149555.3583890032023191
47 2459409.3772726012393832 2459199.4972726013511419 2149765.2383890030905604 2149555.3583890032023191
48 9543009.0765464454889297 9542799.1965464446693659 2149765.2383890030905604 2149555.3583890032023191
49 2972959.4883430702611804 2972749.6083430703729391 2149765.2383890030905604 2149555.3583890032023191
50 4700765.7666547643020749 4700555.8866547644138336 2149765.2383890030905604 2149555.3583890032023191
51 2104592.8797761211171746 2104382.9997761212289333 2104592.8797761211171746 2104382.9997761212289333
52 3732114.7216703630983829 3731904.8416703632101417 2104592.8797761211171746 2104382.9997761212289333
53 8249632.1681114276871085 8249422.2881114277988672 2104592.8797761211171746 2104382.9997761212289333
54 10585219.0392367150634527 10585009.1592367142438889 2104592.8797761211171746 2104382.9997761212289333
55 13654058.4517727307975292 13653848.5717727299779654 2104592.8797761211171746 2104382.9997761212289333
56 5017308.1069424943998456 5017098.2269424945116043 2104592.8797761211171746 2104382.9997761212289333
57 3548908.1729935999028385 3548698.2929936000145972 2104592.8797761211171746 2104382.9997761212289333
58 7209274.4407132770866156 7209064.5607132771983743 2104592.8797761211171746 2104382.9997761212289333
59 2563094.6543755736202002 2562884.7743755737319589 2104592.8797761211171746 2104382.9997761212289333
60 5725297.3676375914365053 5725087.4876375915482640 2104592.8797761211171746 2104382.9997761212289333
61 2298132.9979232195764780 2297923.1179232196882367 2104592.8797761211171746 2104382.9997761212289333
62 3608291.3520740377716720 3608081.4720740378834307 2104592.8797761211171746 2104382.9997761212289333
63 9494110.6732424404472113 9493900.7932424396276474 2104592.8797761211171746 2104382.9997761212289333
64 4037214.0294957645237446 4037004.1494957646355033 2104592.8797761211171746 2104382.9997761212289333
65 2607522.3049585227854550 2607312.4249585228972137 2104592.8797761211171746 2104382.9997761212289333
66 2493643.3632564623840153 2493433.4832564624957740 2104592.8797761211171746 2104382.9997761212289333
67 7097683.8337648045271635 7097473.9537648046389222 2104592.8797761211171746 2104382.9997761212289333
68 2092862.0374036168213934 2092652.1574036169331521 2092862.0374036168213934 2092652.1574036169331521
69 28569016.8707587085664272 28568806.9907587096095085 2092862.0374036168213934 2092652.1574036169331521
70 6545474.4200128000229597 6545264.5400128001347184 2092862.0374036168213934 2092652.1574036169331521
71 7288770.1860808609053493 7288560.3060808610171080 2092862.0374036168213934 2092652.1574036169331521
72 10249705.8083859197795391 10249495.9283859189599752 2092862.0374036168213934 2092652.1574036169331521
73 3431960.9948969800025225 3431751.1148969801142812 2092862.0374036168213934 2092652.1574036169331521
74 3120769.6122605749405921 3120559.7322605750523508 2092862.0374036168213934 2092652.1574036169331521
75 2479608.5072616804391146 2479398.6272616805508733 2092862.0374036168213934 2092652.1574036169331521
76 2255562.8458799161016941 2255352.9658799162134528 2092862.0374036168213934 2092652.1574036169331521
77 3217061.1208582264371216 3216851.2408582265488803 2092862.0374036168213934 2092652.1574036169331521
78 4156336.4555624299682677 4156126.5755624300800264 2092862.0374036168213934 2092652.1574036169331521
79 2846421.9530575554817915 2846212.0730575555935502 2092862.0374036168213934 2092652.1574036169331521
80 2332604.5233318316750228 2332394.6433318317867815 2092862.0374036168213934 2092652.1574036169331521
81 2287234.6831227098591626 2287024.8031227099709213 2092862.0374036168213934 2092652.1574036169331521
82 2478334.2361625768244267 2478124.3561625769361854 2092862.0374036168213934 2092652.1574036169331521
83 2341065.0098114819265902 2340855.1298114820383489 2092862.0374036168213934 2092652.1574036169331521
84 2447269.6585860801860690 2447059.7785860802978277 2092862.0374036168213934 2092652.1574036169331521
85 2130145.8180907513014972 2129935.9380907514132559 2092862.0374036168213934 2092652.1574036169331521
86 4545572.8849494736641645 4545363.0049494737759233 2092862.0374036168213934 2092652.1574036169331521
87 3957790.7937026643194258 3957580.9137026644311845 2092862.0374036168213934 2092652.1574036169331521
88 6172121.9157221056520939 6171912.0357221057638526 2092862.0374036168213934 2092652.1574036169331521
89 5452998.1647389419376850 5452788.2847389420494437 2092862.0374036168213934 2092652.1574036169331521
90 2062769.2839211763348430 2062559.4039211764466017 2062769.2839211763348430 2062559.4039211764466017
91 3209532.1338598509319127 3209322.2538598510436714 2062769.2839211763348430 2062559.4039211764466017
92 2090370.8892310915980488 2090161.0092310917098075 2062769.2839211763348430 2062559.4039211764466017
93 2222110.5175297530367970 2221900.6375297531485558 2062769.2839211763348430 2062559.4039211764466017
94 3265254.6565109849907458 3265044.7765109851025045 2062769.2839211763348430 2062559.4039211764466017
95 2431454.9338919222354889 2431245.0538919223472476 2062769.2839211763348430 2062559.4039211764466017
96 2050018.8940014359541237 2049809.0140014360658824 2050018.8940014359541237 2049809.0140014360658824
97 4363253.5672738021239638 4363043.6872738022357225 2050018.8940014359541237 2049809.0140014360658824
98 2604904.1959492126479745 2604694.3159492127597332 2050018.8940014359541237 2049809.0140014360658824
99 2780310.3992081796750426 2780100.5192081797868013 2050018.8940014359541237 2049809.0140014360658824
100 2565207.8934030928649008 2564998.0134030929766595 2050018.8940014359541237 2049809.0140014360658824
101 11912371.1490973420441151 11912161.2690973412245512 2050018.8940014359541237 2049809.0140014360658824
102 2531932.2282824181020260 2531722.3482824182137847 2050018.8940014359541237 2049809.0140014360658824
103 2883090.6895621400326490 2882880.8095621401444077 2050018.8940014359541237 2049809.0140014360658824
104 2051179.7581833233125508 2050969.8781833234243095 2050018.8940014359541237 2049809.0140014360658824
105 2417146.1727116694673896 2416936.2927116695791483 2050018.8940014359541237 2049809.0140014360658824
106 2597849.9331503901630640 2597640.0531503902748227 2050018.8940014359541237 2049809.0140014360658824
107 2066221.5674913008697331 2066011.6874913009814918 2050018.8940014359541237 2049809.0140014360658824
108 4518570.3960180748254061 4518360.5160180749371648 2050018.8940014359541237 2049809.0140014360658824
109 4764619.1957725053653121 4764409.3157725054770708 2050018.8940014359541237 2049809.0140014360658824
110 2379693.3552100704982877 2379483.4752100706100464 2050018.8940014359541237 2049809.0140014360658824
111 3911941.8578683184459805 3911731.9778683185577393 2050018.8940014359541237 2049809.0140014360658824
112 2072089.1178511250764132 2071879.2378511251881719 2050018.8940014359541237 2049809.0140014360658824
113 3912866.8610436879098415 3912656.9810436880216002 2050018.8940014359541237 2049809.0140014360658824
114 2803608.0178666315041482 2803398.1378666316159070 2050018.8940014359541237 2049809.0140014360658824
115 6985823.5829819226637483 6985613.7029819227755070 2050018.8940014359541237 2049809.0140014360658824
116 3162552.2987247896380723 3162342.4187247897498310 2050018.8940014359541237 2049809.0140014360658824
117 4403026.4359791446477175 4402816.5559791447594762 2050018.8940014359541237 2049809.0140014360658824
118 2259552.8214806462638080 2259342.9414806463755667 2050018.8940014359541237 2049809.0140014360658824
119 2744763.3195237698964775 2744553.4395237700082362 2050018.8940014359541237 2049809.0140014360658824
120 2635300.4615724035538733 2635090.5815724036656320 2050018.8940014359541237 2049809.0140014360658824
121 2900677.4035987644456327 2900467.5235987645573914 2050018.8940014359541237 2049809.0140014360658824
122 2090580.4132249266840518 2090370.5332249267958105 2050018.8940014359541237 2049809.0140014360658824
123 2294370.8107342952862382 2294160.9307342953979969 2050018.8940014359541237 2049809.0140014360658824
124 2880226.6895055579952896 2880016.8095055581070483 2050018.8940014359541237 2049809.0140014360658824
125 2110946.0001691384240985 2110736.1201691385358572 2050018.8940014359541237 2049809.0140014360658824
126 3455319.3159067183732986 3455109.4359067184850574 2050018.8940014359541237 2049809.0140014360658824
127 7278030.8633550209924579 7277820.9833550211042166 2050018.8940014359541237 2049809.0140014360658824
128 2688328.9204282467253506 2688119.0404282468371093 2050018.8940014359541237 2049809.0140014360658824
129 2209252.7371665877290070 2209042.8571665878407657 2050018.8940014359541237 2049809.0140014360658824
130 2373771.0009725634008646 2373561.1209725635126233 2050018.8940014359541237 2049809.0140014360658824
131 5159787.7768072765320539 5159577.8968072766438127 2050018.8940014359541237 2049809.0140014360658824
132 2819760.3365756245329976 2819550.4565756246447563 2050018.8940014359541237 2049809.0140014360658824
133 2713785.5946976020932198 2713575.7146976022049785 2050018.8940014359541237 2049809.0140014360658824
134 2094866.1909586288966238 2094656.3109586290083826 2050018.8940014359541237 2049809.0140014360658824
135 2514277.2757030054926872 2514067.3957030056044459 2050018.8940014359541237 2049809.0140014360658824
136 2482413.0036412570625544 2482203.1236412571743131 2050018.8940014359541237 2049809.0140014360658824
137 2717849.6923161279410124 2717639.8123161280527711 2050018.8940014359541237 2049809.0140014360658824
138 2083712.9777810969389975 2083503.0977810970507562 2050018.8940014359541237 2049809.0140014360658824
139 10050549.3066693134605885 10050339.4266693126410246 2050018.8940014359541237 2049809.0140014360658824
140 2071490.2748853457160294 2071280.3948853458277881 2050018.8940014359541237 2049809.0140014360658824
141 15374369.5298450253903866 15374159.6498450245708227 2050018.8940014359541237 2049809.0140014360658824
142 13061313.5915597155690193 13061103.7115597147494555 2050018.8940014359541237 2049809.0140014360658824
143 3475890.3663777429610491 3475680.4863777430728078 2050018.8940014359541237 2049809.0140014360658824
144 14545906.7289814334362745 14545696.8489814326167107 2050018.8940014359541237 2049809.0140014360658824
145 10738207.1606424804776907 10737997.2806424796581268 2050018.8940014359541237 2049809.0140014360658824
146 3592619.3138505960814655 3592409.4338505961932242 2050018.8940014359541237 2049809.0140014360658824
147 3725573.9639743287116289 3725364.0839743288233876 2050018.8940014359541237 2049809.0140014360658824
148 3279462.3177782283164561 3279252.4377782284282148 2050018.8940014359541237 2049809.0140014360658824
149 5220997.3481087666004896 5220787.4681087667122483 2050018.8940014359541237 2049809.0140014360658824
150 2222647.1563223442062736 2222437.2763223443180323 2050018.8940014359541237 2049809.0140014360658824
151 7509129.6749494224786758 7508919.7949494225904346 2050018.8940014359541237 2049809.0140014360658824
152 8057497.9139747079461813 8057288.0339747080579400 2050018.8940014359541237 2049809.0140014360658824
153 3887165.7698674732819200 3886955.8898674733936787 2050018.8940014359541237 2049809.0140014360658824
154 3219657.1682691066525877 3219447.2882691067643464 2050018.8940014359541237 2049809.0140014360658824
155 4235711.0810861317440867 4235501.2010861318558455 2050018.8940014359541237 2049809.0140014360658824
156 10346707.6045997086912394 10346497.7245997078716755 2050018.8940014359541237 2049809.0140014360658824
157 4179108.9373241304419935 4178899.0573241305537522 2050018.8940014359541237 2049809.0140014360658824
158 2334285.8841251386329532 2334076.0041251387447119 2050018.8940014359541237 2049809.0140014360658824
159 2182083.8955189026892185 2181874.0155189028009772 2050018.8940014359541237 2049809.0140014360658824
160 2581079.7736691553145647 2580869.8936691554263234 2050018.8940014359541237 2049809.0140014360658824
161 2897315.1817750758491457 2897105.3017750759609044 2050018.8940014359541237 2049809.0140014360658824
162 2136669.3049500300548971 2136459.4249500301666558 2050018.8940014359541237 2049809.0140014360658824
163 8120027.0936090424656868 8119817.2136090425774455 2050018.8940014359541237 2049809.0140014360658824
164 2802293.1810764791443944 2802083.3010764792561531 2050018.8940014359541237 2049809.0140014360658824
165 2229011.7439572205767035 2228801.8639572206884623 2050018.8940014359541237 2049809.0140014360658824
166 2411263.6930257747881114 2411053.8130257748998702 2050018.8940014359541237 2049809.0140014360658824
167 2253108.0604108925908804 2252898.1804108927026391 2050018.8940014359541237 2049809.0140014360658824
168 7415500.1822205381467938 7415290.3022205382585526 2050018.8940014359541237 2049809.0140014360658824
169 2339240.8036470208317041 2339030.9236470209434628 2050018.8940014359541237 2049809.0140014360658824
170 4241633.8636047225445509 4241423.9836047226563096 2050018.8940014359541237 2049809.0140014360658824
171 2408544.1352840350009501 2408334.2552840351127088 2050018.8940014359541237 2049809.0140014360658824
172 2082678.9246321686077863 2082469.0446321687195450 2050018.8940014359541237 2049809.0140014360658824
173 2494974.7204152056947351 2494764.8404152058064938 2050018.8940014359541237 2049809.0140014360658824
174 5310249.6722431574016809 5310039.7922431575134397 2050018.8940014359541237 2049809.0140014360658824
175 9272636.0114901475608349 9272426.1314901467412710 2050018.8940014359541237 2049809.0140014360658824
176 2347567.4975277660414577 2347357.6175277661532164 2050018.8940014359541237 2049809.0140014360658824
177 2204262.7050784989260137 2204052.8250784990377724 2050018.8940014359541237 2049809.0140014360658824
178 2190172.7850355952978134 2189962.9050355954095721 2050018.8940014359541237 2049809.0140014360658824
179 2210116.9734244332648814 2209907.0934244333766401 2050018.8940014359541237 2049809.0140014360658824
180 2235812.2685835175216198 2235602.3885835176333785 2050018.8940014359541237 2049809.0140014360658824
181 2245820.1074646455235779 2245610.2274646456353366 2050018.8940014359541237 2049809.0140014360658824
182 3671488.1179910954087973 3671278.2379910955205560 2050018.8940014359541237 2049809.0140014360658824
183 5458831.0032995939254761 5458621.1232995940372348 2050018.8940014359541237 2049809.0140014360658824
184 2874766.2696566628292203 2874556.3896566629409790 2050018.8940014359541237 2049809.0140014360658824
185 2193995.7853537872433662 2193785.9053537873551250 2050018.8940014359541237 2049809.0140014360658824
186 2322321.2287831516005099 2322111.3487831517122686 2050018.8940014359541237 2049809.0140014360658824
187 5518574.6438394831493497 5518364.7638394832611084 2050018.8940014359541237 2049809.0140014360658824
188 4340225.2879534019157290 4340015.4079534020274878 2050018.8940014359541237 2049809.0140014360658824
189 2725190.8991137598641217 2724981.0191137599758804 2050018.8940014359541237 2049809.0140014360658824
190 5087764.5057551283389330 5087554.6257551284506917 2050018.8940014359541237 2049809.0140014360658824
191 4380244.5107042267918587 4380034.6307042269036174 2050018.8940014359541237 2049809.0140014360658824
192 3025756.2131660436280072 3025546.3331660437397659 2050018.8940014359541237 2049809.0140014360658824
193 3127071.6426643561571836 3126861.7626643562689424 2050018.8940014359541237 2049809.0140014360658824
194 3357863.1137930685654283 3357653.2337930686771870 2050018.8940014359541237 2049809.0140014360658824
195 4260856.3038861798122525 4260646.4238861799240112 2050018.8940014359541237 2049809.0140014360658824
196 2561228.6382982102222741 2561018.7582982103340328 2050018.8940014359541237 2049809.0140014360658824
197 4125229.0382570233196020 4125019.1582570234313607 2050018.8940014359541237 2049809.0140014360658824
198 3915535.4033240019343793 3915325.5233240020461380 2050018.8940014359541237 2049809.0140014360658824
199 23424715.3220903687179089 23424505.4420903697609901 2050018.8940014359541237 2049809.0140014360658824
200 3725194.6733149751089513 3724984.7933149752207100 2050018.8940014359541237 2049809.0140014360658824
201 2936028.6857417714782059 2935818.8057417715899646 2050018.8940014359541237 2049809.0140014360658824
202 2193096.9770046179182827 2192887.0970046180300415 2050018.8940014359541237 2049809.0140014360658824
203 2242450.9975549080409110 2242241.1175549081526697 2050018.8940014359541237 2049809.0140014360658824
204 2019785.6767712600994855 2019575.7967712602112442 2019785.6767712600994855 2019575.7967712602112442
205 6483139.6330131795257330 6482929.7530131796374917 2019785.6767712600994855 2019575.7967712602112442
206 5680509.1782396193593740 5680299.2982396194711328 2019785.6767712600994855 2019575.7967712602112442
207 1999681.6999029282014817 1999471.8199029283132404 1999681.6999029282014817 1999471.8199029283132404
208 4752546.2834250936284661 4752336.4034250937402248 1999681.6999029282014817 1999471.8199029283132404
209 2748174.4623124939389527 2747964.5823124940507114 1999681.6999029282014817 1999471.8199029283132404
210 2592961.8867650926113129 2592752.0067650927230716 1999681.6999029282014817 1999471.8199029283132404
211 5035056.9691559951752424 5034847.0891559952870011 1999681.6999029282014817 1999471.8199029283132404
212 3248370.4115058877505362 3248160.5315058878622949 1999681.6999029282014817 1999471.8199029283132404
213 17513825.3615619353950024 17513615.4815619364380836 1999681.6999029282014817 1999471.8199029283132404
214 2964511.7070470792241395 2964301.8270470793358982 1999681.6999029282014817 1999471.8199029283132404
215 3763649.9916883315891027 3763440.1116883317008615 1999681.6999029282014817 1999471.8199029283132404
216 4409770.5394938830286264 4409560.6594938831403852 1999681.6999029282014817 1999471.8199029283132404
217 2591794.1752249067649245 2591584.2952249068766832 1999681.6999029282014817 1999471.8199029283132404
218 16955314.8788058832287788 16955104.9988058842718601 1999681.6999029282014817 1999471.8199029283132404
219 2599792.4154373276978731 2599582.5354373278096318 1999681.6999029282014817 1999471.8199029283132404
220 2901122.3023350187577307 2900912.4223350188694894 1999681.6999029282014817 1999471.8199029283132404
221 2548188.0222676931880414 2547978.1422676932998002 1999681.6999029282014817 1999471.8199029283132404
222 2455621.8829945069737732 2455412.0029945070855319 1999681.6999029282014817 1999471.8199029283132404
223 4119259.4546970501542091 4119049.5746970502659678 1999681.6999029282014817 1999471.8199029283132404
224 2230690.8989923135377467 2230481.0189923136495054 1999681.6999029282014817 1999471.8199029283132404
225 5584042.1302147824317217 5583832.2502147825434804 1999681.6999029282014817 1999471.8199029283132404
226 4197623.7594633484259248 4197413.8794633485376835 1999681.6999029282014817 1999471.8199029283132404
227 6779622.8244706159457564 6779412.9444706160575151 1999681.6999029282014817 1999471.8199029283132404
228 2326451.7706528119742870 2326241.8906528120860457 1999681.6999029282014817 1999471.8199029283132404
229 2511475.0345068052411079 2511265.1545068053528666 1999681.6999029282014817 1999471.8199029283132404
230 2290891.9147462556138635 2290682.0347462557256222 1999681.6999029282014817 1999471.8199029283132404
231 2902348.5582771836780012 2902138.6782771837897599 1999681.6999029282014817 1999471.8199029283132404
232 3335253.2044598348438740 3335043.3244598349556327 1999681.6999029282014817 1999471.8199029283132404
233 12342478.6818234734237194 12342268.8018234726041555 1999681.6999029282014817 1999471.8199029283132404
234 2220010.4928327933885157 2219800.6128327935002744 1999681.6999029282014817 1999471.8199029283132404
235 2215422.9966283286921680 2215213.1166283288039267 1999681.6999029282014817 1999471.8199029283132404
236 2451527.3445690358057618 2451317.4645690359175205 1999681.6999029282014817 1999471.8199029283132404
237 9741360.1166797764599323 9741150.2366797756403685 1999681.6999029282014817 1999471.8199029283132404
238 2398528.2483850130811334 2398318.3683850131928921 1999681.6999029282014817 1999471.8199029283132404
239 2284820.4212525677867234 2284610.5412525678984821 1999681.6999029282014817 1999471.8199029283132404
240 2481063.0438582985661924 2480853.1638582986779511 1999681.6999029282014817 1999471.8199029283132404
241 3426823.1598893953487277 3426613.2798893954604864 1999681.6999029282014817 1999471.8199029283132404
242 10870548.4176714587956667 10870338.5376714579761028 1999681.6999029282014817 1999471.8199029283132404
243 3260930.9165243781171739 3260721.0365243782289326 1999681.6999029282014817 1999471.8199029283132404
244 6184710.9831553939729929 6184501.1031553940847516 1999681.6999029282014817 1999471.8199029283132404
245 3169298.9678405914455652 3169089.0878405915573239 1999681.6999029282014817 1999471.8199029283132404
246 2222099.9170249793678522 2221890.0370249794796109 1999681.6999029282014817 1999471.8199029283132404
247 2739754.7925626900978386 2739544.9125626902095973 1999681.6999029282014817 1999471.8199029283132404
248 2602882.3431455632671714 2602672.4631455633789301 1999681.6999029282014817 1999471.8199029283132404
249 3348860.0537537806667387 3348650.1737537807784975 1999681.6999029282014817 1999471.8199029283132404
250 3101513.5938082500360906 3101303.7138082501478493 1999681.6999029282014817 1999471.8199029283132404
251 9738766.0565176401287317 9738556.1765176393091679 1999681.6999029282014817 1999471.8199029283132404
252 2641662.2908473615534604 2641452.4108473616652191 1999681.6999029282014817 1999471.8199029283132404
253 6996607.3398093469440937 6996397.4598093470558524 1999681.6999029282014817 1999471.8199029283132404
254 3047269.1295665251091123 3047059.2495665252208710 1999681.6999029282014817 1999471.8199029283132404
255 13400310.2079419903457165 13400100.3279419895261526 1999681.6999029282014817 1999471.8199029283132404
256 3029867.9677214878611267 3029658.0877214879728854 1999681.6999029282014817 1999471.8199029283132404
257 4053654.3485328564420342 4053444.4685328565537930 1999681.6999029282014817 1999471.8199029283132404
258 2413682.6564838252961636 2413472.7764838254079223 1999681.6999029282014817 1999471.8199029283132404
259 2266546.2727346052415669 2266336.3927346053533256 1999681.6999029282014817 1999471.8199029283132404
260 2216139.3172108507715166 2215929.4372108508832753 1999681.6999029282014817 1999471.8199029283132404
261 2693410.3328001643531024 2693200.4528001644648612 1999681.6999029282014817 1999471.8199029283132404
262 7381976.1335994554683566 7381766.2535994555801153 1999681.6999029282014817 1999471.8199029283132404
263 2700994.4148894171230495 2700784.5348894172348082 1999681.6999029282014817 1999471.8199029283132404
264 3722340.5275644273497164 3722130.6475644274614751 1999681.6999029282014817 1999471.8199029283132404
265 3326692.7810011329129338 3326482.9010011330246925 1999681.6999029282014817 1999471.8199029283132404
266 2729613.7638449156656861 2729403.8838449157774448 1999681.6999029282014817 1999471.8199029283132404
267 2468963.1271336367353797 2468753.2471336368471384 1999681.6999029282014817 1999471.8199029283132404
268 2106802.2432210100814700 2106592.3632210101932287 1999681.6999029282014817 1999471.8199029283132404
269 2440281.4774919236078858 2440071.5974919237196445 1999681.6999029282014817 1999471.8199029283132404
270 6531551.6016680737957358 6531341.7216680739074945 1999681.6999029282014817 1999471.8199029283132404
271 12700701.2539001852273941 12700491.3739001844078302 1999681.6999029282014817 1999471.8199029283132404
272 2390124.1681233099661767 2389914.2881233100779355 1999681.6999029282014817 1999471.8199029283132404
273 4176288.9369219033978879 4176079.0569219035096467 1999681.6999029282014817 1999471.8199029283132404
274 2623186.7275883653201163 2622976.8475883654318750 1999681.6999029282014817 1999471.8199029283132404
275 4191903.0458803628571332 4191693.1658803629688919 1999681.6999029282014817 1999471.8199029283132404
276 4255461.5765958903357387 4255251.6965958904474974 1999681.6999029282014817 1999471.8199029283132404
277 3813428.6527625974267721 3813218.7727625975385308 1999681.6999029282014817 1999471.8199029283132404
278 2762678.3689479809254408 2762468.4889479810371995 1999681.6999029282014817 1999471.8199029283132404
279 3290447.1381081226281822 3290237.2581081227399409 1999681.6999029282014817 1999471.8199029283132404
280 2976292.9856916014105082 2976083.1056916015222669 1999681.6999029282014817 1999471.8199029283132404
281 2180526.0942333671264350 2180316.2142333672381938 1999681.6999029282014817 1999471.8199029283132404
282 2722830.4784105685539544 2722620.5984105686657131 1999681.6999029282014817 1999471.8199029283132404
283 2463693.4924821490421891 2463483.6124821491539478 1999681.6999029282014817 1999471.8199029283132404
284 4311165.5545826330780983 4310955.6745826331898570 1999681.6999029282014817 1999471.8199029283132404
285 1023821.0102759454166517 1023611.1302759454119951 1023821.0102759454166517 1023611.1302759454119951
286 8124420.6425236389040947 8124210.7625236390158534 1023821.0102759454166517 1023611.1302759454119951
287 1312938.6450207408051938 1312728.7650207409169525 1023821.0102759454166517 1023611.1302759454119951
288 3187504.6119321994483471 3187294.7319321995601058 1023821.0102759454166517 1023611.1302759454119951
289 14256728.5834216140210629 14256518.7034216132014990 1023821.0102759454166517 1023611.1302759454119951
290 1651039.9941099677234888 1650830.1141099678352475 1023821.0102759454166517 1023611.1302759454119951
291 1330922.3343915496952832 1330712.4543915498070419 1023821.0102759454166517 1023611.1302759454119951
292 3777789.9861991973593831 3777580.1061991974711418 1023821.0102759454166517 1023611.1302759454119951
293 1497859.2538793240673840 1497649.3738793241791427 1023821.0102759454166517 1023611.1302759454119951
294 955022.0669069327414036 954812.1869069327367470 955022.0669069327414036 954812.1869069327367470
295 1415244.1728925004135817 1415034.2928925005253404 955022.0669069327414036 954812.1869069327367470
296 1107622.8341746330261230 1107412.9541746331378818 955022.0669069327414036 954812.1869069327367470
297 19626273.7572794444859028 19626063.8772794455289841 955022.0669069327414036 954812.1869069327367470
298 1144182.6011881302110851 1143972.7211881303228438 955022.0669069327414036 954812.1869069327367470
299 14706662.1562312096357346 14706452.2762312088161707 955022.0669069327414036 954812.1869069327367470
300 2497775.5354028642177582 2497565.6554028643295169 955022.0669069327414036 954812.1869069327367470
301 8100477.3523864988237619 8100267.4723864989355206 955022.0669069327414036 954812.1869069327367470
302 9037950.6058863848447800 9037740.7258863840252161 955022.0669069327414036 954812.1869069327367470
303 7187719.9711995180696249 7187510.0911995181813836 955022.0669069327414036 954812.1869069327367470
304 3121580.1734969224780798 3121370.2934969225898385 955022.0669069327414036 954812.1869069327367470
305 3317807.9480562554672360 3317598.0680562555789948 955022.0669069327414036 954812.1869069327367470
306 2719692.6627940302714705 2719482.7827940303832293 955022.0669069327414036 954812.1869069327367470
307 6074038.5321463104337454 6073828.6521463105455041 955022.0669069327414036 954812.1869069327367470
308 2956574.3583259377628565 2956364.4783259378746152 955022.0669069327414036 954812.1869069327367470
309 16236408.7331969439983368 16236198.8531969431787729 955022.0669069327414036 954812.1869069327367470
310 16679372.9588438756763935 16679163.0788438748568296 955022.0669069327414036 954812.1869069327367470
311 8935256.7391579318791628 8935046.8591579310595989 955022.0669069327414036 954812.1869069327367470
312 2716211.4997683628462255 2716001.6197683629579842 955022.0669069327414036 954812.1869069327367470
313 2511192.2364471470937133 2510982.3564471472054720 955022.0669069327414036 954812.1869069327367470
314 7561412.5475661717355251 7561202.6675661718472838 955022.0669069327414036 954812.1869069327367470
315 6491414.5793490167707205 6491204.6993490168824792 955022.0669069327414036 954812.1869069327367470
316 7997183.0359003413468599 7996973.1559003414586186 955022.0669069327414036 954812.1869069327367470
317 2095730.6239246518816799 2095520.7439246519934386 955022.0669069327414036 954812.1869069327367470
318 2359561.0170114170759916 2359351.1370114171877503 955022.0669069327414036 954812.1869069327367470
319 1215854.6205312903039157 1215644.7405312904156744 955022.0669069327414036 954812.1869069327367470
320 860767.3325772476382554 860557.4525772476335987 860767.3325772476382554 860557.4525772476335987
321 1685767.0607546542305499 1685557.1807546543423086 860767.3325772476382554 860557.4525772476335987
322 1831463.0975810051895678 1831253.2175810053013265 860767.3325772476382554 860557.4525772476335987
323 7584981.7795952092856169 7584771.8995952093973756 860767.3325772476382554 860557.4525772476335987
324 4436318.3631884688511491 4436108.4831884689629078 860767.3325772476382554 860557.4525772476335987
325 8671270.0652372483164072 8671060.1852372474968433 860767.3325772476382554 860557.4525772476335987
326 1847433.8555259518325329 1847223.9755259519442916 860767.3325772476382554 860557.4525772476335987
327 6295478.0611890451982617 6295268.1811890453100204 860767.3325772476382554 860557.4525772476335987
328 1837568.7399083613418043 1837358.8599083614535630 860767.3325772476382554 860557.4525772476335987
329 4276006.1794876679778099 4275796.2994876680895686 860767.3325772476382554 860557.4525772476335987
330 1828794.2683283719234169 1828584.3883283720351756 860767.3325772476382554 860557.4525772476335987
331 1330903.8571911987382919 1330693.9771911988500506 860767.3325772476382554 860557.4525772476335987
332 842868.6152248245198280 842658.7352248245151713 842868.6152248245198280 842658.7352248245151713
333 11438140.9554018229246140 11437931.0754018221050501 842868.6152248245198280 842658.7352248245151713
334 1148397.3661327017471194 1148187.4861327018588781 842868.6152248245198280 842658.7352248245151713
335 3746396.0082941851578653 3746186.1282941852696240 842868.6152248245198280 842658.7352248245151713
336 6870784.1302644358947873 6870574.2502644360065460 842868.6152248245198280 842658.7352248245151713
337 750831.1110207897145301 750621.2310207897098735 750831.1110207897145301 750621.2310207897098735
338 23274636.7821300551295280 23274426.9021300561726093 750831.1110207897145301 750621.2310207897098735
339 1589084.3176667802035809 1588874.4376667803153396 750831.1110207897145301 750621.2310207897098735
340 2277731.7738934396766126 2277521.8938934397883713 750831.1110207897145301 750621.2310207897098735
341 6015925.8883009925484657 6015716.0083009926602244 750831.1110207897145301 750621.2310207897098735
342 3352545.1417335462756455 3352335.2617335463874042 750831.1110207897145301 750621.2310207897098735
343 3580087.3109445925801992 3579877.4309445926919580 750831.1110207897145301 750621.2310207897098735
344 6245020.2013223348185420 6244810.3213223349303007 750831.1110207897145301 750621.2310207897098735
345 1750388.5914547760039568 1750178.7114547761157155 750831.1110207897145301 750621.2310207897098735
346 2379331.5927053582854569 2379121.7127053583972156 750831.1110207897145301 750621.2310207897098735
347 3856371.3589276862330735 3856161.4789276863448322 750831.1110207897145301 750621.2310207897098735
348 16849672.3099107220768929 16849462.4299107231199741 750831.1110207897145301 750621.2310207897098735
349 14609752.0884565189480782 14609542.2084565181285143 750831.1110207897145301 750621.2310207897098735
350 2247272.2201838409528136 2247062.3401838410645723 750831.1110207897145301 750621.2310207897098735
351 2390513.1286288825795054 2390303.2486288826912642 750831.1110207897145301 750621.2310207897098735
352 1065857.3745568729937077 1065647.4945568731054664 750831.1110207897145301 750621.2310207897098735
353 1264798.6091010419186205 1264588.7291010420303792 750831.1110207897145301 750621.2310207897098735
354 1959000.8196705551818013 1958790.9396705552935600 750831.1110207897145301 750621.2310207897098735
355 1634187.2361542291473597 1633977.3561542292591184 750831.1110207897145301 750621.2310207897098735
356 1347810.1092798614408821 1347600.2292798615526408 750831.1110207897145301 750621.2310207897098735
357 1936572.8305738423950970 1936362.9505738425068557 750831.1110207897145301 750621.2310207897098735
358 11019368.8164729047566652 11019158.9364729039371014 750831.1110207897145301 750621.2310207897098735
359 4010813.7357373703271151 4010603.8557373704388738 750831.1110207897145301 750621.2310207897098735
360 5914091.3726763725280762 5913881.4926763726398349 750831.1110207897145301 750621.2310207897098735
361 10663232.1214087195694447 10663022.2414087187498808 750831.1110207897145301 750621.2310207897098735
362 1733142.7143976837396622 1732932.8343976838514209 750831.1110207897145301 750621.2310207897098735
363 1652872.9063886096701026 1652663.0263886097818613 750831.1110207897145301 750621.2310207897098735
364 1377719.8171834792010486 1377509.9371834793128073 750831.1110207897145301 750621.2310207897098735
365 1085791.1946060317568481 1085581.3146060318686068 750831.1110207897145301 750621.2310207897098735
366 1519669.7469836189411581 1519459.8669836190529168 750831.1110207897145301 750621.2310207897098735
367 848301.3026969748316333 848091.4226969748269767 750831.1110207897145301 750621.2310207897098735
368 14864420.7070035133510828 14864210.8270035125315189 750831.1110207897145301 750621.2310207897098735
369 1318115.8184931594878435 1317905.9384931595996022 750831.1110207897145301 750621.2310207897098735
370 5567442.2794988900423050 5567232.3994988901540637 750831.1110207897145301 750621.2310207897098735
371 883582.2766561898170039 883372.3966561898123473 750831.1110207897145301 750621.2310207897098735
372 2734224.3665827969089150 2734014.4865827970206738 750831.1110207897145301 750621.2310207897098735
373 2484579.5524399792775512 2484369.6724399793893099 750831.1110207897145301 750621.2310207897098735
374 2437668.7578990571200848 2437458.8778990572318435 750831.1110207897145301 750621.2310207897098735
375 6556642.3432213095948100 6556432.4632213097065687 750831.1110207897145301 750621.2310207897098735
376 16894139.9389534369111061 16893930.0589534379541874 750831.1110207897145301 750621.2310207897098735
377 994653.1223748425254598 994443.2423748425208032 750831.1110207897145301 750621.2310207897098735
378 3630838.9468536581844091 3630629.0668536582961679 750831.1110207897145301 750621.2310207897098735
379 1644713.1897415409330279 1644503.3097415410447866 750831.1110207897145301 750621.2310207897098735
380 2773978.4898781459778547 2773768.6098781460896134 750831.1110207897145301 750621.2310207897098735
381 2340406.0877483729273081 2340196.2077483730390668 750831.1110207897145301 750621.2310207897098735
382 2794115.9436147259548306 2793906.0636147260665894 750831.1110207897145301 750621.2310207897098735
383 1612750.4328403759282082 1612540.5528403760399669 750831.1110207897145301 750621.2310207897098735
384 3260529.4286791179329157 3260319.5486791180446744 750831.1110207897145301 750621.2310207897098735
385 2515971.7671104259788990 2515761.8871104260906577 750831.1110207897145301 750621.2310207897098735
386 8432700.5961801130324602 8432490.7161801122128963 750831.1110207897145301 750621.2310207897098735
387 790956.5503315847599879 790746.6703315847553313 750831.1110207897145301 750621.2310207897098735
388 921260.9545924888225272 921051.0745924888178706 750831.1110207897145301 750621.2310207897098735
389 3409393.7132951994426548 3409183.8332951995544136 750831.1110207897145301 750621.2310207897098735
390 2175349.6482128556817770 2175139.7682128557935357 750831.1110207897145301 750621.2310207897098735
391 1068294.9823031730484217 1068085.1023031731601804 750831.1110207897145301 750621.2310207897098735
392 27133113.5544790737330914 27132903.6744790747761726 750831.1110207897145301 750621.2310207897098735
393 1198000.8424398971255869 1197790.9624398972373456 750831.1110207897145301 750621.2310207897098735
394 974260.3402433843584731 974050.4602433843538165 750831.1110207897145301 750621.2310207897098735
395 1790267.3156241208780557 1790057.4356241209898144 750831.1110207897145301 750621.2310207897098735
396 5754998.6095938477665186 5754788.7295938478782773 750831.1110207897145301 750621.2310207897098735
397 1535672.2445662142708898 1535462.3645662143826485 750831.1110207897145301 750621.2310207897098735
398 3734460.6050914754159749 3734250.7250914755277336 750831.1110207897145301 750621.2310207897098735
399 1369262.7972691277973354 1369052.9172691279090941 750831.1110207897145301 750621.2310207897098735
400 916923.8347507572034374 916713.9547507571987808 750831.1110207897145301 750621.2310207897098735
401 4098191.3100015362724662 4097981.4300015363842249 750831.1110207897145301 750621.2310207897098735
402 1396151.8168879649601877 1395941.9368879650719464 750831.1110207897145301 750621.2310207897098735
403 1155182.5001458965707570 1154972.6201458966825157 750831.1110207897145301 750621.2310207897098735
404 5846084.2620160952210426 5845874.3820160953328013 750831.1110207897145301 750621.2310207897098735
405 4923734.3977358406409621 4923524.5177358407527208 750831.1110207897145301 750621.2310207897098735
406 2437398.0215600463561714 2437188.1415600464679301 750831.1110207897145301 750621.2310207897098735
407 1547326.5184888425283134 1547116.6384888426400721 750831.1110207897145301 750621.2310207897098735
408 1195718.3546895391773432 1195508.4746895392891020 750831.1110207897145301 750621.2310207897098735
409 10605804.7000998388975859 10605594.8200998380780220 750831.1110207897145301 750621.2310207897098735
410 12330105.2478010281920433 12329895.3678010273724794 750831.1110207897145301 750621.2310207897098735
411 1008449.7736385999014601 1008239.8936385998968035 750831.1110207897145301 750621.2310207897098735
412 6677775.6246050940826535 6677565.7446050941944122 750831.1110207897145301 750621.2310207897098735
413 1190315.8331859717145562 1190105.9531859718263149 750831.1110207897145301 750621.2310207897098735
414 12767671.3810081724077463 12767461.5010081715881824 750831.1110207897145301 750621.2310207897098735
415 8427816.1794659625738859 8427606.2994659617543221 750831.1110207897145301 750621.2310207897098735
416 3596180.9040102972649038 3595971.0240102973766625 750831.1110207897145301 750621.2310207897098735
417 1069033.0869317634496838 1068823.2069317635614425 750831.1110207897145301 750621.2310207897098735
418 4588801.7575590107589960 4588591.8775590108707547 750831.1110207897145301 750621.2310207897098735
419 6132282.3368949145078659 6132072.4568949146196246 750831.1110207897145301 750621.2310207897098735
420 1708317.2067546939942986 1708107.3267546941060573 750831.1110207897145301 750621.2310207897098735
421 1371591.1675723106600344 1371381.2875723107717931 750831.1110207897145301 750621.2310207897098735
422 2142686.7920744572766125 2142476.9120744573883712 750831.1110207897145301 750621.2310207897098735
423 1776778.3732085330411792 1776568.4932085331529379 750831.1110207897145301 750621.2310207897098735
424 1498293.5067933178506792 1498083.6267933179624379 750831.1110207897145301 750621.2310207897098735
425 1705640.7922952915541828 1705430.9122952916659415 750831.1110207897145301 750621.2310207897098735
426 1945653.6446700040251017 1945443.7646700041368604 750831.1110207897145301 750621.2310207897098735
427 993120.2796668340452015 992910.3996668340405449 750831.1110207897145301 750621.2310207897098735
428 2150823.7221076404675841 2150613.8421076405793428 750831.1110207897145301 750621.2310207897098735
429 2380357.7156361639499664 2380147.8356361640617251 750831.1110207897145301 750621.2310207897098735
430 1718354.0438150700647384 1718144.1638150701764971 750831.1110207897145301 750621.2310207897098735
431 1944741.8103585862554610 1944531.9303585863672197 750831.1110207897145301 750621.2310207897098735
432 1290819.0649660392664373 1290609.1849660393781960 750831.1110207897145301 750621.2310207897098735
433 1028840.5298072096193209 1028630.6498072096146643 750831.1110207897145301 750621.2310207897098735
434 2096203.2677935583051294 2095993.3877935584168881 750831.1110207897145301 750621.2310207897098735
435 1309929.7429117800202221 1309719.8629117801319808 750831.1110207897145301 750621.2310207897098735
436 2920288.1570803998038173 2920078.2770803999155760 750831.1110207897145301 750621.2310207897098735
437 5389997.9556886656209826 5389788.0756886657327414 750831.1110207897145301 750621.2310207897098735
438 1538094.9124080429319292 1537885.0324080430436879 750831.1110207897145301 750621.2310207897098735
439 1602416.1041685147210956 1602206.2241685148328543 750831.1110207897145301 750621.2310207897098735
440 6157715.9034166224300861 6157506.0234166225418448 750831.1110207897145301 750621.2310207897098735
441 16733037.5463959481567144 16732827.6663959473371506 750831.1110207897145301 750621.2310207897098735
442 1301817.7563429474830627 1301607.8763429475948215 750831.1110207897145301 750621.2310207897098735
443 1001544.6949586299015209 1001334.8149586298968643 750831.1110207897145301 750621.2310207897098735
444 1996934.5403430806472898 1996724.6603430807590485 750831.1110207897145301 750621.2310207897098735
445 20106449.5261947102844715 20106239.6461947113275528 750831.1110207897145301 750621.2310207897098735
446 2439284.3377966633997858 2439074.4577966635115445 750831.1110207897145301 750621.2310207897098735
447 2811999.5037379250861704 2811789.6237379251979291 750831.1110207897145301 750621.2310207897098735
448 5220787.7167829526588321 5220577.8367829527705908 750831.1110207897145301 750621.2310207897098735
449 6046738.0349840298295021 6046528.1549840299412608 750831.1110207897145301 750621.2310207897098735
450 3639628.5373710831627250 3639418.6573710832744837 750831.1110207897145301 750621.2310207897098735
451 15236442.9389415197074413 15236233.0589415188878775 750831.1110207897145301 750621.2310207897098735
452 1145259.7194408203940839 1145049.8394408205058426 750831.1110207897145301 750621.2310207897098735
453 1609560.1438513998873532 1609350.2638513999991119 750831.1110207897145301 750621.2310207897098735
454 3151324.8244263841770589 3151114.9444263842888176 750831.1110207897145301 750621.2310207897098735
455 3296537.8256815662607551 3296327.9456815663725138 750831.1110207897145301 750621.2310207897098735
456 2356802.9457254395820200 2356593.0657254396937788 750831.1110207897145301 750621.2310207897098735
457 8494602.8011516295373440 8494392.9211516287177801 750831.1110207897145301 750621.2310207897098735
458 1937759.2261526416987181 1937549.3461526418104768 750831.1110207897145301 750621.2310207897098735
459 1696614.9174043352250010 1696405.0374043353367597 750831.1110207897145301 750621.2310207897098735
460 3298754.6198054431006312 3298544.7398054432123899 750831.1110207897145301 750621.2310207897098735
461 1567126.9391880796756595 1566917.0591880797874182 750831.1110207897145301 750621.2310207897098735
462 1716541.0215546262916178 1716331.1415546264033765 750831.1110207897145301 750621.2310207897098735
463 1829004.5957171521149576 1828794.7157171522267163 750831.1110207897145301 750621.2310207897098735
464 1276749.4169988166540861 1276539.5369988167658448 750831.1110207897145301 750621.2310207897098735
465 4681165.0449550254270434 4680955.1649550255388021 750831.1110207897145301 750621.2310207897098735
466 1894748.8193654178176075 1894538.9393654179293662 750831.1110207897145301 750621.2310207897098735
467 2817009.2869997154921293 2816799.4069997156038880 750831.1110207897145301 750621.2310207897098735
468 7433935.7903175866231322 7433725.9103175867348909 750831.1110207897145301 750621.2310207897098735
469 1939188.6402950228657573 1938978.7602950229775161 750831.1110207897145301 750621.2310207897098735
470 2568622.7065723091363907 2568412.8265723092481494 750831.1110207897145301 750621.2310207897098735
471 1517897.8819443788379431 1517688.0019443789497018 750831.1110207897145301 750621.2310207897098735
472 1149085.9386391430161893 1148876.0586391431279480 750831.1110207897145301 750621.2310207897098735
473 5254669.4745325846597552 5254459.5945325847715139 750831.1110207897145301 750621.2310207897098735
474 2133154.4669510461390018 2132944.5869510462507606 750831.1110207897145301 750621.2310207897098735
475 1462604.5291236992925406 1462394.6491236994042993 750831.1110207897145301 750621.2310207897098735
476 2811684.8320167199708521 2811474.9520167200826108 750831.1110207897145301 750621.2310207897098735
477 3330642.2776671983301640 3330432.3976671984419227 750831.1110207897145301 750621.2310207897098735
478 1836639.7220723025966436 1836429.8420723027084023 750831.1110207897145301 750621.2310207897098735
479 1637866.4978917692787945 1637656.6178917693905532 750831.1110207897145301 750621.2310207897098735
480 1687388.5197699868585914 1687178.6397699869703501 750831.1110207897145301 750621.2310207897098735
481 1152960.0461467353161424 1152750.1661467354279011 750831.1110207897145301 750621.2310207897098735
482 2555177.4922904949635267 2554967.6122904950752854 750831.1110207897145301 750621.2310207897098735
483 4351808.4447624078020453 4351598.5647624079138041 750831.1110207897145301 750621.2310207897098735
484 3397034.9375655110925436 3396825.0575655112043023 750831.1110207897145301 750621.2310207897098735
485 3390503.8623601072467864 3390293.9823601073585451 750831.1110207897145301 750621.2310207897098735
486 1418448.2415177200455219 1418238.3615177201572806 750831.1110207897145301 750621.2310207897098735
487 4740831.9789803680032492 4740622.0989803681150079 750831.1110207897145301 750621.2310207897098735
488 10099446.8827774878591299 10099237.0027774870395660 750831.1110207897145301 750621.2310207897098735
489 3402052.7327150879427791 3401842.8527150880545378 750831.1110207897145301 750621.2310207897098735
490 1485190.0276745641604066 1484980.1476745642721653 750831.1110207897145301 750621.2310207897098735
491 7217174.8866103179752827 7216965.0066103180870414 750831.1110207897145301 750621.2310207897098735
492 1149414.5358121329918504 1149204.6558121331036091 750831.1110207897145301 750621.2310207897098735
493 2318033.5711874039843678 2317823.6911874040961266 750831.1110207897145301 750621.2310207897098735
494 4227455.7743300078436732 4227245.8943300079554319 750831.1110207897145301 750621.2310207897098735
495 3184015.7912515434436500 3183805.9112515435554087 750831.1110207897145301 750621.2310207897098735
496 1826700.3300054157152772 1826490.4500054158270359 750831.1110207897145301 750621.2310207897098735
497 2282260.7644490599632263 2282050.8844490600749850 750831.1110207897145301 750621.2310207897098735
498 4046881.6998152565211058 4046671.8198152566328645 750831.1110207897145301 750621.2310207897098735
499 2107150.7179589094594121 2106940.8379589095711708 750831.1110207897145301 750621.2310207897098735
500 2000887.3567202656995505 2000677.4767202658113092 750831.1110207897145301 750621.2310207897098735
