evaluations raw_y current_y raw_y_best current_y_best
1 573309.8597496332367882 573459.0097496332600713 573309.8597496332367882 573459.0097496332600713
2 504426.7437317981384695 504575.8937317981617525 504426.7437317981384695 504575.8937317981617525
3 294238.0625950326793827 294387.2125950327026658 294238.0625950326793827 294387.2125950327026658
4 260382.2501709644566290 260531.4001709644508082 260382.2501709644566290 260531.4001709644508082
5 539013.8622354678809643 539163.0122354679042473 260382.2501709644566290 260531.4001709644508082
6 402005.2540399312856607 402154.4040399313089438 260382.2501709644566290 260531.4001709644508082
7 1111018.8320314360316843 1111167.9820314359385520 260382.2501709644566290 260531.4001709644508082
8 629527.4541070820996538 629676.6041070821229368 260382.2501709644566290 260531.4001709644508082
9 181831.3518262726720423 181980.5018262726662215 181831.3518262726720423 181980.5018262726662215
10 110843.3660714588477276 110992.5160714588419069 110843.3660714588477276 110992.5160714588419069
11 85049.2392337054043310 85198.3892337053985102 85049.2392337054043310 85198.3892337053985102
12 83368.1639064730261452 83517.3139064730203245 83368.1639064730261452 83517.3139064730203245
13 86566.6726511573942844 86715.8226511573884636 83368.1639064730261452 83517.3139064730203245
14 74042.4178486395685468 74191.5678486395627260 74042.4178486395685468 74191.5678486395627260
15 76486.8859975297236815 76636.0359975297178607 74042.4178486395685468 74191.5678486395627260
16 55447.6535366439275094 55596.8035366439289646 55447.6535366439275094 55596.8035366439289646
17 45786.6267181613948196 45935.7767181613962748 45786.6267181613948196 45935.7767181613962748
18 56845.6433564299950376 56994.7933564299964928 45786.6267181613948196 45935.7767181613962748
19 46164.2454577373428037 46313.3954577373442589 45786.6267181613948196 45935.7767181613962748
20 46040.4458103414799552 46189.5958103414814104 45786.6267181613948196 45935.7767181613962748
21 41350.6531867753801635 41499.8031867753816186 41350.6531867753801635 41499.8031867753816186
22 50982.9075827961278264 51132.0575827961292816 41350.6531867753801635 41499.8031867753816186
23 40945.3531418902784935 41094.5031418902799487 40945.3531418902784935 41094.5031418902799487
24 52154.2128109576515271 52303.3628109576529823 40945.3531418902784935 41094.5031418902799487
25 74663.2814233993267408 74812.4314233993209200 40945.3531418902784935 41094.5031418902799487
26 105446.5551678474730579 105595.7051678474672372 40945.3531418902784935 41094.5031418902799487
27 78239.5212108650594018 78388.6712108650535811 40945.3531418902784935 41094.5031418902799487
28 79909.1205158112570643 80058.2705158112512436 40945.3531418902784935 41094.5031418902799487
29 74988.6683200927218422 75137.8183200927160215 40945.3531418902784935 41094.5031418902799487
30 43454.1184274343468132 43603.2684274343482684 40945.3531418902784935 41094.5031418902799487
31 85238.3269105623912765 85387.4769105623854557 40945.3531418902784935 41094.5031418902799487
32 59583.1201695285271853 59732.2701695285286405 40945.3531418902784935 41094.5031418902799487
33 43547.2171635897393571 43696.3671635897408123 40945.3531418902784935 41094.5031418902799487
34 62766.5252291094366228 62915.6752291094380780 40945.3531418902784935 41094.5031418902799487
35 66123.3013908801949583 66272.4513908801891375 40945.3531418902784935 41094.5031418902799487
36 50220.8397279400523985 50369.9897279400538537 40945.3531418902784935 41094.5031418902799487
37 85079.7825900590105448 85228.9325900590047240 40945.3531418902784935 41094.5031418902799487
38 39243.1076557108535781 39392.2576557108550332 39243.1076557108535781 39392.2576557108550332
39 68159.8752603441389510 68309.0252603441331303 39243.1076557108535781 39392.2576557108550332
40 37911.2597672579649952 38060.4097672579664504 37911.2597672579649952 38060.4097672579664504
41 37779.8648044522196869 37929.0148044522211421 37779.8648044522196869 37929.0148044522211421
42 32038.9624073115519423 32188.1124073115533974 32038.9624073115519423 32188.1124073115533974
43 51309.5872007805592148 51458.7372007805606700 32038.9624073115519423 32188.1124073115533974
44 92585.6760185530001763 92734.8260185529943556 32038.9624073115519423 32188.1124073115533974
45 35309.8836408492134069 35459.0336408492148621 32038.9624073115519423 32188.1124073115533974
46 63967.2111197394115152 64116.3611197394129704 32038.9624073115519423 32188.1124073115533974
47 99919.0548123802436749 100068.2048123802378541 32038.9624073115519423 32188.1124073115533974
48 73578.3663108819018817 73727.5163108818960609 32038.9624073115519423 32188.1124073115533974
49 40066.0734381179427146 40215.2234381179441698 32038.9624073115519423 32188.1124073115533974
50 29146.4382865117040637 29295.5882865117055189 29146.4382865117040637 29295.5882865117055189
51 27811.6805463070922997 27960.8305463070937549 27811.6805463070922997 27960.8305463070937549
52 39811.1363261922233505 39960.2863261922248057 27811.6805463070922997 27960.8305463070937549
53 28894.8819716561010864 29044.0319716561025416 27811.6805463070922997 27960.8305463070937549
54 34117.6183026825456182 34266.7683026825470733 27811.6805463070922997 27960.8305463070937549
55 44697.2514138277256279 44846.4014138277270831 27811.6805463070922997 27960.8305463070937549
56 30892.9175833865519962 31042.0675833865534514 27811.6805463070922997 27960.8305463070937549
57 39315.4427168832771713 39464.5927168832786265 27811.6805463070922997 27960.8305463070937549
58 28379.1559538067813264 28528.3059538067827816 27811.6805463070922997 27960.8305463070937549
59 24895.9593935090088053 25045.1093935090102605 24895.9593935090088053 25045.1093935090102605
60 53065.1541223367821658 53214.3041223367836210 24895.9593935090088053 25045.1093935090102605
61 70822.4026625661354046 70971.5526625661295839 24895.9593935090088053 25045.1093935090102605
62 94771.5482475273893215 94920.6982475273835007 24895.9593935090088053 25045.1093935090102605
63 32506.9959290015540319 32656.1459290015554870 24895.9593935090088053 25045.1093935090102605
64 68823.4721018792042742 68972.6221018791984534 24895.9593935090088053 25045.1093935090102605
65 38844.5542760349344462 38993.7042760349359014 24895.9593935090088053 25045.1093935090102605
66 41775.7326802869138191 41924.8826802869152743 24895.9593935090088053 25045.1093935090102605
67 70598.6785825793776894 70747.8285825793718686 24895.9593935090088053 25045.1093935090102605
68 41854.0473980698661762 42003.1973980698676314 24895.9593935090088053 25045.1093935090102605
69 33901.2214668435408385 34050.3714668435422936 24895.9593935090088053 25045.1093935090102605
70 51118.8542024960261188 51268.0042024960275739 24895.9593935090088053 25045.1093935090102605
71 59202.6608363708146499 59351.8108363708161050 24895.9593935090088053 25045.1093935090102605
72 48617.7537981079440215 48766.9037981079454767 24895.9593935090088053 25045.1093935090102605
73 89715.7004152691515628 89864.8504152691457421 24895.9593935090088053 25045.1093935090102605
74 23366.7689172992068052 23515.9189172992082604 23366.7689172992068052 23515.9189172992082604
75 23133.3198355519125471 23282.4698355519140023 23133.3198355519125471 23282.4698355519140023
76 32277.3554518726887181 32426.5054518726901733 23133.3198355519125471 23282.4698355519140023
77 52030.9444981700726203 52180.0944981700740755 23133.3198355519125471 23282.4698355519140023
78 45498.5546164976040018 45647.7046164976054570 23133.3198355519125471 23282.4698355519140023
79 39786.4761859880454722 39935.6261859880469274 23133.3198355519125471 23282.4698355519140023
80 37748.1042955173979863 37897.2542955173994415 23133.3198355519125471 23282.4698355519140023
81 164923.6301134996465407 165072.7801134996407200 23133.3198355519125471 23282.4698355519140023
82 34545.8912689269636758 34695.0412689269651310 23133.3198355519125471 23282.4698355519140023
83 29930.5402062171306170 30079.6902062171320722 23133.3198355519125471 23282.4698355519140023
84 23331.9236795078577416 23481.0736795078591967 23133.3198355519125471 23282.4698355519140023
85 29214.5777043618691096 29363.7277043618705648 23133.3198355519125471 23282.4698355519140023
86 25502.0536624918968300 25651.2036624918982852 23133.3198355519125471 23282.4698355519140023
87 25682.7975628075218992 25831.9475628075233544 23133.3198355519125471 23282.4698355519140023
88 55761.0796832759588142 55910.2296832759602694 23133.3198355519125471 23282.4698355519140023
89 26904.2247312560721184 27053.3747312560735736 23133.3198355519125471 23282.4698355519140023
90 34726.7117340128243086 34875.8617340128257638 23133.3198355519125471 23282.4698355519140023
91 39490.2485237001601490 39639.3985237001616042 23133.3198355519125471 23282.4698355519140023
92 18596.5637948083494848 18745.7137948083509400 18596.5637948083494848 18745.7137948083509400
93 108182.2373456822242588 108331.3873456822184380 18596.5637948083494848 18745.7137948083509400
94 38455.6945017126417952 38604.8445017126432504 18596.5637948083494848 18745.7137948083509400
95 71323.5025723903090693 71472.6525723903032485 18596.5637948083494848 18745.7137948083509400
96 31069.6171968095222837 31218.7671968095237389 18596.5637948083494848 18745.7137948083509400
97 151657.0522806403168943 151806.2022806403110735 18596.5637948083494848 18745.7137948083509400
98 47839.8512951051670825 47989.0012951051685377 18596.5637948083494848 18745.7137948083509400
99 98267.6861416053579887 98416.8361416053521680 18596.5637948083494848 18745.7137948083509400
100 22092.3780195002473192 22241.5280195002487744 18596.5637948083494848 18745.7137948083509400
101 64351.2091716777940746 64500.3591716777955298 18596.5637948083494848 18745.7137948083509400
102 74883.8620345944218570 75033.0120345944160363 18596.5637948083494848 18745.7137948083509400
103 27620.9868309713783674 27770.1368309713798226 18596.5637948083494848 18745.7137948083509400
104 38520.3901163965492742 38669.5401163965507294 18596.5637948083494848 18745.7137948083509400
105 63558.9796669171773829 63708.1296669171788380 18596.5637948083494848 18745.7137948083509400
106 22837.6386365139696863 22986.7886365139711415 18596.5637948083494848 18745.7137948083509400
107 14528.6717303875175276 14677.8217303875171638 14528.6717303875175276 14677.8217303875171638
108 37232.8626595928581082 37382.0126595928595634 14528.6717303875175276 14677.8217303875171638
109 21867.7361390096775722 22016.8861390096790274 14528.6717303875175276 14677.8217303875171638
110 19741.0849911740660900 19890.2349911740675452 14528.6717303875175276 14677.8217303875171638
111 14862.8004232872553985 15011.9504232872550347 14528.6717303875175276 14677.8217303875171638
112 58323.2280601822130848 58472.3780601822145400 14528.6717303875175276 14677.8217303875171638
113 48615.6925254271700396 48764.8425254271714948 14528.6717303875175276 14677.8217303875171638
114 16662.0395820395751798 16811.1895820395766350 14528.6717303875175276 14677.8217303875171638
115 38283.4399736629493418 38432.5899736629507970 14528.6717303875175276 14677.8217303875171638
116 19483.2301861922642274 19632.3801861922656826 14528.6717303875175276 14677.8217303875171638
117 18208.6212137796901516 18357.7712137796916068 14528.6717303875175276 14677.8217303875171638
118 18118.7468007848256093 18267.8968007848270645 14528.6717303875175276 14677.8217303875171638
119 29810.8008807145743049 29959.9508807145757601 14528.6717303875175276 14677.8217303875171638
120 47446.5562509295123164 47595.7062509295137716 14528.6717303875175276 14677.8217303875171638
121 28663.3801176842462155 28812.5301176842476707 14528.6717303875175276 14677.8217303875171638
122 30782.6686605835493538 30931.8186605835508090 14528.6717303875175276 14677.8217303875171638
123 46849.4627003090135986 46998.6127003090150538 14528.6717303875175276 14677.8217303875171638
124 54866.8363866371437325 55015.9863866371451877 14528.6717303875175276 14677.8217303875171638
125 41523.3111887912455131 41672.4611887912469683 14528.6717303875175276 14677.8217303875171638
126 35241.4640643249440473 35390.6140643249455024 14528.6717303875175276 14677.8217303875171638
127 33603.8431924168326077 33752.9931924168340629 14528.6717303875175276 14677.8217303875171638
128 18883.6762113163022150 19032.8262113163036702 14528.6717303875175276 14677.8217303875171638
129 17054.0168419327383162 17203.1668419327397714 14528.6717303875175276 14677.8217303875171638
130 63534.1200780327417306 63683.2700780327431858 14528.6717303875175276 14677.8217303875171638
131 36124.6422064833313925 36273.7922064833328477 14528.6717303875175276 14677.8217303875171638
132 59886.5630624229524983 60035.7130624229539535 14528.6717303875175276 14677.8217303875171638
133 119802.5941089046391426 119951.7441089046333218 14528.6717303875175276 14677.8217303875171638
134 45608.5628570799963200 45757.7128570799977751 14528.6717303875175276 14677.8217303875171638
135 25519.9412771939023514 25669.0912771939038066 14528.6717303875175276 14677.8217303875171638
136 26301.3917508385711699 26450.5417508385726251 14528.6717303875175276 14677.8217303875171638
137 41082.7448351029161131 41231.8948351029175683 14528.6717303875175276 14677.8217303875171638
138 77161.0109174154931679 77310.1609174154873472 14528.6717303875175276 14677.8217303875171638
139 81852.3538866837916430 82001.5038866837858222 14528.6717303875175276 14677.8217303875171638
140 32782.0239786612219177 32931.1739786612233729 14528.6717303875175276 14677.8217303875171638
141 16849.6453380007733358 16998.7953380007747910 14528.6717303875175276 14677.8217303875171638
142 90076.2669682244304568 90225.4169682244246360 14528.6717303875175276 14677.8217303875171638
143 32777.8551787629621685 32927.0051787629636237 14528.6717303875175276 14677.8217303875171638
144 148661.4749028229853138 148810.6249028229794931 14528.6717303875175276 14677.8217303875171638
145 53942.2032304560780176 54091.3532304560794728 14528.6717303875175276 14677.8217303875171638
146 25922.2093264356990403 26071.3593264357004955 14528.6717303875175276 14677.8217303875171638
147 117346.4997922558686696 117495.6497922558628488 14528.6717303875175276 14677.8217303875171638
148 53228.4259815078185056 53377.5759815078199608 14528.6717303875175276 14677.8217303875171638
149 19706.2128051035688259 19855.3628051035702811 14528.6717303875175276 14677.8217303875171638
150 20110.0000821700923552 20259.1500821700938104 14528.6717303875175276 14677.8217303875171638
151 16331.2681730204822088 16480.4181730204836640 14528.6717303875175276 14677.8217303875171638
152 51165.7603007474972401 51314.9103007474986953 14528.6717303875175276 14677.8217303875171638
153 65721.0625969510001596 65870.2125969509943388 14528.6717303875175276 14677.8217303875171638
154 92112.4381304396229098 92261.5881304396170890 14528.6717303875175276 14677.8217303875171638
155 74351.4824830567376921 74500.6324830567318713 14528.6717303875175276 14677.8217303875171638
156 18810.4018987419512996 18959.5518987419527548 14528.6717303875175276 14677.8217303875171638
157 60329.8585414190165466 60479.0085414190180018 14528.6717303875175276 14677.8217303875171638
158 92314.2124728170747403 92463.3624728170689195 14528.6717303875175276 14677.8217303875171638
159 35590.4512244994330104 35739.6012244994344655 14528.6717303875175276 14677.8217303875171638
160 87323.7520704206544906 87472.9020704206486698 14528.6717303875175276 14677.8217303875171638
161 32128.1057648651876661 32277.2557648651891213 14528.6717303875175276 14677.8217303875171638
162 41781.6194047937387950 41930.7694047937402502 14528.6717303875175276 14677.8217303875171638
163 81816.9320578414626652 81966.0820578414568445 14528.6717303875175276 14677.8217303875171638
164 15492.9279612911232107 15642.0779612911228469 14528.6717303875175276 14677.8217303875171638
165 19238.5069824668316869 19387.6569824668331421 14528.6717303875175276 14677.8217303875171638
166 60698.8870956073005800 60848.0370956073020352 14528.6717303875175276 14677.8217303875171638
167 57005.8547166071148240 57155.0047166071162792 14528.6717303875175276 14677.8217303875171638
168 49181.1162740591753391 49330.2662740591767943 14528.6717303875175276 14677.8217303875171638
169 56651.0182957463694038 56800.1682957463708590 14528.6717303875175276 14677.8217303875171638
170 15101.7241212002554676 15250.8741212002551038 14528.6717303875175276 14677.8217303875171638
171 41432.4116787911334541 41581.5616787911349093 14528.6717303875175276 14677.8217303875171638
172 42953.9265589842689224 43103.0765589842703776 14528.6717303875175276 14677.8217303875171638
173 19985.9747392170247622 20135.1247392170262174 14528.6717303875175276 14677.8217303875171638
174 111590.7986583353631431 111739.9486583353573224 14528.6717303875175276 14677.8217303875171638
175 30917.8379948170077114 31066.9879948170091666 14528.6717303875175276 14677.8217303875171638
176 93262.6867042894591577 93411.8367042894533370 14528.6717303875175276 14677.8217303875171638
177 34384.0002493832216715 34533.1502493832231266 14528.6717303875175276 14677.8217303875171638
178 82407.0555331164650852 82556.2055331164592644 14528.6717303875175276 14677.8217303875171638
179 26067.2110420802346198 26216.3610420802360750 14528.6717303875175276 14677.8217303875171638
180 36039.2598217579288757 36188.4098217579303309 14528.6717303875175276 14677.8217303875171638
181 44176.4073861057695467 44325.5573861057710019 14528.6717303875175276 14677.8217303875171638
182 21764.8745987304137088 21914.0245987304151640 14528.6717303875175276 14677.8217303875171638
183 139458.4619643836049363 139607.6119643835991155 14528.6717303875175276 14677.8217303875171638
184 17618.9741953248303616 17768.1241953248318168 14528.6717303875175276 14677.8217303875171638
185 111815.1266388421936426 111964.2766388421878219 14528.6717303875175276 14677.8217303875171638
186 58534.2670717121291091 58683.4170717121305643 14528.6717303875175276 14677.8217303875171638
187 34433.3826046112444601 34582.5326046112459153 14528.6717303875175276 14677.8217303875171638
188 31576.1292944177112076 31725.2792944177126628 14528.6717303875175276 14677.8217303875171638
189 51518.3907259713960229 51667.5407259713974781 14528.6717303875175276 14677.8217303875171638
190 49047.9588119696127251 49197.1088119696141803 14528.6717303875175276 14677.8217303875171638
191 48581.0534048336703563 48730.2034048336718115 14528.6717303875175276 14677.8217303875171638
192 20873.1731403234662139 21022.3231403234676691 14528.6717303875175276 14677.8217303875171638
193 28370.2469958048313856 28519.3969958048328408 14528.6717303875175276 14677.8217303875171638
194 16031.8173660233806004 16180.9673660233802366 14528.6717303875175276 14677.8217303875171638
195 45725.5044249695783947 45874.6544249695798499 14528.6717303875175276 14677.8217303875171638
196 48011.1499669960394385 48160.2999669960408937 14528.6717303875175276 14677.8217303875171638
197 50865.7759985584780225 51014.9259985584794777 14528.6717303875175276 14677.8217303875171638
198 75428.9609426407259889 75578.1109426407201681 14528.6717303875175276 14677.8217303875171638
199 55268.6020450005817111 55417.7520450005831663 14528.6717303875175276 14677.8217303875171638
200 72914.0876379780529533 73063.2376379780471325 14528.6717303875175276 14677.8217303875171638
201 35889.8228752523718867 36038.9728752523733419 14528.6717303875175276 14677.8217303875171638
202 30593.6552113527213805 30742.8052113527228357 14528.6717303875175276 14677.8217303875171638
203 38433.1876561249591759 38582.3376561249606311 14528.6717303875175276 14677.8217303875171638
204 53654.7133685017324751 53803.8633685017339303 14528.6717303875175276 14677.8217303875171638
205 83402.4306379734625807 83551.5806379734567599 14528.6717303875175276 14677.8217303875171638
206 25037.4876812390393752 25186.6376812390408304 14528.6717303875175276 14677.8217303875171638
207 126406.5645513864001259 126555.7145513863943052 14528.6717303875175276 14677.8217303875171638
208 137610.4812252507545054 137759.6312252507486846 14528.6717303875175276 14677.8217303875171638
209 24107.6378668635006761 24256.7878668635021313 14528.6717303875175276 14677.8217303875171638
210 16610.1660612441482954 16759.3160612441497506 14528.6717303875175276 14677.8217303875171638
211 36078.9960789134711376 36228.1460789134725928 14528.6717303875175276 14677.8217303875171638
212 15658.0228310325255734 15807.1728310325252096 14528.6717303875175276 14677.8217303875171638
213 22972.1392796990367060 23121.2892796990381612 14528.6717303875175276 14677.8217303875171638
214 54862.6698429694952210 55011.8198429694966762 14528.6717303875175276 14677.8217303875171638
215 22757.7269034283635847 22906.8769034283650399 14528.6717303875175276 14677.8217303875171638
216 19363.8602709899605543 19513.0102709899620095 14528.6717303875175276 14677.8217303875171638
217 97826.3112932154908776 97975.4612932154850569 14528.6717303875175276 14677.8217303875171638
218 53681.3028666081881966 53830.4528666081896517 14528.6717303875175276 14677.8217303875171638
219 113015.9650094565731706 113165.1150094565673498 14528.6717303875175276 14677.8217303875171638
220 30065.0316011357754178 30214.1816011357768730 14528.6717303875175276 14677.8217303875171638
221 45102.7949873089964967 45251.9449873089979519 14528.6717303875175276 14677.8217303875171638
222 15555.4170855966640374 15704.5670855966636736 14528.6717303875175276 14677.8217303875171638
223 71161.0352099269657629 71310.1852099269599421 14528.6717303875175276 14677.8217303875171638
224 32017.7147676939966914 32166.8647676939981466 14528.6717303875175276 14677.8217303875171638
225 53350.4862679454745376 53499.6362679454759927 14528.6717303875175276 14677.8217303875171638
226 144366.3035063662391622 144515.4535063662333414 14528.6717303875175276 14677.8217303875171638
227 31631.7304823655540531 31780.8804823655555083 14528.6717303875175276 14677.8217303875171638
228 14275.2667607236071490 14424.4167607236067852 14275.2667607236071490 14424.4167607236067852
229 18849.8996582902218506 18999.0496582902233058 14275.2667607236071490 14424.4167607236067852
230 30390.6359113593607617 30539.7859113593622169 14275.2667607236071490 14424.4167607236067852
231 145533.1339552141143940 145682.2839552141085733 14275.2667607236071490 14424.4167607236067852
232 58934.4198626997676911 59083.5698626997691463 14275.2667607236071490 14424.4167607236067852
233 41257.3870713756041368 41406.5370713756055920 14275.2667607236071490 14424.4167607236067852
234 30084.4965629037942563 30233.6465629037957115 14275.2667607236071490 14424.4167607236067852
235 34782.7151435183986905 34931.8651435184001457 14275.2667607236071490 14424.4167607236067852
236 17599.5945157942551305 17748.7445157942565857 14275.2667607236071490 14424.4167607236067852
237 36428.7377432742578094 36577.8877432742592646 14275.2667607236071490 14424.4167607236067852
238 21425.8965568653220544 21575.0465568653235096 14275.2667607236071490 14424.4167607236067852
239 43232.3712199671717826 43381.5212199671732378 14275.2667607236071490 14424.4167607236067852
240 24056.0605292256441317 24205.2105292256455868 14275.2667607236071490 14424.4167607236067852
241 20825.9645057862580870 20975.1145057862595422 14275.2667607236071490 14424.4167607236067852
242 47845.4986739914093050 47994.6486739914107602 14275.2667607236071490 14424.4167607236067852
243 19418.6225635146365676 19567.7725635146380228 14275.2667607236071490 14424.4167607236067852
244 36242.6360023303786875 36391.7860023303801427 14275.2667607236071490 14424.4167607236067852
245 93981.2952190953074023 94130.4452190953015815 14275.2667607236071490 14424.4167607236067852
246 14807.1396126777381141 14956.2896126777377503 14275.2667607236071490 14424.4167607236067852
247 46368.9001528416993096 46518.0501528417007648 14275.2667607236071490 14424.4167607236067852
248 237893.1570264131587464 238042.3070264131529257 14275.2667607236071490 14424.4167607236067852
249 74882.6841401908022817 75031.8341401907964610 14275.2667607236071490 14424.4167607236067852
250 15653.9053235860883433 15803.0553235860879795 14275.2667607236071490 14424.4167607236067852
251 87472.1426633270602906 87621.2926633270544698 14275.2667607236071490 14424.4167607236067852
252 95797.8359922447561985 95946.9859922447503777 14275.2667607236071490 14424.4167607236067852
253 27207.0894692583860888 27356.2394692583875440 14275.2667607236071490 14424.4167607236067852
254 24634.0763730406652030 24783.2263730406666582 14275.2667607236071490 14424.4167607236067852
255 30969.2656856653266004 31118.4156856653280556 14275.2667607236071490 14424.4167607236067852
256 53489.0733891692725592 53638.2233891692740144 14275.2667607236071490 14424.4167607236067852
257 21466.1699440824158955 21615.3199440824173507 14275.2667607236071490 14424.4167607236067852
258 86019.7250234289822401 86168.8750234289764194 14275.2667607236071490 14424.4167607236067852
259 62669.3855415554135107 62818.5355415554149658 14275.2667607236071490 14424.4167607236067852
260 16752.1733872221520869 16901.3233872221535421 14275.2667607236071490 14424.4167607236067852
261 38194.3662152975593926 38343.5162152975608478 14275.2667607236071490 14424.4167607236067852
262 16877.7575688989309128 17026.9075688989323680 14275.2667607236071490 14424.4167607236067852
263 33600.5751814243558329 33749.7251814243572881 14275.2667607236071490 14424.4167607236067852
264 28773.1848245093678997 28922.3348245093693549 14275.2667607236071490 14424.4167607236067852
265 114780.1519428794708801 114929.3019428794650594 14275.2667607236071490 14424.4167607236067852
266 20153.1445907200104557 20302.2945907200119109 14275.2667607236071490 14424.4167607236067852
267 25491.7783672810728604 25640.9283672810743155 14275.2667607236071490 14424.4167607236067852
268 15201.2545532263775385 15350.4045532263771747 14275.2667607236071490 14424.4167607236067852
269 17325.7328022402725765 17474.8828022402740316 14275.2667607236071490 14424.4167607236067852
270 108507.1287302368145902 108656.2787302368087694 14275.2667607236071490 14424.4167607236067852
271 30747.6423353472855524 30896.7923353472870076 14275.2667607236071490 14424.4167607236067852
272 22998.1176957624957140 23147.2676957624971692 14275.2667607236071490 14424.4167607236067852
273 57292.0000252404279308 57441.1500252404293860 14275.2667607236071490 14424.4167607236067852
274 24889.8418070609259303 25038.9918070609273855 14275.2667607236071490 14424.4167607236067852
275 18549.4579402363779081 18698.6079402363793633 14275.2667607236071490 14424.4167607236067852
276 77101.8153007942164550 77250.9653007942106342 14275.2667607236071490 14424.4167607236067852
277 14275.0290957726356282 14424.1790957726352644 14275.0290957726356282 14424.1790957726352644
278 67150.1211222270212602 67299.2711222270154394 14275.0290957726356282 14424.1790957726352644
279 27253.5398797494999599 27402.6898797495014151 14275.0290957726356282 14424.1790957726352644
280 34373.4803053834984894 34522.6303053834999446 14275.0290957726356282 14424.1790957726352644
281 40098.8751032840809785 40248.0251032840824337 14275.0290957726356282 14424.1790957726352644
282 68484.9189000569604104 68634.0689000569545897 14275.0290957726356282 14424.1790957726352644
283 15124.6937102983720251 15273.8437102983716613 14275.0290957726356282 14424.1790957726352644
284 15444.6922224875343090 15593.8422224875339452 14275.0290957726356282 14424.1790957726352644
285 20222.6109252907990594 20371.7609252908005146 14275.0290957726356282 14424.1790957726352644
286 29179.8480609715079481 29328.9980609715094033 14275.0290957726356282 14424.1790957726352644
287 15925.0421682711403264 16074.1921682711399626 14275.0290957726356282 14424.1790957726352644
288 23349.8276164739581873 23498.9776164739596425 14275.0290957726356282 14424.1790957726352644
289 114286.5692447500332491 114435.7192447500274284 14275.0290957726356282 14424.1790957726352644
290 43826.2959805144782877 43975.4459805144797429 14275.0290957726356282 14424.1790957726352644
291 24536.1711370463090134 24685.3211370463104686 14275.0290957726356282 14424.1790957726352644
292 15133.3951567750882532 15282.5451567750878894 14275.0290957726356282 14424.1790957726352644
293 16132.1131531030096085 16281.2631531030092447 14275.0290957726356282 14424.1790957726352644
294 47891.5150600830238545 48040.6650600830253097 14275.0290957726356282 14424.1790957726352644
295 53411.6743571616461850 53560.8243571616476402 14275.0290957726356282 14424.1790957726352644
296 25123.2817987218513736 25272.4317987218528287 14275.0290957726356282 14424.1790957726352644
297 46640.0536827380710747 46789.2036827380725299 14275.0290957726356282 14424.1790957726352644
298 14084.5885019844736235 14233.7385019844732597 14084.5885019844736235 14233.7385019844732597
299 18867.3605187048524385 19016.5105187048538937 14084.5885019844736235 14233.7385019844732597
300 44405.5882362980701146 44554.7382362980715698 14084.5885019844736235 14233.7385019844732597
301 38870.4305517784960102 39019.5805517784974654 14084.5885019844736235 14233.7385019844732597
302 17953.7087785933472333 18102.8587785933486884 14084.5885019844736235 14233.7385019844732597
303 40111.8667243302552379 40261.0167243302566931 14084.5885019844736235 14233.7385019844732597
304 16059.2919178907523019 16208.4419178907519381 14084.5885019844736235 14233.7385019844732597
305 32187.9754018551066110 32337.1254018551080662 14084.5885019844736235 14233.7385019844732597
306 15453.4481768878467847 15602.5981768878464209 14084.5885019844736235 14233.7385019844732597
307 61351.4606019324855879 61500.6106019324870431 14084.5885019844736235 14233.7385019844732597
308 24562.0216095955584024 24711.1716095955598576 14084.5885019844736235 14233.7385019844732597
309 23423.9819894779939204 23573.1319894779953756 14084.5885019844736235 14233.7385019844732597
310 166670.7105239527008962 166819.8605239526950754 14084.5885019844736235 14233.7385019844732597
311 18749.6537221352118650 18898.8037221352133201 14084.5885019844736235 14233.7385019844732597
312 16034.9803941490899888 16184.1303941490896250 14084.5885019844736235 14233.7385019844732597
313 25922.4209017401590245 26071.5709017401604797 14084.5885019844736235 14233.7385019844732597
314 31693.9846568275934260 31843.1346568275948812 14084.5885019844736235 14233.7385019844732597
315 39043.4026276131771738 39192.5526276131786290 14084.5885019844736235 14233.7385019844732597
316 111624.7873705499223433 111773.9373705499165226 14084.5885019844736235 14233.7385019844732597
317 20165.9612209933220583 20315.1112209933235135 14084.5885019844736235 14233.7385019844732597
318 22551.9147317200258840 22701.0647317200273392 14084.5885019844736235 14233.7385019844732597
319 59885.8909635868185433 60035.0409635868199985 14084.5885019844736235 14233.7385019844732597
320 18802.3633570142810640 18951.5133570142825192 14084.5885019844736235 14233.7385019844732597
321 75425.4775485539867077 75574.6275485539808869 14084.5885019844736235 14233.7385019844732597
322 39647.1782768184930319 39796.3282768184944871 14084.5885019844736235 14233.7385019844732597
323 31537.1295090940257069 31686.2795090940271621 14084.5885019844736235 14233.7385019844732597
324 17460.1112472736022028 17609.2612472736036580 14084.5885019844736235 14233.7385019844732597
325 29101.6032809685857501 29250.7532809685872053 14084.5885019844736235 14233.7385019844732597
326 23810.7690692381438566 23959.9190692381453118 14084.5885019844736235 14233.7385019844732597
327 14200.9382435791230819 14350.0882435791227181 14084.5885019844736235 14233.7385019844732597
328 15078.4549257786766248 15227.6049257786762610 14084.5885019844736235 14233.7385019844732597
329 25108.1861201855717809 25257.3361201855732361 14084.5885019844736235 14233.7385019844732597
330 16091.2434548981727858 16240.3934548981724220 14084.5885019844736235 14233.7385019844732597
331 61479.4884151745936833 61628.6384151745951385 14084.5885019844736235 14233.7385019844732597
332 33582.4885962897606078 33731.6385962897620630 14084.5885019844736235 14233.7385019844732597
333 17636.2067083853216900 17785.3567083853231452 14084.5885019844736235 14233.7385019844732597
334 21431.7042863972237683 21580.8542863972252235 14084.5885019844736235 14233.7385019844732597
335 47467.1154910120603745 47616.2654910120618297 14084.5885019844736235 14233.7385019844732597
336 59426.6581304294741130 59575.8081304294755682 14084.5885019844736235 14233.7385019844732597
337 26102.3931499110367440 26251.5431499110381992 14084.5885019844736235 14233.7385019844732597
338 66822.7925465253647417 66971.9425465253589209 14084.5885019844736235 14233.7385019844732597
339 23672.2493742525293783 23821.3993742525308335 14084.5885019844736235 14233.7385019844732597
340 14556.2948461068754114 14705.4448461068750476 14084.5885019844736235 14233.7385019844732597
341 27417.6319385649148899 27566.7819385649163451 14084.5885019844736235 14233.7385019844732597
342 35173.8477967677390552 35322.9977967677405104 14084.5885019844736235 14233.7385019844732597
343 15487.8401702310602559 15636.9901702310598921 14084.5885019844736235 14233.7385019844732597
344 29377.1071523041755427 29526.2571523041769979 14084.5885019844736235 14233.7385019844732597
345 44341.3240301061377977 44490.4740301061392529 14084.5885019844736235 14233.7385019844732597
346 25826.4268681597532122 25975.5768681597546674 14084.5885019844736235 14233.7385019844732597
347 23974.8731214474501030 24124.0231214474515582 14084.5885019844736235 14233.7385019844732597
348 20577.4994965813712042 20726.6494965813726594 14084.5885019844736235 14233.7385019844732597
349 16184.2153814151424740 16333.3653814151421102 14084.5885019844736235 14233.7385019844732597
350 28436.2273000009699899 28585.3773000009714451 14084.5885019844736235 14233.7385019844732597
351 36439.4771917909674812 36588.6271917909689364 14084.5885019844736235 14233.7385019844732597
352 23497.0637275668195798 23646.2137275668210350 14084.5885019844736235 14233.7385019844732597
353 19768.2674145132768899 19917.4174145132783451 14084.5885019844736235 14233.7385019844732597
354 76418.7160735998477321 76567.8660735998419113 14084.5885019844736235 14233.7385019844732597
355 17157.1342017242677684 17306.2842017242692236 14084.5885019844736235 14233.7385019844732597
356 14140.2050085147075151 14289.3550085147071513 14084.5885019844736235 14233.7385019844732597
357 14233.1132946500092658 14382.2632946500089020 14084.5885019844736235 14233.7385019844732597
358 22873.9441112908752984 23023.0941112908767536 14084.5885019844736235 14233.7385019844732597
359 14591.7865815368677431 14740.9365815368673793 14084.5885019844736235 14233.7385019844732597
360 21358.4121066893931129 21507.5621066893945681 14084.5885019844736235 14233.7385019844732597
361 85016.0425385697453748 85165.1925385697395541 14084.5885019844736235 14233.7385019844732597
362 17220.9454137799912132 17370.0954137799926684 14084.5885019844736235 14233.7385019844732597
363 20281.5957589206409466 20430.7457589206424018 14084.5885019844736235 14233.7385019844732597
364 39791.3937382236399571 39940.5437382236414123 14084.5885019844736235 14233.7385019844732597
365 47643.5243630367185688 47792.6743630367200240 14084.5885019844736235 14233.7385019844732597
366 62823.9908700130981742 62973.1408700130996294 14084.5885019844736235 14233.7385019844732597
367 51722.9778830037394073 51872.1278830037408625 14084.5885019844736235 14233.7385019844732597
368 25413.5684286273790349 25562.7184286273804901 14084.5885019844736235 14233.7385019844732597
369 128606.6188686350360513 128755.7688686350302305 14084.5885019844736235 14233.7385019844732597
370 27843.5376048916732543 27992.6876048916747095 14084.5885019844736235 14233.7385019844732597
371 14603.3403963747005037 14752.4903963747001399 14084.5885019844736235 14233.7385019844732597
372 16669.6864599634791375 16818.8364599634805927 14084.5885019844736235 14233.7385019844732597
373 15007.8816286112960370 15157.0316286112956732 14084.5885019844736235 14233.7385019844732597
374 19719.5301568428694736 19868.6801568428709288 14084.5885019844736235 14233.7385019844732597
375 45631.3347228059719782 45780.4847228059734334 14084.5885019844736235 14233.7385019844732597
376 50721.0792105315340450 50870.2292105315355002 14084.5885019844736235 14233.7385019844732597
377 65051.3399989973113406 65200.4899989973127958 14084.5885019844736235 14233.7385019844732597
378 14491.5605774219384330 14640.7105774219380692 14084.5885019844736235 14233.7385019844732597
379 32782.6998790388897760 32931.8498790388912312 14084.5885019844736235 14233.7385019844732597
380 19967.5310177672363352 20116.6810177672377904 14084.5885019844736235 14233.7385019844732597
381 19464.7193760370500968 19613.8693760370515520 14084.5885019844736235 14233.7385019844732597
382 24128.7527624680114968 24277.9027624680129520 14084.5885019844736235 14233.7385019844732597
383 29192.4739699132042006 29341.6239699132056558 14084.5885019844736235 14233.7385019844732597
384 25481.9099935086051119 25631.0599935086065670 14084.5885019844736235 14233.7385019844732597
385 20445.4646158607029065 20594.6146158607043617 14084.5885019844736235 14233.7385019844732597
386 21055.7757772850054607 21204.9257772850069159 14084.5885019844736235 14233.7385019844732597
387 14369.4742877857988788 14518.6242877857985150 14084.5885019844736235 14233.7385019844732597
388 18360.2563195065013133 18509.4063195065027685 14084.5885019844736235 14233.7385019844732597
389 32494.2950394859981316 32643.4450394859995868 14084.5885019844736235 14233.7385019844732597
390 14378.8619186338601139 14528.0119186338597501 14084.5885019844736235 14233.7385019844732597
391 18010.8058371412989800 18159.9558371413004352 14084.5885019844736235 14233.7385019844732597
392 19684.3803502648370340 19833.5303502648384892 14084.5885019844736235 14233.7385019844732597
393 51735.7878987933072494 51884.9378987933087046 14084.5885019844736235 14233.7385019844732597
394 28206.1625742240212276 28355.3125742240226828 14084.5885019844736235 14233.7385019844732597
395 33461.8681991707780981 33611.0181991707795532 14084.5885019844736235 14233.7385019844732597
396 68898.2971984832984162 69047.4471984832925955 14084.5885019844736235 14233.7385019844732597
397 18269.6537637638066371 18418.8037637638080923 14084.5885019844736235 14233.7385019844732597
398 20007.2238920001473161 20156.3738920001487713 14084.5885019844736235 14233.7385019844732597
399 45293.9982397058774950 45443.1482397058789502 14084.5885019844736235 14233.7385019844732597
400 14997.3065882988885278 15146.4565882988881640 14084.5885019844736235 14233.7385019844732597
401 13962.1620476992939075 14111.3120476992935437 13962.1620476992939075 14111.3120476992935437
402 117654.4832070142729208 117803.6332070142671000 13962.1620476992939075 14111.3120476992935437
403 21353.3983154695706617 21502.5483154695721169 13962.1620476992939075 14111.3120476992935437
404 62661.7190357802101062 62810.8690357802115614 13962.1620476992939075 14111.3120476992935437
405 105922.7429862076241989 106071.8929862076183781 13962.1620476992939075 14111.3120476992935437
406 14924.2424729458434740 15073.3924729458431102 13962.1620476992939075 14111.3120476992935437
407 14822.2307209375230741 14971.3807209375227103 13962.1620476992939075 14111.3120476992935437
408 85677.0500200245587621 85826.2000200245529413 13962.1620476992939075 14111.3120476992935437
409 22878.2828655515804712 23027.4328655515819264 13962.1620476992939075 14111.3120476992935437
410 14334.7448436555405351 14483.8948436555401713 13962.1620476992939075 14111.3120476992935437
411 18731.5979202333437570 18880.7479202333452122 13962.1620476992939075 14111.3120476992935437
412 47653.2498210360499797 47802.3998210360514349 13962.1620476992939075 14111.3120476992935437
413 14285.8411987513263739 14434.9911987513260101 13962.1620476992939075 14111.3120476992935437
414 14120.5759143028881226 14269.7259143028877588 13962.1620476992939075 14111.3120476992935437
415 15390.3116301585941983 15539.4616301585938345 13962.1620476992939075 14111.3120476992935437
416 51603.9566716765839374 51753.1066716765853926 13962.1620476992939075 14111.3120476992935437
417 44510.9571804714214522 44660.1071804714229074 13962.1620476992939075 14111.3120476992935437
418 94335.8802699963416671 94485.0302699963358464 13962.1620476992939075 14111.3120476992935437
419 13878.7203846949723811 14027.8703846949720173 13878.7203846949723811 14027.8703846949720173
420 68036.3715288480307208 68185.5215288480249001 13878.7203846949723811 14027.8703846949720173
421 32745.4713800179124519 32894.6213800179102691 13878.7203846949723811 14027.8703846949720173
422 17947.9219167483024648 18097.0719167483039200 13878.7203846949723811 14027.8703846949720173
423 42310.7189449240540853 42459.8689449240555405 13878.7203846949723811 14027.8703846949720173
424 16554.3124463443273271 16703.4624463443287823 13878.7203846949723811 14027.8703846949720173
425 15327.4990383325948642 15476.6490383325945004 13878.7203846949723811 14027.8703846949720173
426 19908.9691316399548668 20058.1191316399563220 13878.7203846949723811 14027.8703846949720173
427 66934.7711813988134963 67083.9211813988076756 13878.7203846949723811 14027.8703846949720173
428 15091.8989850364323502 15241.0489850364319864 13878.7203846949723811 14027.8703846949720173
429 14816.2841243400725944 14965.4341243400722306 13878.7203846949723811 14027.8703846949720173
430 50496.3947285332033061 50645.5447285332047613 13878.7203846949723811 14027.8703846949720173
431 20861.7635809428684297 21010.9135809428698849 13878.7203846949723811 14027.8703846949720173
432 17675.1151079210030730 17824.2651079210045282 13878.7203846949723811 14027.8703846949720173
433 41558.9284610914692166 41708.0784610914706718 13878.7203846949723811 14027.8703846949720173
434 38441.1702235418342752 38590.3202235418357304 13878.7203846949723811 14027.8703846949720173
435 25875.9658200477679202 26025.1158200477693754 13878.7203846949723811 14027.8703846949720173
436 108846.6640631367190508 108995.8140631367132301 13878.7203846949723811 14027.8703846949720173
437 13657.8234434108198911 13806.9734434108195273 13657.8234434108198911 13806.9734434108195273
438 18700.3097008050863224 18849.4597008050877776 13657.8234434108198911 13806.9734434108195273
439 39543.0547500739048701 39692.2047500739063253 13657.8234434108198911 13806.9734434108195273
440 15179.5201856840412802 15328.6701856840409164 13657.8234434108198911 13806.9734434108195273
441 13665.5444720827381389 13814.6944720827377751 13657.8234434108198911 13806.9734434108195273
442 13680.6433455292299186 13829.7933455292295548 13657.8234434108198911 13806.9734434108195273
443 13594.0678205219683150 13743.2178205219679512 13594.0678205219683150 13743.2178205219679512
444 19645.1728039829577028 19794.3228039829591580 13594.0678205219683150 13743.2178205219679512
445 35731.8282520503271371 35880.9782520503285923 13594.0678205219683150 13743.2178205219679512
446 13538.3590023506185389 13687.5090023506181751 13538.3590023506185389 13687.5090023506181751
447 20007.9472609925105644 20157.0972609925120196 13538.3590023506185389 13687.5090023506181751
448 35668.8069894058571663 35817.9569894058586215 13538.3590023506185389 13687.5090023506181751
449 14039.6221787932445295 14188.7721787932441657 13538.3590023506185389 13687.5090023506181751
450 72031.7463445850298740 72180.8963445850240532 13538.3590023506185389 13687.5090023506181751
451 43734.1489521079129190 43883.2989521079143742 13538.3590023506185389 13687.5090023506181751
452 13587.8762417235611792 13737.0262417235608154 13538.3590023506185389 13687.5090023506181751
453 37247.4992381309348275 37396.6492381309362827 13538.3590023506185389 13687.5090023506181751
454 13850.9104550288921018 14000.0604550288917380 13538.3590023506185389 13687.5090023506181751
455 13503.3292940455066855 13652.4792940455063217 13503.3292940455066855 13652.4792940455063217
456 23522.3096398555717315 23671.4596398555731867 13503.3292940455066855 13652.4792940455063217
457 19557.9708180582420027 19707.1208180582434579 13503.3292940455066855 13652.4792940455063217
458 13506.6821898013040482 13655.8321898013036844 13503.3292940455066855 13652.4792940455063217
459 20665.3618484516446188 20814.5118484516460740 13503.3292940455066855 13652.4792940455063217
460 45687.3378779879858484 45836.4878779879873036 13503.3292940455066855 13652.4792940455063217
461 20127.9155004863387148 20277.0655004863401700 13503.3292940455066855 13652.4792940455063217
462 29201.0607907324192638 29350.2107907324207190 13503.3292940455066855 13652.4792940455063217
463 78578.1755473207595060 78727.3255473207536852 13503.3292940455066855 13652.4792940455063217
464 13708.3139611722999689 13857.4639611722996051 13503.3292940455066855 13652.4792940455063217
465 14410.9038596511618380 14560.0538596511614742 13503.3292940455066855 13652.4792940455063217
466 35637.5345032486584387 35786.6845032486598939 13503.3292940455066855 13652.4792940455063217
467 13813.1095495172867231 13962.2595495172863593 13503.3292940455066855 13652.4792940455063217
468 24690.9471455079437874 24840.0971455079452426 13503.3292940455066855 13652.4792940455063217
469 40741.8872690276257345 40891.0372690276271896 13503.3292940455066855 13652.4792940455063217
470 30521.4917068457689311 30670.6417068457703863 13503.3292940455066855 13652.4792940455063217
471 83915.4401312225527363 84064.5901312225469155 13503.3292940455066855 13652.4792940455063217
472 60511.2081600275851088 60660.3581600275865640 13503.3292940455066855 13652.4792940455063217
473 13462.1475291847200424 13611.2975291847196786 13462.1475291847200424 13611.2975291847196786
474 13572.4171887133343262 13721.5671887133339624 13462.1475291847200424 13611.2975291847196786
475 26007.4018417115039483 26156.5518417115054035 13462.1475291847200424 13611.2975291847196786
476 22182.6734808249566413 22331.8234808249580965 13462.1475291847200424 13611.2975291847196786
477 15155.9344141116853280 15305.0844141116849642 13462.1475291847200424 13611.2975291847196786
478 14700.6397174674693815 14849.7897174674690177 13462.1475291847200424 13611.2975291847196786
479 22671.4967322565316863 22820.6467322565331415 13462.1475291847200424 13611.2975291847196786
480 27867.5098390423372621 28016.6598390423387173 13462.1475291847200424 13611.2975291847196786
481 15302.9207216789745871 15452.0707216789742233 13462.1475291847200424 13611.2975291847196786
482 38651.3268597653222969 38800.4768597653237521 13462.1475291847200424 13611.2975291847196786
483 115319.9290569585573394 115469.0790569585515186 13462.1475291847200424 13611.2975291847196786
484 19707.5151334420006606 19856.6651334420021158 13462.1475291847200424 13611.2975291847196786
485 149522.1613271616515703 149671.3113271616457496 13462.1475291847200424 13611.2975291847196786
486 13451.9635736776090198 13601.1135736776086560 13451.9635736776090198 13601.1135736776086560
487 13517.6656622998380044 13666.8156622998376406 13451.9635736776090198 13601.1135736776086560
488 13753.7671034472441534 13902.9171034472437896 13451.9635736776090198 13601.1135736776086560
489 13817.8658379164335201 13967.0158379164331564 13451.9635736776090198 13601.1135736776086560
490 16272.7444244585312845 16421.8944244585327397 13451.9635736776090198 13601.1135736776086560
491 13428.9505113388040627 13578.1005113388036989 13428.9505113388040627 13578.1005113388036989
492 16233.3789819018020353 16382.5289819018016715 13428.9505113388040627 13578.1005113388036989
493 15690.7251474728891480 15839.8751474728887843 13428.9505113388040627 13578.1005113388036989
494 16028.6506140870606032 16177.8006140870602394 13428.9505113388040627 13578.1005113388036989
495 15806.6029866272965592 15955.7529866272961954 13428.9505113388040627 13578.1005113388036989
496 27511.8647575554714422 27661.0147575554728974 13428.9505113388040627 13578.1005113388036989
497 18925.2491713079252804 19074.3991713079267356 13428.9505113388040627 13578.1005113388036989
498 13390.9862889993855788 13540.1362889993852150 13390.9862889993855788 13540.1362889993852150
499 18716.3385593117091048 18865.4885593117105600 13390.9862889993855788 13540.1362889993852150
500 13655.8024494819292158 13804.9524494819288520 13390.9862889993855788 13540.1362889993852150
