evaluations raw_y current_y raw_y_best current_y_best
1 19785791.2419480085372925 19785581.3619480095803738 19785791.2419480085372925 19785581.3619480095803738
2 50529534.8819931894540787 50529325.0019931867718697 19785791.2419480085372925 19785581.3619480095803738
3 10166399.9793343432247639 10166190.0993343424052000 10166399.9793343432247639 10166190.0993343424052000
4 13270422.5656399633735418 13270212.6856399625539780 10166399.9793343432247639 10166190.0993343424052000
5 16355096.1143205575644970 16354886.2343205567449331 10166399.9793343432247639 10166190.0993343424052000
6 44975501.5276543200016022 44975291.6476543173193932 10166399.9793343432247639 10166190.0993343424052000
7 41680208.9971732422709465 41679999.1171732395887375 10166399.9793343432247639 10166190.0993343424052000
8 18858403.2394569590687752 18858193.3594569601118565 10166399.9793343432247639 10166190.0993343424052000
9 12195585.2998838275671005 12195375.4198838267475367 10166399.9793343432247639 10166190.0993343424052000
10 17305101.7925581559538841 17304891.9125581569969654 10166399.9793343432247639 10166190.0993343424052000
11 10373500.9366332925856113 10373291.0566332917660475 10166399.9793343432247639 10166190.0993343424052000
12 10928520.6691426690667868 10928310.7891426682472229 10166399.9793343432247639 10166190.0993343424052000
13 8354869.2394659854471684 8354659.3594659855589271 8354869.2394659854471684 8354659.3594659855589271
14 8120964.6876214062795043 8120754.8076214063912630 8120964.6876214062795043 8120754.8076214063912630
15 9648834.8437479734420776 9648624.9637479726225138 8120964.6876214062795043 8120754.8076214063912630
16 12693442.6729402989149094 12693232.7929402980953455 8120964.6876214062795043 8120754.8076214063912630
17 10667569.0616127140820026 10667359.1816127132624388 8120964.6876214062795043 8120754.8076214063912630
18 6366215.0384154478088021 6366005.1584154479205608 6366215.0384154478088021 6366005.1584154479205608
19 6362911.5083352327346802 6362701.6283352328464389 6362911.5083352327346802 6362701.6283352328464389
20 5926290.2901295851916075 5926080.4101295853033662 5926290.2901295851916075 5926080.4101295853033662
21 5333443.4618801027536392 5333233.5818801028653979 5333443.4618801027536392 5333233.5818801028653979
22 6704784.0725035667419434 6704574.1925035668537021 5333443.4618801027536392 5333233.5818801028653979
23 5761482.4953425107523799 5761272.6153425108641386 5333443.4618801027536392 5333233.5818801028653979
24 8224020.3038440346717834 8223810.4238440347835422 5333443.4618801027536392 5333233.5818801028653979
25 5722623.1070868130773306 5722413.2270868131890893 5333443.4618801027536392 5333233.5818801028653979
26 6272231.0824468443170190 6272021.2024468444287777 5333443.4618801027536392 5333233.5818801028653979
27 7357488.4270000392571092 7357278.5470000393688679 5333443.4618801027536392 5333233.5818801028653979
28 8556445.0153578389436007 8556235.1353578381240368 5333443.4618801027536392 5333233.5818801028653979
29 6461685.9698177622631192 6461476.0898177623748779 5333443.4618801027536392 5333233.5818801028653979
30 7652029.9312267601490021 7651820.0512267602607608 5333443.4618801027536392 5333233.5818801028653979
31 7639544.5453721564263105 7639334.6653721565380692 5333443.4618801027536392 5333233.5818801028653979
32 7230701.9299290487542748 7230492.0499290488660336 5333443.4618801027536392 5333233.5818801028653979
33 8351389.3306267494335771 8351179.4506267495453358 5333443.4618801027536392 5333233.5818801028653979
34 7180710.6479091672226787 7180500.7679091673344374 5333443.4618801027536392 5333233.5818801028653979
35 5604547.1704598804935813 5604337.2904598806053400 5333443.4618801027536392 5333233.5818801028653979
36 5416024.4342727046459913 5415814.5542727047577500 5333443.4618801027536392 5333233.5818801028653979
37 5436236.7539386153221130 5436026.8739386154338717 5333443.4618801027536392 5333233.5818801028653979
38 5839748.1497110603377223 5839538.2697110604494810 5333443.4618801027536392 5333233.5818801028653979
39 9045431.5684682484716177 9045221.6884682476520538 5333443.4618801027536392 5333233.5818801028653979
40 5439141.7557492023333907 5438931.8757492024451494 5333443.4618801027536392 5333233.5818801028653979
41 5721625.7777650989592075 5721415.8977650990709662 5333443.4618801027536392 5333233.5818801028653979
42 21488606.8068565726280212 21488396.9268565736711025 5333443.4618801027536392 5333233.5818801028653979
43 6739518.1197681892663240 6739308.2397681893780828 5333443.4618801027536392 5333233.5818801028653979
44 5936723.9090502513572574 5936514.0290502514690161 5333443.4618801027536392 5333233.5818801028653979
45 7479730.8182246293872595 7479520.9382246294990182 5333443.4618801027536392 5333233.5818801028653979
46 7161808.5462836707010865 7161598.6662836708128452 5333443.4618801027536392 5333233.5818801028653979
47 7235927.6229191413149238 7235717.7429191414266825 5333443.4618801027536392 5333233.5818801028653979
48 20518884.3591906428337097 20518674.4791906438767910 5333443.4618801027536392 5333233.5818801028653979
49 5490038.5062784673646092 5489828.6262784674763680 5333443.4618801027536392 5333233.5818801028653979
50 6008221.9815502390265465 6008012.1015502391383052 5333443.4618801027536392 5333233.5818801028653979
51 6006140.6366897383704782 6005930.7566897384822369 5333443.4618801027536392 5333233.5818801028653979
52 7055620.8517670826986432 7055410.9717670828104019 5333443.4618801027536392 5333233.5818801028653979
53 7003872.9627223713323474 7003663.0827223714441061 5333443.4618801027536392 5333233.5818801028653979
54 5671940.7522261263802648 5671730.8722261264920235 5333443.4618801027536392 5333233.5818801028653979
55 4876191.0102163124829531 4875981.1302163125947118 4876191.0102163124829531 4875981.1302163125947118
56 5151307.6406912887468934 5151097.7606912888586521 4876191.0102163124829531 4875981.1302163125947118
57 4920904.6574578834697604 4920694.7774578835815191 4876191.0102163124829531 4875981.1302163125947118
58 8929400.2443400174379349 8929190.3643400166183710 4876191.0102163124829531 4875981.1302163125947118
59 13860923.8489261809736490 13860713.9689261801540852 4876191.0102163124829531 4875981.1302163125947118
60 5121123.9622931247577071 5120914.0822931248694658 4876191.0102163124829531 4875981.1302163125947118
61 5067165.8105897456407547 5066955.9305897457525134 4876191.0102163124829531 4875981.1302163125947118
62 6674819.6118869641795754 6674609.7318869642913342 4876191.0102163124829531 4875981.1302163125947118
63 12162438.9276437349617481 12162229.0476437341421843 4876191.0102163124829531 4875981.1302163125947118
64 7337818.9883829336613417 7337609.1083829337731004 4876191.0102163124829531 4875981.1302163125947118
65 5644766.1606087349355221 5644556.2806087350472808 4876191.0102163124829531 4875981.1302163125947118
66 5993629.9023759644478559 5993420.0223759645596147 4876191.0102163124829531 4875981.1302163125947118
67 6659237.3662407994270325 6659027.4862407995387912 4876191.0102163124829531 4875981.1302163125947118
68 4604431.2795128142461181 4604221.3995128143578768 4604431.2795128142461181 4604221.3995128143578768
69 4721060.9692085832357407 4720851.0892085833474994 4604431.2795128142461181 4604221.3995128143578768
70 4434196.4601659104228020 4433986.5801659105345607 4434196.4601659104228020 4433986.5801659105345607
71 8001545.7090840544551611 8001335.8290840545669198 4434196.4601659104228020 4433986.5801659105345607
72 4392744.5516818473115563 4392534.6716818474233150 4392744.5516818473115563 4392534.6716818474233150
73 10628222.0323389079421759 10628012.1523389071226120 4392744.5516818473115563 4392534.6716818474233150
74 4607639.9686818504706025 4607430.0886818505823612 4392744.5516818473115563 4392534.6716818474233150
75 20297360.4281533882021904 20297150.5481533892452717 4392744.5516818473115563 4392534.6716818474233150
76 4956082.2073425706475973 4955872.3273425707593560 4392744.5516818473115563 4392534.6716818474233150
77 15593595.8768583461642265 15593385.9968583453446627 4392744.5516818473115563 4392534.6716818474233150
78 4400448.4378259982913733 4400238.5578259984031320 4392744.5516818473115563 4392534.6716818474233150
79 5823560.2085693189874291 5823350.3285693190991879 4392744.5516818473115563 4392534.6716818474233150
80 4339771.0254779364913702 4339561.1454779366031289 4339771.0254779364913702 4339561.1454779366031289
81 5257743.6761333653703332 5257533.7961333654820919 4339771.0254779364913702 4339561.1454779366031289
82 4529267.5349612366408110 4529057.6549612367525697 4339771.0254779364913702 4339561.1454779366031289
83 6040691.9675950268283486 6040482.0875950269401073 4339771.0254779364913702 4339561.1454779366031289
84 4475262.6096228454262018 4475052.7296228455379605 4339771.0254779364913702 4339561.1454779366031289
85 4687574.5139634832739830 4687364.6339634833857417 4339771.0254779364913702 4339561.1454779366031289
86 4575039.5532734673470259 4574829.6732734674587846 4339771.0254779364913702 4339561.1454779366031289
87 4461320.1140011455863714 4461110.2340011456981301 4339771.0254779364913702 4339561.1454779366031289
88 4413158.0054481197148561 4412948.1254481198266149 4339771.0254779364913702 4339561.1454779366031289
89 4493084.9523461991921067 4492875.0723461993038654 4339771.0254779364913702 4339561.1454779366031289
90 4221052.4040552210062742 4220842.5240552211180329 4221052.4040552210062742 4220842.5240552211180329
91 4614406.5963151659816504 4614196.7163151660934091 4221052.4040552210062742 4220842.5240552211180329
92 4601309.5596185009926558 4601099.6796185011044145 4221052.4040552210062742 4220842.5240552211180329
93 4490718.9650005009025335 4490509.0850005010142922 4221052.4040552210062742 4220842.5240552211180329
94 4415940.7515390217304230 4415730.8715390218421817 4221052.4040552210062742 4220842.5240552211180329
95 4577321.1695752469822764 4577111.2895752470940351 4221052.4040552210062742 4220842.5240552211180329
96 4767793.3101551132276654 4767583.4301551133394241 4221052.4040552210062742 4220842.5240552211180329
97 4641830.1636537211015821 4641620.2836537212133408 4221052.4040552210062742 4220842.5240552211180329
98 8027797.7571004750207067 8027587.8771004751324654 4221052.4040552210062742 4220842.5240552211180329
99 4507380.5445437692105770 4507170.6645437693223357 4221052.4040552210062742 4220842.5240552211180329
100 4324307.0658105090260506 4324097.1858105091378093 4221052.4040552210062742 4220842.5240552211180329
101 5360665.6113577932119370 5360455.7313577933236957 4221052.4040552210062742 4220842.5240552211180329
102 4525137.0192626612260938 4524927.1392626613378525 4221052.4040552210062742 4220842.5240552211180329
103 11327747.8425812833011150 11327537.9625812824815512 4221052.4040552210062742 4220842.5240552211180329
104 4411960.2967525767162442 4411750.4167525768280029 4221052.4040552210062742 4220842.5240552211180329
105 4373664.7361015165224671 4373454.8561015166342258 4221052.4040552210062742 4220842.5240552211180329
106 4817051.8353543542325497 4816841.9553543543443084 4221052.4040552210062742 4220842.5240552211180329
107 4951987.1947439797222614 4951777.3147439798340201 4221052.4040552210062742 4220842.5240552211180329
108 4681215.7908312585204840 4681005.9108312586322427 4221052.4040552210062742 4220842.5240552211180329
109 4549097.0575330704450607 4548887.1775330705568194 4221052.4040552210062742 4220842.5240552211180329
110 4560938.1798192765563726 4560728.2998192766681314 4221052.4040552210062742 4220842.5240552211180329
111 4567234.2052401173859835 4567024.3252401174977422 4221052.4040552210062742 4220842.5240552211180329
112 4500017.2311388263478875 4499807.3511388264596462 4221052.4040552210062742 4220842.5240552211180329
113 4640553.6368461977690458 4640343.7568461978808045 4221052.4040552210062742 4220842.5240552211180329
114 4541166.2140438547357917 4540956.3340438548475504 4221052.4040552210062742 4220842.5240552211180329
115 4783529.3668106961995363 4783319.4868106963112950 4221052.4040552210062742 4220842.5240552211180329
116 4448934.6154771838337183 4448724.7354771839454770 4221052.4040552210062742 4220842.5240552211180329
117 4421117.0158108295872808 4420907.1358108296990395 4221052.4040552210062742 4220842.5240552211180329
118 4650362.8491782573983073 4650152.9691782575100660 4221052.4040552210062742 4220842.5240552211180329
119 7247837.0595738152042031 7247627.1795738153159618 4221052.4040552210062742 4220842.5240552211180329
120 5119575.4410525448620319 5119365.5610525449737906 4221052.4040552210062742 4220842.5240552211180329
121 14057570.5861067268997431 14057360.7061067260801792 4221052.4040552210062742 4220842.5240552211180329
122 9360623.0998833086341619 9360413.2198833078145981 4221052.4040552210062742 4220842.5240552211180329
123 8643925.5454730950295925 8643715.6654730942100286 4221052.4040552210062742 4220842.5240552211180329
124 4753019.3787724478170276 4752809.4987724479287863 4221052.4040552210062742 4220842.5240552211180329
125 5237180.7645028121769428 5236970.8845028122887015 4221052.4040552210062742 4220842.5240552211180329
126 18829402.3099350929260254 18829192.4299350939691067 4221052.4040552210062742 4220842.5240552211180329
127 4471749.7308918274939060 4471539.8508918276056647 4221052.4040552210062742 4220842.5240552211180329
128 7431516.3821303425356746 7431306.5021303426474333 4221052.4040552210062742 4220842.5240552211180329
129 4532701.7967584328725934 4532491.9167584329843521 4221052.4040552210062742 4220842.5240552211180329
130 4804331.2080432688817382 4804121.3280432689934969 4221052.4040552210062742 4220842.5240552211180329
131 23691200.3698268048465252 23690990.4898268058896065 4221052.4040552210062742 4220842.5240552211180329
132 4776336.8663807120174170 4776126.9863807121291757 4221052.4040552210062742 4220842.5240552211180329
133 4652164.6930937431752682 4651954.8130937432870269 4221052.4040552210062742 4220842.5240552211180329
134 4596818.4660373963415623 4596608.5860373964533210 4221052.4040552210062742 4220842.5240552211180329
135 4606725.0508983889594674 4606515.1708983890712261 4221052.4040552210062742 4220842.5240552211180329
136 5003679.8495908165350556 5003469.9695908166468143 4221052.4040552210062742 4220842.5240552211180329
137 4524912.0385776069015265 4524702.1585776070132852 4221052.4040552210062742 4220842.5240552211180329
138 4881456.0387734966352582 4881246.1587734967470169 4221052.4040552210062742 4220842.5240552211180329
139 4607713.2034446997568011 4607503.3234446998685598 4221052.4040552210062742 4220842.5240552211180329
140 10091200.4417142197489738 10090990.5617142189294100 4221052.4040552210062742 4220842.5240552211180329
141 6372700.5885564135387540 6372490.7085564136505127 4221052.4040552210062742 4220842.5240552211180329
142 4994054.7787763439118862 4993844.8987763440236449 4221052.4040552210062742 4220842.5240552211180329
143 5032139.5159865152090788 5031929.6359865153208375 4221052.4040552210062742 4220842.5240552211180329
144 6218087.0459322724491358 6217877.1659322725608945 4221052.4040552210062742 4220842.5240552211180329
145 6086722.0620166482403874 6086512.1820166483521461 4221052.4040552210062742 4220842.5240552211180329
146 8278903.7031343244016171 8278693.8231343245133758 4221052.4040552210062742 4220842.5240552211180329
147 5323216.0075190225616097 5323006.1275190226733685 4221052.4040552210062742 4220842.5240552211180329
148 7475024.6786734499037266 7474814.7986734500154853 4221052.4040552210062742 4220842.5240552211180329
149 4765833.3636969700455666 4765623.4836969701573253 4221052.4040552210062742 4220842.5240552211180329
150 4569106.0734044397249818 4568896.1934044398367405 4221052.4040552210062742 4220842.5240552211180329
151 4542170.1321973539888859 4541960.2521973541006446 4221052.4040552210062742 4220842.5240552211180329
152 4737584.6061535775661469 4737374.7261535776779056 4221052.4040552210062742 4220842.5240552211180329
153 4668849.1982659418135881 4668639.3182659419253469 4221052.4040552210062742 4220842.5240552211180329
154 5287261.3862821385264397 5287051.5062821386381984 4221052.4040552210062742 4220842.5240552211180329
155 4876238.6956583140417933 4876028.8156583141535521 4221052.4040552210062742 4220842.5240552211180329
156 5334556.0721903843805194 5334346.1921903844922781 4221052.4040552210062742 4220842.5240552211180329
157 4632219.2862270111218095 4632009.4062270112335682 4221052.4040552210062742 4220842.5240552211180329
158 5104567.0537410322576761 5104357.1737410323694348 4221052.4040552210062742 4220842.5240552211180329
159 7449727.1473617581650615 7449517.2673617582768202 4221052.4040552210062742 4220842.5240552211180329
160 6274289.1550779156386852 6274079.2750779157504439 4221052.4040552210062742 4220842.5240552211180329
161 4523659.5919216601178050 4523449.7119216602295637 4221052.4040552210062742 4220842.5240552211180329
162 4866920.6311921076849103 4866710.7511921077966690 4221052.4040552210062742 4220842.5240552211180329
163 4767863.8556432044133544 4767653.9756432045251131 4221052.4040552210062742 4220842.5240552211180329
164 4705554.2287280755117536 4705344.3487280756235123 4221052.4040552210062742 4220842.5240552211180329
165 4720508.9634350752457976 4720299.0834350753575563 4221052.4040552210062742 4220842.5240552211180329
166 9152165.2503153253346682 9151955.3703153245151043 4221052.4040552210062742 4220842.5240552211180329
167 9591117.4350104853510857 9590907.5550104845315218 4221052.4040552210062742 4220842.5240552211180329
168 8834390.2898196857422590 8834180.4098196849226952 4221052.4040552210062742 4220842.5240552211180329
169 10559976.5844183675944805 10559766.7044183667749166 4221052.4040552210062742 4220842.5240552211180329
170 4936056.2717547342181206 4935846.3917547343298793 4221052.4040552210062742 4220842.5240552211180329
171 6395214.3201316846534610 6395004.4401316847652197 4221052.4040552210062742 4220842.5240552211180329
172 4930335.9213065998628736 4930126.0413065999746323 4221052.4040552210062742 4220842.5240552211180329
173 4643637.5845197672024369 4643427.7045197673141956 4221052.4040552210062742 4220842.5240552211180329
174 4705887.9682381041347980 4705678.0882381042465568 4221052.4040552210062742 4220842.5240552211180329
175 5084378.8865117412060499 5084169.0065117413178086 4221052.4040552210062742 4220842.5240552211180329
176 5038510.5922009842470288 5038300.7122009843587875 4221052.4040552210062742 4220842.5240552211180329
177 8518616.3200610075145960 8518406.4400610066950321 4221052.4040552210062742 4220842.5240552211180329
178 5428046.9385057818144560 5427837.0585057819262147 4221052.4040552210062742 4220842.5240552211180329
179 6142371.1509206555783749 6142161.2709206556901336 4221052.4040552210062742 4220842.5240552211180329
180 10649377.5096989162266254 10649167.6296989154070616 4221052.4040552210062742 4220842.5240552211180329
181 7097421.5171949882060289 7097211.6371949883177876 4221052.4040552210062742 4220842.5240552211180329
182 5711113.6829420039430261 5710903.8029420040547848 4221052.4040552210062742 4220842.5240552211180329
183 15256405.4484234862029552 15256195.5684234853833914 4221052.4040552210062742 4220842.5240552211180329
184 7770865.5601661475375295 7770655.6801661476492882 4221052.4040552210062742 4220842.5240552211180329
185 7164790.2055248348042369 7164580.3255248349159956 4221052.4040552210062742 4220842.5240552211180329
186 4750342.6477664960548282 4750132.7677664961665869 4221052.4040552210062742 4220842.5240552211180329
187 7294434.5297271441668272 7294224.6497271442785859 4221052.4040552210062742 4220842.5240552211180329
188 15524436.0431874170899391 15524226.1631874162703753 4221052.4040552210062742 4220842.5240552211180329
189 9339744.5216445047408342 9339534.6416445039212704 4221052.4040552210062742 4220842.5240552211180329
190 11212364.3179663661867380 11212154.4379663653671741 4221052.4040552210062742 4220842.5240552211180329
191 4752547.4325609728693962 4752337.5525609729811549 4221052.4040552210062742 4220842.5240552211180329
192 13210953.2034541368484497 13210743.3234541360288858 4221052.4040552210062742 4220842.5240552211180329
193 11582726.9973221197724342 11582517.1173221189528704 4221052.4040552210062742 4220842.5240552211180329
194 12764110.6844886094331741 12763900.8044886086136103 4221052.4040552210062742 4220842.5240552211180329
195 5032044.8652157904580235 5031834.9852157905697823 4221052.4040552210062742 4220842.5240552211180329
196 16634333.4107604213058949 16634123.5307604204863310 4221052.4040552210062742 4220842.5240552211180329
197 4822585.0223118811845779 4822375.1423118812963367 4221052.4040552210062742 4220842.5240552211180329
198 10601284.9332746211439371 10601075.0532746203243732 4221052.4040552210062742 4220842.5240552211180329
199 4746095.8439346114173532 4745885.9639346115291119 4221052.4040552210062742 4220842.5240552211180329
200 7987772.9957756530493498 7987563.1157756531611085 4221052.4040552210062742 4220842.5240552211180329
201 9822237.0394654795527458 9822027.1594654787331820 4221052.4040552210062742 4220842.5240552211180329
202 9202433.9606640059500933 9202224.0806640051305294 4221052.4040552210062742 4220842.5240552211180329
203 4862574.2421122351661325 4862364.3621122352778912 4221052.4040552210062742 4220842.5240552211180329
204 6703672.8208229010924697 6703462.9408229012042284 4221052.4040552210062742 4220842.5240552211180329
205 6747968.6715917252004147 6747758.7915917253121734 4221052.4040552210062742 4220842.5240552211180329
206 5442557.7717044986784458 5442347.8917044987902045 4221052.4040552210062742 4220842.5240552211180329
207 5300473.1819183556362987 5300263.3019183557480574 4221052.4040552210062742 4220842.5240552211180329
208 9230561.3587799444794655 9230351.4787799436599016 4221052.4040552210062742 4220842.5240552211180329
209 4971321.1160068381577730 4971111.2360068382695317 4221052.4040552210062742 4220842.5240552211180329
210 5636752.5708216615021229 5636542.6908216616138816 4221052.4040552210062742 4220842.5240552211180329
211 5084034.7827917523682117 5083824.9027917524799705 4221052.4040552210062742 4220842.5240552211180329
212 5116127.2162623312324286 5115917.3362623313441873 4221052.4040552210062742 4220842.5240552211180329
213 8586126.0410038940608501 8585916.1610038932412863 4221052.4040552210062742 4220842.5240552211180329
214 5057223.7498523443937302 5057013.8698523445054889 4221052.4040552210062742 4220842.5240552211180329
215 10019831.9112949017435312 10019622.0312949009239674 4221052.4040552210062742 4220842.5240552211180329
216 5891909.2823924003168941 5891699.4023924004286528 4221052.4040552210062742 4220842.5240552211180329
217 11221338.1906324066221714 11221128.3106324058026075 4221052.4040552210062742 4220842.5240552211180329
218 8653229.0663109552115202 8653019.1863109543919563 4221052.4040552210062742 4220842.5240552211180329
219 6024791.5574928000569344 6024581.6774928001686931 4221052.4040552210062742 4220842.5240552211180329
220 9701684.8756783660501242 9701474.9956783652305603 4221052.4040552210062742 4220842.5240552211180329
221 4718869.2036001477390528 4718659.3236001478508115 4221052.4040552210062742 4220842.5240552211180329
222 5076839.9669276475906372 5076630.0869276477023959 4221052.4040552210062742 4220842.5240552211180329
223 12186307.9681201148778200 12186098.0881201140582561 4221052.4040552210062742 4220842.5240552211180329
224 4641637.6820786455646157 4641427.8020786456763744 4221052.4040552210062742 4220842.5240552211180329
225 7502795.3296820437535644 7502585.4496820438653231 4221052.4040552210062742 4220842.5240552211180329
226 5869262.6233164947479963 5869052.7433164948597550 4221052.4040552210062742 4220842.5240552211180329
227 6543681.8107522968202829 6543471.9307522969320416 4221052.4040552210062742 4220842.5240552211180329
228 5483427.5995474923402071 5483217.7195474924519658 4221052.4040552210062742 4220842.5240552211180329
229 5803247.3548361379653215 5803037.4748361380770802 4221052.4040552210062742 4220842.5240552211180329
230 4901802.1161797661334276 4901592.2361797662451863 4221052.4040552210062742 4220842.5240552211180329
231 20396704.0076836757361889 20396494.1276836767792702 4221052.4040552210062742 4220842.5240552211180329
232 8003544.9061502553522587 8003335.0261502554640174 4221052.4040552210062742 4220842.5240552211180329
233 10002234.2987827174365520 10002024.4187827166169882 4221052.4040552210062742 4220842.5240552211180329
234 5148584.5632308768108487 5148374.6832308769226074 4221052.4040552210062742 4220842.5240552211180329
235 5375639.8046314846724272 5375429.9246314847841859 4221052.4040552210062742 4220842.5240552211180329
236 10109708.8748401310294867 10109498.9948401302099228 4221052.4040552210062742 4220842.5240552211180329
237 4757415.3249843632802367 4757205.4449843633919954 4221052.4040552210062742 4220842.5240552211180329
238 4924621.5507536176592112 4924411.6707536177709699 4221052.4040552210062742 4220842.5240552211180329
239 4939701.0297303861007094 4939491.1497303862124681 4221052.4040552210062742 4220842.5240552211180329
240 5667418.6042459579184651 5667208.7242459580302238 4221052.4040552210062742 4220842.5240552211180329
241 19714658.0937928296625614 19714448.2137928307056427 4221052.4040552210062742 4220842.5240552211180329
242 4556086.9170726109296083 4555877.0370726110413671 4221052.4040552210062742 4220842.5240552211180329
243 5088134.1861766222864389 5087924.3061766223981977 4221052.4040552210062742 4220842.5240552211180329
244 7821503.9970675222575665 7821294.1170675223693252 4221052.4040552210062742 4220842.5240552211180329
245 8316963.3992316555231810 8316753.5192316556349397 4221052.4040552210062742 4220842.5240552211180329
246 5920266.3749174252152443 5920056.4949174253270030 4221052.4040552210062742 4220842.5240552211180329
247 5056792.1318316813558340 5056582.2518316814675927 4221052.4040552210062742 4220842.5240552211180329
248 10292962.2199655063450336 10292752.3399655055254698 4221052.4040552210062742 4220842.5240552211180329
249 10045770.0280581098049879 10045560.1480581089854240 4221052.4040552210062742 4220842.5240552211180329
250 8044116.2414579382166266 8043906.3614579383283854 4221052.4040552210062742 4220842.5240552211180329
251 8929093.9789299145340919 8928884.0989299137145281 4221052.4040552210062742 4220842.5240552211180329
252 8031601.4793494902551174 8031391.5993494903668761 4221052.4040552210062742 4220842.5240552211180329
253 7436748.5719650154933333 7436538.6919650156050920 4221052.4040552210062742 4220842.5240552211180329
254 7010147.8213520171120763 7009937.9413520172238350 4221052.4040552210062742 4220842.5240552211180329
255 21610934.7929585799574852 21610724.9129585810005665 4221052.4040552210062742 4220842.5240552211180329
256 6099091.0764415543526411 6098881.1964415544643998 4221052.4040552210062742 4220842.5240552211180329
257 5674970.0276709273457527 5674760.1476709274575114 4221052.4040552210062742 4220842.5240552211180329
258 5246133.7769773360341787 5245923.8969773361459374 4221052.4040552210062742 4220842.5240552211180329
259 5540340.9855203423649073 5540131.1055203424766660 4221052.4040552210062742 4220842.5240552211180329
260 9849162.3171960301697254 9848952.4371960293501616 4221052.4040552210062742 4220842.5240552211180329
261 13733277.7913349568843842 13733067.9113349560648203 4221052.4040552210062742 4220842.5240552211180329
262 11038363.1564465593546629 11038153.2764465585350990 4221052.4040552210062742 4220842.5240552211180329
263 11717760.8440375458449125 11717550.9640375450253487 4221052.4040552210062742 4220842.5240552211180329
264 6117677.6220041513442993 6117467.7420041514560580 4221052.4040552210062742 4220842.5240552211180329
265 8060562.6128475815057755 8060352.7328475816175342 4221052.4040552210062742 4220842.5240552211180329
266 12512524.0005874224007130 12512314.1205874215811491 4221052.4040552210062742 4220842.5240552211180329
267 9129635.8370165023952723 9129425.9570165015757084 4221052.4040552210062742 4220842.5240552211180329
268 8360908.5626207096502185 8360698.6826207097619772 4221052.4040552210062742 4220842.5240552211180329
269 5967358.5685874307528138 5967148.6885874308645725 4221052.4040552210062742 4220842.5240552211180329
270 7493542.5968720959499478 7493332.7168720960617065 4221052.4040552210062742 4220842.5240552211180329
271 15027514.1337429918348789 15027304.2537429910153151 4221052.4040552210062742 4220842.5240552211180329
272 12736180.1944437287747860 12735970.3144437279552221 4221052.4040552210062742 4220842.5240552211180329
273 6708443.8023389242589474 6708233.9223389243707061 4221052.4040552210062742 4220842.5240552211180329
274 6345977.7599312886595726 6345767.8799312887713313 4221052.4040552210062742 4220842.5240552211180329
275 14387346.0222921725362539 14387136.1422921717166901 4221052.4040552210062742 4220842.5240552211180329
276 10985105.1827395539730787 10984895.3027395531535149 4221052.4040552210062742 4220842.5240552211180329
277 7110260.4670337699353695 7110050.5870337700471282 4221052.4040552210062742 4220842.5240552211180329
278 5770389.8879866767674685 5770180.0079866768792272 4221052.4040552210062742 4220842.5240552211180329
279 7452098.7125135008245707 7451888.8325135009363294 4221052.4040552210062742 4220842.5240552211180329
280 10631681.0667366478592157 10631471.1867366470396519 4221052.4040552210062742 4220842.5240552211180329
281 5578645.1989405881613493 5578435.3189405882731080 4221052.4040552210062742 4220842.5240552211180329
282 8322324.7090611634775996 8322114.8290611635893583 4221052.4040552210062742 4220842.5240552211180329
283 7405767.6846742695197463 7405557.8046742696315050 4221052.4040552210062742 4220842.5240552211180329
284 5959480.2989020813256502 5959270.4189020814374089 4221052.4040552210062742 4220842.5240552211180329
285 7872876.8593055214732885 7872666.9793055215850472 4221052.4040552210062742 4220842.5240552211180329
286 15753444.0481138676404953 15753234.1681138668209314 4221052.4040552210062742 4220842.5240552211180329
287 6959788.8480626149103045 6959578.9680626150220633 4221052.4040552210062742 4220842.5240552211180329
288 4849070.4435301488265395 4848860.5635301489382982 4221052.4040552210062742 4220842.5240552211180329
289 7330568.2199101690202951 7330358.3399101691320539 4221052.4040552210062742 4220842.5240552211180329
290 6835408.7669268772006035 6835198.8869268773123622 4221052.4040552210062742 4220842.5240552211180329
291 7105501.5409729881212115 7105291.6609729882329702 4221052.4040552210062742 4220842.5240552211180329
292 7656009.4624526770785451 7655799.5824526771903038 4221052.4040552210062742 4220842.5240552211180329
293 5057932.4255337333306670 5057722.5455337334424257 4221052.4040552210062742 4220842.5240552211180329
294 4839956.4062236733734608 4839746.5262236734852195 4221052.4040552210062742 4220842.5240552211180329
295 9546417.3584711179137230 9546207.4784711170941591 4221052.4040552210062742 4220842.5240552211180329
296 5447206.8706305325031281 5446996.9906305326148868 4221052.4040552210062742 4220842.5240552211180329
297 6410752.0664955135434866 6410542.1864955136552453 4221052.4040552210062742 4220842.5240552211180329
298 9221720.0474013760685921 9221510.1674013752490282 4221052.4040552210062742 4220842.5240552211180329
299 5952672.8078873734921217 5952462.9278873736038804 4221052.4040552210062742 4220842.5240552211180329
300 6705419.2935232529416680 6705209.4135232530534267 4221052.4040552210062742 4220842.5240552211180329
301 5302024.0326064340770245 5301814.1526064341887832 4221052.4040552210062742 4220842.5240552211180329
302 8562390.8836416061967611 8562181.0036416053771973 4221052.4040552210062742 4220842.5240552211180329
303 8541240.5797010660171509 8541030.6997010651975870 4221052.4040552210062742 4220842.5240552211180329
304 8110070.3296768916770816 8109860.4496768917888403 4221052.4040552210062742 4220842.5240552211180329
305 12321423.5806645080447197 12321213.7006645072251558 4221052.4040552210062742 4220842.5240552211180329
306 8575009.0513887181878090 8574799.1713887173682451 4221052.4040552210062742 4220842.5240552211180329
307 5419068.7109920391812921 5418858.8309920392930508 4221052.4040552210062742 4220842.5240552211180329
308 18707382.3750738687813282 18707172.4950738698244095 4221052.4040552210062742 4220842.5240552211180329
309 5023348.5267507182434201 5023138.6467507183551788 4221052.4040552210062742 4220842.5240552211180329
310 4780320.9314150279387832 4780111.0514150280505419 4221052.4040552210062742 4220842.5240552211180329
311 12026031.0149536840617657 12025821.1349536832422018 4221052.4040552210062742 4220842.5240552211180329
312 6775865.2539220694452524 6775655.3739220695570111 4221052.4040552210062742 4220842.5240552211180329
313 5391975.4891048762947321 5391765.6091048764064908 4221052.4040552210062742 4220842.5240552211180329
314 5697027.7425940372049809 5696817.8625940373167396 4221052.4040552210062742 4220842.5240552211180329
315 9633655.2792388256639242 9633445.3992388248443604 4221052.4040552210062742 4220842.5240552211180329
316 5199605.7469889298081398 5199395.8669889299198985 4221052.4040552210062742 4220842.5240552211180329
317 4796605.4854621840640903 4796395.6054621841758490 4221052.4040552210062742 4220842.5240552211180329
318 5083414.0880696354433894 5083204.2080696355551481 4221052.4040552210062742 4220842.5240552211180329
319 8061210.1751186996698380 8061000.2951186997815967 4221052.4040552210062742 4220842.5240552211180329
320 5163380.0185793191194534 5163170.1385793192312121 4221052.4040552210062742 4220842.5240552211180329
321 8311966.0246095946058631 8311756.1446095947176218 4221052.4040552210062742 4220842.5240552211180329
322 6596103.0441247187554836 6595893.1641247188672423 4221052.4040552210062742 4220842.5240552211180329
323 11645379.6702093016356230 11645169.7902093008160591 4221052.4040552210062742 4220842.5240552211180329
324 5104475.7138820094987750 5104265.8338820096105337 4221052.4040552210062742 4220842.5240552211180329
325 10747597.7668715771287680 10747387.8868715763092041 4221052.4040552210062742 4220842.5240552211180329
326 21007021.3037330769002438 21006811.4237330779433250 4221052.4040552210062742 4220842.5240552211180329
327 7423890.7172865737229586 7423680.8372865738347173 4221052.4040552210062742 4220842.5240552211180329
328 9233294.5554005913436413 9233084.6754005905240774 4221052.4040552210062742 4220842.5240552211180329
329 8410949.1641117874532938 8410739.2841117866337299 4221052.4040552210062742 4220842.5240552211180329
330 7265536.1178669482469559 7265326.2378669483587146 4221052.4040552210062742 4220842.5240552211180329
331 6219969.0675082858651876 6219759.1875082859769464 4221052.4040552210062742 4220842.5240552211180329
332 6646970.4642865518108010 6646760.5842865519225597 4221052.4040552210062742 4220842.5240552211180329
333 10794522.1247769277542830 10794312.2447769269347191 4221052.4040552210062742 4220842.5240552211180329
334 6981720.7866767616942525 6981510.9066767618060112 4221052.4040552210062742 4220842.5240552211180329
335 14908481.6999246645718813 14908271.8199246637523174 4221052.4040552210062742 4220842.5240552211180329
336 17401200.9308346584439278 17400991.0508346594870090 4221052.4040552210062742 4220842.5240552211180329
337 6571083.8736158404499292 6570873.9936158405616879 4221052.4040552210062742 4220842.5240552211180329
338 5341994.1688828617334366 5341784.2888828618451953 4221052.4040552210062742 4220842.5240552211180329
339 6637589.4976706188172102 6637379.6176706189289689 4221052.4040552210062742 4220842.5240552211180329
340 6703145.0782665610313416 6702935.1982665611431003 4221052.4040552210062742 4220842.5240552211180329
341 6144507.7070595044642687 6144297.8270595045760274 4221052.4040552210062742 4220842.5240552211180329
342 5705548.1300926879048347 5705338.2500926880165935 4221052.4040552210062742 4220842.5240552211180329
343 6503299.6787962298840284 6503089.7987962299957871 4221052.4040552210062742 4220842.5240552211180329
344 6242066.7150039151310921 6241856.8350039152428508 4221052.4040552210062742 4220842.5240552211180329
345 5594794.8880998427048326 5594585.0080998428165913 4221052.4040552210062742 4220842.5240552211180329
346 4814423.0038238707929850 4814213.1238238709047437 4221052.4040552210062742 4220842.5240552211180329
347 5379709.9373678313568234 5379500.0573678314685822 4221052.4040552210062742 4220842.5240552211180329
348 5108016.8960877703502774 5107807.0160877704620361 4221052.4040552210062742 4220842.5240552211180329
349 7153663.4233033275231719 7153453.5433033276349306 4221052.4040552210062742 4220842.5240552211180329
350 12148090.9470071811228991 12147881.0670071803033352 4221052.4040552210062742 4220842.5240552211180329
351 12645957.3974287733435631 12645747.5174287725239992 4221052.4040552210062742 4220842.5240552211180329
352 4886979.3054797938093543 4886769.4254797939211130 4221052.4040552210062742 4220842.5240552211180329
353 7411807.2749918345361948 7411597.3949918346479535 4221052.4040552210062742 4220842.5240552211180329
354 4914038.5112365018576384 4913828.6312365019693971 4221052.4040552210062742 4220842.5240552211180329
355 5811503.8045027367770672 5811293.9245027368888259 4221052.4040552210062742 4220842.5240552211180329
356 4873432.8342108977958560 4873222.9542108979076147 4221052.4040552210062742 4220842.5240552211180329
357 9562618.7709848545491695 9562408.8909848537296057 4221052.4040552210062742 4220842.5240552211180329
358 7308213.9337320681661367 7308004.0537320682778955 4221052.4040552210062742 4220842.5240552211180329
359 9566526.1975935380905867 9566316.3175935372710228 4221052.4040552210062742 4220842.5240552211180329
360 9204972.9045407045632601 9204763.0245407037436962 4221052.4040552210062742 4220842.5240552211180329
361 10990291.8572717402130365 10990081.9772717393934727 4221052.4040552210062742 4220842.5240552211180329
362 15443943.2818863280117512 15443733.4018863271921873 4221052.4040552210062742 4220842.5240552211180329
363 6733567.5002000005915761 6733357.6202000007033348 4221052.4040552210062742 4220842.5240552211180329
364 8846309.8028086982667446 8846099.9228086974471807 4221052.4040552210062742 4220842.5240552211180329
365 5843181.7997974986210465 5842971.9197974987328053 4221052.4040552210062742 4220842.5240552211180329
366 7872501.1481214826926589 7872291.2681214828044176 4221052.4040552210062742 4220842.5240552211180329
367 5435058.5523578543215990 5434848.6723578544333577 4221052.4040552210062742 4220842.5240552211180329
368 7873910.5667878165841103 7873700.6867878166958690 4221052.4040552210062742 4220842.5240552211180329
369 8776420.9688940234482288 8776211.0888940226286650 4221052.4040552210062742 4220842.5240552211180329
370 5485404.0415461314842105 5485194.1615461315959692 4221052.4040552210062742 4220842.5240552211180329
371 7079502.0850902479141951 7079292.2050902480259538 4221052.4040552210062742 4220842.5240552211180329
372 7751148.3806942440569401 7750938.5006942441686988 4221052.4040552210062742 4220842.5240552211180329
373 6628237.4632683973759413 6628027.5832683974877000 4221052.4040552210062742 4220842.5240552211180329
374 5903048.9900285284966230 5902839.1100285286083817 4221052.4040552210062742 4220842.5240552211180329
375 5734212.7765543954446912 5734002.8965543955564499 4221052.4040552210062742 4220842.5240552211180329
376 5787757.1957723796367645 5787547.3157723797485232 4221052.4040552210062742 4220842.5240552211180329
377 19354787.0649152696132660 19354577.1849152706563473 4221052.4040552210062742 4220842.5240552211180329
378 8085644.5256989132612944 8085434.6456989133730531 4221052.4040552210062742 4220842.5240552211180329
379 5467311.4167253822088242 5467101.5367253823205829 4221052.4040552210062742 4220842.5240552211180329
380 8345444.8545716097578406 8345234.9745716098695993 4221052.4040552210062742 4220842.5240552211180329
381 14049630.6767146605998278 14049420.7967146597802639 4221052.4040552210062742 4220842.5240552211180329
382 5105794.7664567828178406 5105584.8864567829295993 4221052.4040552210062742 4220842.5240552211180329
383 7717402.0012363847345114 7717192.1212363848462701 4221052.4040552210062742 4220842.5240552211180329
384 7661703.8660212066024542 7661493.9860212067142129 4221052.4040552210062742 4220842.5240552211180329
385 5507004.9947330653667450 5506795.1147330654785037 4221052.4040552210062742 4220842.5240552211180329
386 5327540.5901899496093392 5327330.7101899497210979 4221052.4040552210062742 4220842.5240552211180329
387 8706542.7057795934379101 8706332.8257795926183462 4221052.4040552210062742 4220842.5240552211180329
388 8467359.2795743960887194 8467149.3995743952691555 4221052.4040552210062742 4220842.5240552211180329
389 6293042.7369967196136713 6292832.8569967197254300 4221052.4040552210062742 4220842.5240552211180329
390 7512516.2625388037413359 7512306.3825388038530946 4221052.4040552210062742 4220842.5240552211180329
391 5164365.4980662101879716 5164155.6180662102997303 4221052.4040552210062742 4220842.5240552211180329
392 5585031.7543554315343499 5584821.8743554316461086 4221052.4040552210062742 4220842.5240552211180329
393 5237738.1613292740657926 5237528.2813292741775513 4221052.4040552210062742 4220842.5240552211180329
394 5489545.7892851689830422 5489335.9092851690948009 4221052.4040552210062742 4220842.5240552211180329
395 9333304.4586825445294380 9333094.5786825437098742 4221052.4040552210062742 4220842.5240552211180329
396 6103877.9852454094216228 6103668.1052454095333815 4221052.4040552210062742 4220842.5240552211180329
397 5441731.4875871241092682 5441521.6075871242210269 4221052.4040552210062742 4220842.5240552211180329
398 15442816.6809194274246693 15442606.8009194266051054 4221052.4040552210062742 4220842.5240552211180329
399 6075010.6365774115547538 6074800.7565774116665125 4221052.4040552210062742 4220842.5240552211180329
400 8309643.7438205815851688 8309433.8638205816969275 4221052.4040552210062742 4220842.5240552211180329
401 6818217.2028526393696666 6818007.3228526394814253 4221052.4040552210062742 4220842.5240552211180329
402 7175415.6978568751364946 7175205.8178568752482533 4221052.4040552210062742 4220842.5240552211180329
403 6854421.6801573047414422 6854211.8001573048532009 4221052.4040552210062742 4220842.5240552211180329
404 5638483.6350727342069149 5638273.7550727343186736 4221052.4040552210062742 4220842.5240552211180329
405 11654088.4814324192702770 11653878.6014324184507132 4221052.4040552210062742 4220842.5240552211180329
406 10201395.8905258625745773 10201186.0105258617550135 4221052.4040552210062742 4220842.5240552211180329
407 8927938.9254407249391079 8927729.0454407241195440 4221052.4040552210062742 4220842.5240552211180329
408 13332144.4990310315042734 13331934.6190310306847095 4221052.4040552210062742 4220842.5240552211180329
409 6412725.3503837706521153 6412515.4703837707638741 4221052.4040552210062742 4220842.5240552211180329
410 7012733.8448247294872999 7012523.9648247295990586 4221052.4040552210062742 4220842.5240552211180329
411 5139457.1528418613597751 5139247.2728418614715338 4221052.4040552210062742 4220842.5240552211180329
412 6407516.0945232436060905 6407306.2145232437178493 4221052.4040552210062742 4220842.5240552211180329
413 6183890.9271682584658265 6183681.0471682585775852 4221052.4040552210062742 4220842.5240552211180329
414 4938150.5470100166276097 4937940.6670100167393684 4221052.4040552210062742 4220842.5240552211180329
415 9133012.3985632173717022 9132802.5185632165521383 4221052.4040552210062742 4220842.5240552211180329
416 8523234.1145885046571493 8523024.2345885038375854 4221052.4040552210062742 4220842.5240552211180329
417 6025214.2486690236255527 6025004.3686690237373114 4221052.4040552210062742 4220842.5240552211180329
418 5176908.0192771516740322 5176698.1392771517857909 4221052.4040552210062742 4220842.5240552211180329
419 5711183.9495778121054173 5710974.0695778122171760 4221052.4040552210062742 4220842.5240552211180329
420 5303240.6300769429653883 5303030.7500769430771470 4221052.4040552210062742 4220842.5240552211180329
421 5071085.3419155739247799 5070875.4619155740365386 4221052.4040552210062742 4220842.5240552211180329
422 5080063.3415613183751702 5079853.4615613184869289 4221052.4040552210062742 4220842.5240552211180329
423 8425878.7571684140712023 8425668.8771684132516384 4221052.4040552210062742 4220842.5240552211180329
424 6439011.0410776846110821 6438801.1610776847228408 4221052.4040552210062742 4220842.5240552211180329
425 7702242.2134782411158085 7702032.3334782412275672 4221052.4040552210062742 4220842.5240552211180329
426 6615747.6903037037700415 6615537.8103037038818002 4221052.4040552210062742 4220842.5240552211180329
427 7674580.9273637160658836 7674371.0473637161776423 4221052.4040552210062742 4220842.5240552211180329
428 7549230.3852195646613836 7549020.5052195647731423 4221052.4040552210062742 4220842.5240552211180329
429 13336936.3595139943063259 13336726.4795139934867620 4221052.4040552210062742 4220842.5240552211180329
430 6215148.9050659248605371 6214939.0250659249722958 4221052.4040552210062742 4220842.5240552211180329
431 5788797.2153155365958810 5788587.3353155367076397 4221052.4040552210062742 4220842.5240552211180329
432 5460616.2710980363190174 5460406.3910980364307761 4221052.4040552210062742 4220842.5240552211180329
433 4948796.1935297101736069 4948586.3135297102853656 4221052.4040552210062742 4220842.5240552211180329
434 8100027.6410530935972929 8099817.7610530937090516 4221052.4040552210062742 4220842.5240552211180329
435 5453768.2072860496118665 5453558.3272860497236252 4221052.4040552210062742 4220842.5240552211180329
436 15679870.8126139286905527 15679660.9326139278709888 4221052.4040552210062742 4220842.5240552211180329
437 5297323.6233721682801843 5297113.7433721683919430 4221052.4040552210062742 4220842.5240552211180329
438 7046185.6125946519896388 7045975.7325946521013975 4221052.4040552210062742 4220842.5240552211180329
439 5132091.9119973275810480 5131882.0319973276928067 4221052.4040552210062742 4220842.5240552211180329
440 10218540.3121969141066074 10218330.4321969132870436 4221052.4040552210062742 4220842.5240552211180329
441 8725628.5148656181991100 8725418.6348656173795462 4221052.4040552210062742 4220842.5240552211180329
442 6315164.8733708718791604 6314954.9933708719909191 4221052.4040552210062742 4220842.5240552211180329
443 5266667.5527789397165179 5266457.6727789398282766 4221052.4040552210062742 4220842.5240552211180329
444 5252162.0337959900498390 5251952.1537959901615977 4221052.4040552210062742 4220842.5240552211180329
445 14996621.4132508672773838 14996411.5332508664578199 4221052.4040552210062742 4220842.5240552211180329
446 8043800.8161186873912811 8043590.9361186875030398 4221052.4040552210062742 4220842.5240552211180329
447 6522567.2574633676558733 6522357.3774633677676320 4221052.4040552210062742 4220842.5240552211180329
448 5899310.6247262386605144 5899100.7447262387722731 4221052.4040552210062742 4220842.5240552211180329
449 4988730.2821605755016208 4988520.4021605756133795 4221052.4040552210062742 4220842.5240552211180329
450 12961292.8294893819838762 12961082.9494893811643124 4221052.4040552210062742 4220842.5240552211180329
451 5284624.7926826104521751 5284414.9126826105639338 4221052.4040552210062742 4220842.5240552211180329
452 16024677.3564537800848484 16024467.4764537792652845 4221052.4040552210062742 4220842.5240552211180329
453 5560949.5787450233474374 5560739.6987450234591961 4221052.4040552210062742 4220842.5240552211180329
454 7244901.0745571935549378 7244691.1945571936666965 4221052.4040552210062742 4220842.5240552211180329
455 11316758.1996376756578684 11316548.3196376748383045 4221052.4040552210062742 4220842.5240552211180329
456 7725357.2900647036731243 7725147.4100647037848830 4221052.4040552210062742 4220842.5240552211180329
457 8032514.2466202508658171 8032304.3666202509775758 4221052.4040552210062742 4220842.5240552211180329
458 6170860.1712141530588269 6170650.2912141531705856 4221052.4040552210062742 4220842.5240552211180329
459 4989368.6701518567278981 4989158.7901518568396568 4221052.4040552210062742 4220842.5240552211180329
460 7512906.5673480909317732 7512696.6873480910435319 4221052.4040552210062742 4220842.5240552211180329
461 8609322.3800893407315016 8609112.5000893399119377 4221052.4040552210062742 4220842.5240552211180329
462 7389743.8237712485715747 7389533.9437712486833334 4221052.4040552210062742 4220842.5240552211180329
463 5158054.3308930294588208 5157844.4508930295705795 4221052.4040552210062742 4220842.5240552211180329
464 5302950.3412738442420959 5302740.4612738443538547 4221052.4040552210062742 4220842.5240552211180329
465 10562048.4554890803992748 10561838.5754890795797110 4221052.4040552210062742 4220842.5240552211180329
466 5474129.6360940141603351 5473919.7560940142720938 4221052.4040552210062742 4220842.5240552211180329
467 5549612.8935912512242794 5549403.0135912513360381 4221052.4040552210062742 4220842.5240552211180329
468 8053392.9397011995315552 8053183.0597011996433139 4221052.4040552210062742 4220842.5240552211180329
469 6998534.2430921792984009 6998324.3630921794101596 4221052.4040552210062742 4220842.5240552211180329
470 9069294.4297578074038029 9069084.5497578065842390 4221052.4040552210062742 4220842.5240552211180329
471 6735214.2929364535957575 6735004.4129364537075162 4221052.4040552210062742 4220842.5240552211180329
472 7540301.9843353433534503 7540092.1043353434652090 4221052.4040552210062742 4220842.5240552211180329
473 6813011.5446216696873307 6812801.6646216697990894 4221052.4040552210062742 4220842.5240552211180329
474 6376280.6329540992155671 6376070.7529540993273258 4221052.4040552210062742 4220842.5240552211180329
475 5537314.8030959805473685 5537104.9230959806591272 4221052.4040552210062742 4220842.5240552211180329
476 7258126.9450192032381892 7257917.0650192033499479 4221052.4040552210062742 4220842.5240552211180329
477 11178820.8542765732854605 11178610.9742765724658966 4221052.4040552210062742 4220842.5240552211180329
478 7439016.1417028466239572 7438806.2617028467357159 4221052.4040552210062742 4220842.5240552211180329
479 7246906.7726831277832389 7246696.8926831278949976 4221052.4040552210062742 4220842.5240552211180329
480 17926182.7214388586580753 17925972.8414388597011566 4221052.4040552210062742 4220842.5240552211180329
481 11245732.1798146534711123 11245522.2998146526515484 4221052.4040552210062742 4220842.5240552211180329
482 5984673.2120410110801458 5984463.3320410111919045 4221052.4040552210062742 4220842.5240552211180329
483 12120787.3697284758090973 12120577.4897284749895334 4221052.4040552210062742 4220842.5240552211180329
484 14841573.3945294078439474 14841363.5145294070243835 4221052.4040552210062742 4220842.5240552211180329
485 7592934.1162075446918607 7592724.2362075448036194 4221052.4040552210062742 4220842.5240552211180329
486 6164094.9294287208467722 6163885.0494287209585309 4221052.4040552210062742 4220842.5240552211180329
487 5871218.4534290581941605 5871008.5734290583059192 4221052.4040552210062742 4220842.5240552211180329
488 6666679.6148198051378131 6666469.7348198052495718 4221052.4040552210062742 4220842.5240552211180329
489 7214866.3861162215471268 7214656.5061162216588855 4221052.4040552210062742 4220842.5240552211180329
490 5507444.6599955121055245 5507234.7799955122172832 4221052.4040552210062742 4220842.5240552211180329
491 5311665.7275121267884970 5311455.8475121269002557 4221052.4040552210062742 4220842.5240552211180329
492 13353472.2793409712612629 13353262.3993409704416990 4221052.4040552210062742 4220842.5240552211180329
493 7311515.6220413902774453 7311305.7420413903892040 4221052.4040552210062742 4220842.5240552211180329
494 15156223.1362958997488022 15156013.2562958989292383 4221052.4040552210062742 4220842.5240552211180329
495 5536145.6340518957003951 5535935.7540518958121538 4221052.4040552210062742 4220842.5240552211180329
496 10871276.0386659428477287 10871066.1586659420281649 4221052.4040552210062742 4220842.5240552211180329
497 5159046.0195011561736465 5158836.1395011562854052 4221052.4040552210062742 4220842.5240552211180329
498 6049263.9602555492892861 6049054.0802555494010448 4221052.4040552210062742 4220842.5240552211180329
499 5801145.8619551081210375 5800935.9819551082327962 4221052.4040552210062742 4220842.5240552211180329
500 6841566.6054332749918103 6841356.7254332751035690 4221052.4040552210062742 4220842.5240552211180329
