evaluations raw_y current_y raw_y_best current_y_best
1 17017934.0485522337257862 17017724.1685522347688675 17017934.0485522337257862 17017724.1685522347688675
2 4502754.7861365517601371 4502544.9061365518718958 4502754.7861365517601371 4502544.9061365518718958
3 38345394.3387636244297028 38345184.4587636217474937 4502754.7861365517601371 4502544.9061365518718958
4 15521160.2684303615242243 15520950.3884303607046604 4502754.7861365517601371 4502544.9061365518718958
5 18943219.3487141095101833 18943009.4687141105532646 4502754.7861365517601371 4502544.9061365518718958
6 57726969.9419125542044640 57726760.0619125515222549 4502754.7861365517601371 4502544.9061365518718958
7 34177148.9112413004040718 34176939.0312412977218628 4502754.7861365517601371 4502544.9061365518718958
8 18533247.4907702766358852 18533037.6107702776789665 4502754.7861365517601371 4502544.9061365518718958
9 30050618.3985919281840324 30050408.5185919292271137 4502754.7861365517601371 4502544.9061365518718958
10 54076858.0958849340677261 54076648.2158849313855171 4502754.7861365517601371 4502544.9061365518718958
11 13547164.0648869387805462 13546954.1848869379609823 4502754.7861365517601371 4502544.9061365518718958
12 51066697.0976577550172806 51066487.2176577523350716 4502754.7861365517601371 4502544.9061365518718958
13 34286080.4617426469922066 34285870.5817426443099976 4502754.7861365517601371 4502544.9061365518718958
14 6647291.4364260034635663 6647081.5564260035753250 4502754.7861365517601371 4502544.9061365518718958
15 27223966.4401896484196186 27223756.5601896494626999 4502754.7861365517601371 4502544.9061365518718958
16 24877269.8302751183509827 24877059.9502751193940639 4502754.7861365517601371 4502544.9061365518718958
17 47888455.6274894997477531 47888245.7474894970655441 4502754.7861365517601371 4502544.9061365518718958
18 19997607.4763355366885662 19997397.5963355377316475 4502754.7861365517601371 4502544.9061365518718958
19 30201616.3088053837418556 30201406.4288053847849369 4502754.7861365517601371 4502544.9061365518718958
20 37644048.6492297053337097 37643838.7692297026515007 4502754.7861365517601371 4502544.9061365518718958
21 30409711.1530377678573132 30409501.2730377689003944 4502754.7861365517601371 4502544.9061365518718958
22 29551868.2793053239583969 29551658.3993053250014782 4502754.7861365517601371 4502544.9061365518718958
23 54538408.3416536524891853 54538198.4616536498069763 4502754.7861365517601371 4502544.9061365518718958
24 44512111.0743487477302551 44511901.1943487450480461 4502754.7861365517601371 4502544.9061365518718958
25 62726720.7932655140757561 62726510.9132655113935471 4502754.7861365517601371 4502544.9061365518718958
26 28391287.8159576728940010 28391077.9359576739370823 4502754.7861365517601371 4502544.9061365518718958
27 44441132.9845225363969803 44440923.1045225337147713 4502754.7861365517601371 4502544.9061365518718958
28 29086454.0823328644037247 29086244.2023328654468060 4502754.7861365517601371 4502544.9061365518718958
29 20913149.9614993445575237 20912940.0814993456006050 4502754.7861365517601371 4502544.9061365518718958
30 9642852.9294121228158474 9642643.0494121219962835 4502754.7861365517601371 4502544.9061365518718958
31 21304410.0540037192404270 21304200.1740037202835083 4502754.7861365517601371 4502544.9061365518718958
32 43426714.7581611275672913 43426504.8781611248850822 4502754.7861365517601371 4502544.9061365518718958
33 9581377.3865414038300514 9581167.5065414030104876 4502754.7861365517601371 4502544.9061365518718958
34 26198937.7199998944997787 26198727.8399998955428600 4502754.7861365517601371 4502544.9061365518718958
35 22284884.5552265830338001 22284674.6752265840768814 4502754.7861365517601371 4502544.9061365518718958
36 42960536.0811562761664391 42960326.2011562734842300 4502754.7861365517601371 4502544.9061365518718958
37 9672676.3900036197155714 9672466.5100036188960075 4502754.7861365517601371 4502544.9061365518718958
38 20511182.3729462437331676 20510972.4929462447762489 4502754.7861365517601371 4502544.9061365518718958
39 10611827.5563672930002213 10611617.6763672921806574 4502754.7861365517601371 4502544.9061365518718958
40 29325025.4430912882089615 29324815.5630912892520428 4502754.7861365517601371 4502544.9061365518718958
41 15417065.1755585055798292 15416855.2955585047602654 4502754.7861365517601371 4502544.9061365518718958
42 6102043.6430583978071809 6101833.7630583979189396 4502754.7861365517601371 4502544.9061365518718958
43 9295338.6783290933817625 9295128.7983290925621986 4502754.7861365517601371 4502544.9061365518718958
44 16664858.3117324542254210 16664648.4317324534058571 4502754.7861365517601371 4502544.9061365518718958
45 14939279.0845285579562187 14939069.2045285571366549 4502754.7861365517601371 4502544.9061365518718958
46 18979970.8058441020548344 18979760.9258441030979156 4502754.7861365517601371 4502544.9061365518718958
47 24851312.2255302593111992 24851102.3455302603542805 4502754.7861365517601371 4502544.9061365518718958
48 15077234.0880969744175673 15077024.2080969735980034 4502754.7861365517601371 4502544.9061365518718958
49 58335859.0905534774065018 58335649.2105534747242928 4502754.7861365517601371 4502544.9061365518718958
50 22800894.7987838201224804 22800684.9187838211655617 4502754.7861365517601371 4502544.9061365518718958
51 19054013.1119142062962055 19053803.2319142073392868 4502754.7861365517601371 4502544.9061365518718958
52 26369643.6291029751300812 26369433.7491029761731625 4502754.7861365517601371 4502544.9061365518718958
53 8626097.8447846174240112 8625887.9647846166044474 4502754.7861365517601371 4502544.9061365518718958
54 29917309.2609893158078194 29917099.3809893168509007 4502754.7861365517601371 4502544.9061365518718958
55 53591530.8098865672945976 53591320.9298865646123886 4502754.7861365517601371 4502544.9061365518718958
56 43660898.8114815801382065 43660688.9314815774559975 4502754.7861365517601371 4502544.9061365518718958
57 9007128.6842257361859083 9006918.8042257353663445 4502754.7861365517601371 4502544.9061365518718958
58 51386800.3497084975242615 51386590.4697084948420525 4502754.7861365517601371 4502544.9061365518718958
59 9172940.3526612166315317 9172730.4726612158119678 4502754.7861365517601371 4502544.9061365518718958
60 3730104.5907528148964047 3729894.7107528150081635 3730104.5907528148964047 3729894.7107528150081635
61 16495550.8683892637491226 16495340.9883892629295588 3730104.5907528148964047 3729894.7107528150081635
62 31519019.6024706996977329 31518809.7224707007408142 3730104.5907528148964047 3729894.7107528150081635
63 21413638.3381096534430981 21413428.4581096544861794 3730104.5907528148964047 3729894.7107528150081635
64 5324827.4952877387404442 5324617.6152877388522029 3730104.5907528148964047 3729894.7107528150081635
65 8715237.8225526865571737 8715027.9425526857376099 3730104.5907528148964047 3729894.7107528150081635
66 10139419.7769294213503599 10139209.8969294205307961 3730104.5907528148964047 3729894.7107528150081635
67 18489932.6008055172860622 18489722.7208055183291435 3730104.5907528148964047 3729894.7107528150081635
68 18878429.6195910722017288 18878219.7395910732448101 3730104.5907528148964047 3729894.7107528150081635
69 12439856.0343636907637119 12439646.1543636899441481 3730104.5907528148964047 3729894.7107528150081635
70 12032791.0875036865472794 12032581.2075036857277155 3730104.5907528148964047 3729894.7107528150081635
71 53362457.1174535751342773 53362247.2374535724520683 3730104.5907528148964047 3729894.7107528150081635
72 29288466.9177503064274788 29288257.0377503074705601 3730104.5907528148964047 3729894.7107528150081635
73 15059130.4895621724426746 15058920.6095621716231108 3730104.5907528148964047 3729894.7107528150081635
74 27612792.5154791660606861 27612582.6354791671037674 3730104.5907528148964047 3729894.7107528150081635
75 5814812.1090183872729540 5814602.2290183873847127 3730104.5907528148964047 3729894.7107528150081635
76 15245111.4503448642790318 15244901.5703448634594679 3730104.5907528148964047 3729894.7107528150081635
77 33942947.8371018245816231 33942737.9571018218994141 3730104.5907528148964047 3729894.7107528150081635
78 68284757.6116489320993423 68284547.7316489368677139 3730104.5907528148964047 3729894.7107528150081635
79 40765573.3220747038722038 40765363.4420747011899948 3730104.5907528148964047 3729894.7107528150081635
80 8393858.7202956136316061 8393648.8402956128120422 3730104.5907528148964047 3729894.7107528150081635
81 23992499.1262353770434856 23992289.2462353780865669 3730104.5907528148964047 3729894.7107528150081635
82 20644871.2838064096868038 20644661.4038064107298851 3730104.5907528148964047 3729894.7107528150081635
83 26418656.2061403542757034 26418446.3261403553187847 3730104.5907528148964047 3729894.7107528150081635
84 27016221.3229398019611835 27016011.4429398030042648 3730104.5907528148964047 3729894.7107528150081635
85 18916593.3349435813724995 18916383.4549435824155807 3730104.5907528148964047 3729894.7107528150081635
86 34057166.5879959687590599 34056956.7079959660768509 3730104.5907528148964047 3729894.7107528150081635
87 20695291.1888593174517155 20695081.3088593184947968 3730104.5907528148964047 3729894.7107528150081635
88 33269641.8263585977256298 33269431.9463585987687111 3730104.5907528148964047 3729894.7107528150081635
89 42352937.8004371821880341 42352727.9204371795058250 3730104.5907528148964047 3729894.7107528150081635
90 11359847.0320363119244576 11359637.1520363111048937 3730104.5907528148964047 3729894.7107528150081635
91 37162903.5877177938818932 37162693.7077177911996841 3730104.5907528148964047 3729894.7107528150081635
92 34142959.9312364086508751 34142750.0512364059686661 3730104.5907528148964047 3729894.7107528150081635
93 7344480.1204543188214302 7344270.2404543189331889 3730104.5907528148964047 3729894.7107528150081635
94 18232826.6716748252511024 18232616.7916748262941837 3730104.5907528148964047 3729894.7107528150081635
95 59539166.5054193437099457 59538956.6254193410277367 3730104.5907528148964047 3729894.7107528150081635
96 6872284.1255141673609614 6872074.2455141674727201 3730104.5907528148964047 3729894.7107528150081635
97 20752369.1656904295086861 20752159.2856904305517673 3730104.5907528148964047 3729894.7107528150081635
98 19602051.2264200970530510 19601841.3464200980961323 3730104.5907528148964047 3729894.7107528150081635
99 44985065.2182943299412727 44984855.3382943272590637 3730104.5907528148964047 3729894.7107528150081635
100 18789956.5463436730206013 18789746.6663436740636826 3730104.5907528148964047 3729894.7107528150081635
101 36932628.9014243483543396 36932419.0214243456721306 3730104.5907528148964047 3729894.7107528150081635
102 25358396.5101990550756454 25358186.6301990561187267 3730104.5907528148964047 3729894.7107528150081635
103 11824963.3395230881869793 11824753.4595230873674154 3730104.5907528148964047 3729894.7107528150081635
104 39243438.0793041959404945 39243228.1993041932582855 3730104.5907528148964047 3729894.7107528150081635
105 21320995.3877603672444820 21320785.5077603682875633 3730104.5907528148964047 3729894.7107528150081635
106 21461358.4560772553086281 21461148.5760772563517094 3730104.5907528148964047 3729894.7107528150081635
107 12073078.2330962177366018 12072868.3530962169170380 3730104.5907528148964047 3729894.7107528150081635
108 17657681.5888190120458603 17657471.7088190130889416 3730104.5907528148964047 3729894.7107528150081635
109 8196020.4216860430315137 8195810.5416860431432724 3730104.5907528148964047 3729894.7107528150081635
110 24324767.0036256015300751 24324557.1236256025731564 3730104.5907528148964047 3729894.7107528150081635
111 25491376.7621240913867950 25491166.8821240924298763 3730104.5907528148964047 3729894.7107528150081635
112 32779281.6961292773485184 32779071.8161292783915997 3730104.5907528148964047 3729894.7107528150081635
113 22955142.2482476606965065 22954932.3682476617395878 3730104.5907528148964047 3729894.7107528150081635
114 13216294.0308983884751797 13216084.1508983876556158 3730104.5907528148964047 3729894.7107528150081635
115 42590512.0574061200022697 42590302.1774061173200607 3730104.5907528148964047 3729894.7107528150081635
116 33488579.9947327598929405 33488370.1147327609360218 3730104.5907528148964047 3729894.7107528150081635
117 21102491.6348622255027294 21102281.7548622265458107 3730104.5907528148964047 3729894.7107528150081635
118 59876337.9345442354679108 59876128.0545442327857018 3730104.5907528148964047 3729894.7107528150081635
119 23103719.1291240639984608 23103509.2491240650415421 3730104.5907528148964047 3729894.7107528150081635
120 16258595.4917075224220753 16258385.6117075216025114 3730104.5907528148964047 3729894.7107528150081635
121 3134525.5078348051756620 3134315.6278348052874207 3134525.5078348051756620 3134315.6278348052874207
122 28916770.3996446505188942 28916560.5196446515619755 3134525.5078348051756620 3134315.6278348052874207
123 30647859.9768077284097672 30647650.0968077294528484 3134525.5078348051756620 3134315.6278348052874207
124 13303726.6980098057538271 13303516.8180098049342632 3134525.5078348051756620 3134315.6278348052874207
125 16869700.4726507589221001 16869490.5926507599651814 3134525.5078348051756620 3134315.6278348052874207
126 20545866.5337345525622368 20545656.6537345536053181 3134525.5078348051756620 3134315.6278348052874207
127 12319277.4457569289952517 12319067.5657569281756878 3134525.5078348051756620 3134315.6278348052874207
128 21659208.7888005338609219 21658998.9088005349040031 3134525.5078348051756620 3134315.6278348052874207
129 30270604.6460974626243114 30270394.7660974636673927 3134525.5078348051756620 3134315.6278348052874207
130 21191876.8257276043295860 21191666.9457276053726673 3134525.5078348051756620 3134315.6278348052874207
131 17290115.0077207721769810 17289905.1277207732200623 3134525.5078348051756620 3134315.6278348052874207
132 4416998.4847215991467237 4416788.6047215992584825 3134525.5078348051756620 3134315.6278348052874207
133 16927532.1627917252480984 16927322.2827917262911797 3134525.5078348051756620 3134315.6278348052874207
134 11461253.9598601162433624 11461044.0798601154237986 3134525.5078348051756620 3134315.6278348052874207
135 23897866.2269423529505730 23897656.3469423539936543 3134525.5078348051756620 3134315.6278348052874207
136 48506615.4941203817725182 48506405.6141203790903091 3134525.5078348051756620 3134315.6278348052874207
137 10538217.8880782462656498 10538008.0080782454460859 3134525.5078348051756620 3134315.6278348052874207
138 13399160.0141986273229122 13398950.1341986265033484 3134525.5078348051756620 3134315.6278348052874207
139 32454625.2005115151405334 32454415.3205115161836147 3134525.5078348051756620 3134315.6278348052874207
140 37435681.8861322700977325 37435472.0061322674155235 3134525.5078348051756620 3134315.6278348052874207
141 71868569.9299940615892410 71868360.0499940663576126 3134525.5078348051756620 3134315.6278348052874207
142 39008003.5832682996988297 39007793.7032682970166206 3134525.5078348051756620 3134315.6278348052874207
143 20765775.2230104804039001 20765565.3430104814469814 3134525.5078348051756620 3134315.6278348052874207
144 3811140.3417650386691093 3810930.4617650387808681 3134525.5078348051756620 3134315.6278348052874207
145 44867405.8205616474151611 44867195.9405616447329521 3134525.5078348051756620 3134315.6278348052874207
146 30195249.6424304023385048 30195039.7624304033815861 3134525.5078348051756620 3134315.6278348052874207
147 43993066.7813599109649658 43992856.9013599082827568 3134525.5078348051756620 3134315.6278348052874207
148 10977044.2950172275304794 10976834.4150172267109156 3134525.5078348051756620 3134315.6278348052874207
149 42787756.3274473920464516 42787546.4474473893642426 3134525.5078348051756620 3134315.6278348052874207
150 24066170.8271372169256210 24065960.9471372179687023 3134525.5078348051756620 3134315.6278348052874207
151 17376659.9808683916926384 17376450.1008683927357197 3134525.5078348051756620 3134315.6278348052874207
152 52167796.5282115116715431 52167586.6482115089893341 3134525.5078348051756620 3134315.6278348052874207
153 9272586.3775728847831488 9272376.4975728839635849 3134525.5078348051756620 3134315.6278348052874207
154 16282575.5678525716066360 16282365.6878525707870722 3134525.5078348051756620 3134315.6278348052874207
155 37029345.8064851388335228 37029135.9264851361513138 3134525.5078348051756620 3134315.6278348052874207
156 16299150.4384828358888626 16298940.5584828350692987 3134525.5078348051756620 3134315.6278348052874207
157 10102780.4194776639342308 10102570.5394776631146669 3134525.5078348051756620 3134315.6278348052874207
158 6118777.8461982235312462 6118567.9661982236430049 3134525.5078348051756620 3134315.6278348052874207
159 25372069.7865921333432198 25371859.9065921343863010 3134525.5078348051756620 3134315.6278348052874207
160 43061835.3240454345941544 43061625.4440454319119453 3134525.5078348051756620 3134315.6278348052874207
161 57330620.6996390074491501 57330410.8196390047669411 3134525.5078348051756620 3134315.6278348052874207
162 27815548.0824535153806210 27815338.2024535164237022 3134525.5078348051756620 3134315.6278348052874207
163 10390250.3048606086522341 10390040.4248606078326702 3134525.5078348051756620 3134315.6278348052874207
164 1647896.4716600654646754 1647686.5916600655764341 1647896.4716600654646754 1647686.5916600655764341
165 34676839.6142444238066673 34676629.7342444211244583 1647896.4716600654646754 1647686.5916600655764341
166 45594222.1666008979082108 45594012.2866008952260017 1647896.4716600654646754 1647686.5916600655764341
167 11991665.6234870143234730 11991455.7434870135039091 1647896.4716600654646754 1647686.5916600655764341
168 30550901.7512503191828728 30550691.8712503202259541 1647896.4716600654646754 1647686.5916600655764341
169 5149868.2402933221310377 5149658.3602933222427964 1647896.4716600654646754 1647686.5916600655764341
170 23068497.2055262997746468 23068287.3255263008177280 1647896.4716600654646754 1647686.5916600655764341
171 5934778.2136637149378657 5934568.3336637150496244 1647896.4716600654646754 1647686.5916600655764341
172 46252087.9602749869227409 46251878.0802749842405319 1647896.4716600654646754 1647686.5916600655764341
173 17494219.4158407412469387 17494009.5358407422900200 1647896.4716600654646754 1647686.5916600655764341
174 38252864.9074872434139252 38252655.0274872407317162 1647896.4716600654646754 1647686.5916600655764341
175 37623507.4901100844144821 37623297.6101100817322731 1647896.4716600654646754 1647686.5916600655764341
176 3977336.4800167679786682 3977126.6000167680904269 1647896.4716600654646754 1647686.5916600655764341
177 41868733.1648631542921066 41868523.2848631516098976 1647896.4716600654646754 1647686.5916600655764341
178 49267496.3831270635128021 49267286.5031270608305931 1647896.4716600654646754 1647686.5916600655764341
179 23551818.5430423170328140 23551608.6630423180758953 1647896.4716600654646754 1647686.5916600655764341
180 15694198.9924020245671272 15693989.1124020237475634 1647896.4716600654646754 1647686.5916600655764341
181 50404832.1198459416627884 50404622.2398459389805794 1647896.4716600654646754 1647686.5916600655764341
182 18505970.9466453865170479 18505761.0666453875601292 1647896.4716600654646754 1647686.5916600655764341
183 37364583.4272216558456421 37364373.5472216531634331 1647896.4716600654646754 1647686.5916600655764341
184 40017206.7348985597491264 40016996.8548985570669174 1647896.4716600654646754 1647686.5916600655764341
185 9003221.8063795771449804 9003011.9263795763254166 1647896.4716600654646754 1647686.5916600655764341
186 13910464.6317444387823343 13910254.7517444379627705 1647896.4716600654646754 1647686.5916600655764341
187 19291203.8455884493887424 19290993.9655884504318237 1647896.4716600654646754 1647686.5916600655764341
188 30812324.8234703540802002 30812114.9434703551232815 1647896.4716600654646754 1647686.5916600655764341
189 2891341.9975347481667995 2891132.1175347482785583 1647896.4716600654646754 1647686.5916600655764341
190 13289074.0354917179793119 13288864.1554917171597481 1647896.4716600654646754 1647686.5916600655764341
191 38108863.7121226713061333 38108653.8321226686239243 1647896.4716600654646754 1647686.5916600655764341
192 5448869.5266072005033493 5448659.6466072006151080 1647896.4716600654646754 1647686.5916600655764341
193 6683981.6382885761559010 6683771.7582885762676597 1647896.4716600654646754 1647686.5916600655764341
194 21728925.7912491895258427 21728715.9112491905689240 1647896.4716600654646754 1647686.5916600655764341
195 28884034.0624859929084778 28883824.1824859939515591 1647896.4716600654646754 1647686.5916600655764341
196 47123386.8746846392750740 47123176.9946846365928650 1647896.4716600654646754 1647686.5916600655764341
197 32733374.1380629874765873 32733164.2580629885196686 1647896.4716600654646754 1647686.5916600655764341
198 28485574.4416832998394966 28485364.5616833008825779 1647896.4716600654646754 1647686.5916600655764341
199 22301840.5834040865302086 22301630.7034040875732899 1647896.4716600654646754 1647686.5916600655764341
200 35959295.8915382549166679 35959086.0115382522344589 1647896.4716600654646754 1647686.5916600655764341
201 37552722.3154541924595833 37552512.4354541897773743 1647896.4716600654646754 1647686.5916600655764341
202 11125763.4403882622718811 11125553.5603882614523172 1647896.4716600654646754 1647686.5916600655764341
203 18203070.0400065705180168 18202860.1600065715610981 1647896.4716600654646754 1647686.5916600655764341
204 38452291.3590337410569191 38452081.4790337383747101 1647896.4716600654646754 1647686.5916600655764341
205 26436382.0617223978042603 26436172.1817223988473415 1647896.4716600654646754 1647686.5916600655764341
206 69266194.5965259969234467 69265984.7165260016918182 1647896.4716600654646754 1647686.5916600655764341
207 29379969.9275090582668781 29379760.0475090593099594 1647896.4716600654646754 1647686.5916600655764341
208 18015906.0701475776731968 18015696.1901475787162781 1647896.4716600654646754 1647686.5916600655764341
209 23775725.0808538682758808 23775515.2008538693189621 1647896.4716600654646754 1647686.5916600655764341
210 17033317.6608679071068764 17033107.7808679081499577 1647896.4716600654646754 1647686.5916600655764341
211 41945896.4962843060493469 41945686.6162843033671379 1647896.4716600654646754 1647686.5916600655764341
212 22221419.9052366390824318 22221210.0252366401255131 1647896.4716600654646754 1647686.5916600655764341
213 14712641.1057064644992352 14712431.2257064636796713 1647896.4716600654646754 1647686.5916600655764341
214 5970892.6704865666106343 5970682.7904865667223930 1647896.4716600654646754 1647686.5916600655764341
215 37131584.7204197943210602 37131374.8404197916388512 1647896.4716600654646754 1647686.5916600655764341
216 10824723.6128380410373211 10824513.7328380402177572 1647896.4716600654646754 1647686.5916600655764341
217 22059872.1741294898092747 22059662.2941294908523560 1647896.4716600654646754 1647686.5916600655764341
218 30837748.4244087971746922 30837538.5444087982177734 1647896.4716600654646754 1647686.5916600655764341
219 23209914.0621816888451576 23209704.1821816898882389 1647896.4716600654646754 1647686.5916600655764341
220 15053582.0432721879333258 15053372.1632721871137619 1647896.4716600654646754 1647686.5916600655764341
221 15439469.1710364501923323 15439259.2910364493727684 1647896.4716600654646754 1647686.5916600655764341
222 53541479.1093085855245590 53541269.2293085828423500 1647896.4716600654646754 1647686.5916600655764341
223 18755281.5013221688568592 18755071.6213221698999405 1647896.4716600654646754 1647686.5916600655764341
224 18179541.7063209637999535 18179331.8263209648430347 1647896.4716600654646754 1647686.5916600655764341
225 8690596.1472745146602392 8690386.2672745138406754 1647896.4716600654646754 1647686.5916600655764341
226 8004773.0855134176090360 8004563.2055134177207947 1647896.4716600654646754 1647686.5916600655764341
227 13548154.7266555838286877 13547944.8466555830091238 1647896.4716600654646754 1647686.5916600655764341
228 33441377.0834856331348419 33441167.2034856341779232 1647896.4716600654646754 1647686.5916600655764341
229 51824600.5255263745784760 51824390.6455263718962669 1647896.4716600654646754 1647686.5916600655764341
230 21893112.4072443321347237 21892902.5272443331778049 1647896.4716600654646754 1647686.5916600655764341
231 26616365.2813534066081047 26616155.4013534076511860 1647896.4716600654646754 1647686.5916600655764341
232 14271942.3910174760967493 14271732.5110174752771854 1647896.4716600654646754 1647686.5916600655764341
233 16186960.7268181517720222 16186750.8468181509524584 1647896.4716600654646754 1647686.5916600655764341
234 8813889.0255560223013163 8813679.1455560214817524 1647896.4716600654646754 1647686.5916600655764341
235 48839283.6128468737006187 48839073.7328468710184097 1647896.4716600654646754 1647686.5916600655764341
236 17107475.0327246673405170 17107265.1527246683835983 1647896.4716600654646754 1647686.5916600655764341
237 8027273.6910117138177156 8027063.8110117139294744 1647896.4716600654646754 1647686.5916600655764341
238 16101997.8454157318919897 16101787.9654157310724258 1647896.4716600654646754 1647686.5916600655764341
239 27040343.7853619530797005 27040133.9053619541227818 1647896.4716600654646754 1647686.5916600655764341
240 8032770.5793560333549976 8032560.6993560334667563 1647896.4716600654646754 1647686.5916600655764341
241 47750897.3943607211112976 47750687.5143607184290886 1647896.4716600654646754 1647686.5916600655764341
242 16223445.7440938614308834 16223235.8640938606113195 1647896.4716600654646754 1647686.5916600655764341
243 27310762.1120844744145870 27310552.2320844754576683 1647896.4716600654646754 1647686.5916600655764341
244 6935253.2650331789627671 6935043.3850331790745258 1647896.4716600654646754 1647686.5916600655764341
245 6303290.1948276087641716 6303080.3148276088759303 1647896.4716600654646754 1647686.5916600655764341
246 19171852.3105702027678490 19171642.4305702038109303 1647896.4716600654646754 1647686.5916600655764341
247 10421380.9021395836025476 10421171.0221395827829838 1647896.4716600654646754 1647686.5916600655764341
248 19571842.9094234108924866 19571633.0294234119355679 1647896.4716600654646754 1647686.5916600655764341
249 23799079.4648067578673363 23798869.5848067589104176 1647896.4716600654646754 1647686.5916600655764341
250 16199212.8085721656680107 16199002.9285721648484468 1647896.4716600654646754 1647686.5916600655764341
251 35227556.2860347628593445 35227346.4060347601771355 1647896.4716600654646754 1647686.5916600655764341
252 20500602.0072679296135902 20500392.1272679306566715 1647896.4716600654646754 1647686.5916600655764341
253 7914684.2034280281513929 7914474.3234280282631516 1647896.4716600654646754 1647686.5916600655764341
254 15665160.9444989152252674 15664951.0644989144057035 1647896.4716600654646754 1647686.5916600655764341
255 30111127.2740238979458809 30110917.3940238989889622 1647896.4716600654646754 1647686.5916600655764341
256 12776392.2113442011177540 12776182.3313442002981901 1647896.4716600654646754 1647686.5916600655764341
257 8496960.6828400213271379 8496750.8028400205075741 1647896.4716600654646754 1647686.5916600655764341
258 8887812.5149945132434368 8887602.6349945124238729 1647896.4716600654646754 1647686.5916600655764341
259 5694585.7090828521177173 5694375.8290828522294760 1647896.4716600654646754 1647686.5916600655764341
260 46151501.5411782413721085 46151291.6611782386898994 1647896.4716600654646754 1647686.5916600655764341
261 18002466.8076965175569057 18002256.9276965185999870 1647896.4716600654646754 1647686.5916600655764341
262 27294763.6695404611527920 27294553.7895404621958733 1647896.4716600654646754 1647686.5916600655764341
263 6650659.4706026641651988 6650449.5906026642769575 1647896.4716600654646754 1647686.5916600655764341
264 33102057.3745466023683548 33101847.4945466034114361 1647896.4716600654646754 1647686.5916600655764341
265 16131575.9177464172244072 16131366.0377464164048433 1647896.4716600654646754 1647686.5916600655764341
266 32441865.4868061803281307 32441655.6068061813712120 1647896.4716600654646754 1647686.5916600655764341
267 11357961.3680409118533134 11357751.4880409110337496 1647896.4716600654646754 1647686.5916600655764341
268 11269660.0423424802720547 11269450.1623424794524908 1647896.4716600654646754 1647686.5916600655764341
269 12818115.3487644549459219 12817905.4687644541263580 1647896.4716600654646754 1647686.5916600655764341
270 34149541.5428210869431496 34149331.6628210842609406 1647896.4716600654646754 1647686.5916600655764341
271 7156981.0374696906656027 7156771.1574696907773614 1647896.4716600654646754 1647686.5916600655764341
272 9390815.6858551073819399 9390605.8058551065623760 1647896.4716600654646754 1647686.5916600655764341
273 12184337.6404349803924561 12184127.7604349795728922 1647896.4716600654646754 1647686.5916600655764341
274 9389669.8497389871627092 9389459.9697389863431454 1647896.4716600654646754 1647686.5916600655764341
275 5408320.6014708178117871 5408110.7214708179235458 1647896.4716600654646754 1647686.5916600655764341
276 11677626.6047158315777779 11677416.7247158307582140 1647896.4716600654646754 1647686.5916600655764341
277 8672433.7879155185073614 8672223.9079155176877975 1647896.4716600654646754 1647686.5916600655764341
278 10097929.5104848220944405 10097719.6304848212748766 1647896.4716600654646754 1647686.5916600655764341
279 42668694.9576111212372780 42668485.0776111185550690 1647896.4716600654646754 1647686.5916600655764341
280 32472286.6856424994766712 32472076.8056425005197525 1647896.4716600654646754 1647686.5916600655764341
281 16268550.6391856260597706 16268340.7591856252402067 1647896.4716600654646754 1647686.5916600655764341
282 45987547.2763643339276314 45987337.3963643312454224 1647896.4716600654646754 1647686.5916600655764341
283 10386582.8835488520562649 10386373.0035488512367010 1647896.4716600654646754 1647686.5916600655764341
284 48310399.8106887191534042 48310189.9306887164711952 1647896.4716600654646754 1647686.5916600655764341
285 41892610.1556352600455284 41892400.2756352573633194 1647896.4716600654646754 1647686.5916600655764341
286 7652773.9041339941322803 7652564.0241339942440391 1647896.4716600654646754 1647686.5916600655764341
287 4255581.6548094516620040 4255371.7748094517737627 1647896.4716600654646754 1647686.5916600655764341
288 16343065.4291694089770317 16342855.5491694081574678 1647896.4716600654646754 1647686.5916600655764341
289 13281889.4541241116821766 13281679.5741241108626127 1647896.4716600654646754 1647686.5916600655764341
290 46614222.3773697242140770 46614012.4973697215318680 1647896.4716600654646754 1647686.5916600655764341
291 8217885.2524986341595650 8217675.3724986342713237 1647896.4716600654646754 1647686.5916600655764341
292 38511611.8685906678438187 38511401.9885906651616096 1647896.4716600654646754 1647686.5916600655764341
293 42364217.9866394698619843 42364008.1066394671797752 1647896.4716600654646754 1647686.5916600655764341
294 28825424.8631933853030205 28825214.9831933863461018 1647896.4716600654646754 1647686.5916600655764341
295 36834110.1545025557279587 36833900.2745025530457497 1647896.4716600654646754 1647686.5916600655764341
296 8424486.1927233412861824 8424276.3127233404666185 1647896.4716600654646754 1647686.5916600655764341
297 11631170.6995294969528913 11630960.8195294961333275 1647896.4716600654646754 1647686.5916600655764341
298 18549064.4030619934201241 18548854.5230619944632053 1647896.4716600654646754 1647686.5916600655764341
299 12899132.7955412566661835 12898922.9155412558466196 1647896.4716600654646754 1647686.5916600655764341
300 40236119.1659182831645012 40235909.2859182804822922 1647896.4716600654646754 1647686.5916600655764341
301 10546612.4852814562618732 10546402.6052814554423094 1647896.4716600654646754 1647686.5916600655764341
302 20478845.6277987658977509 20478635.7477987669408321 1647896.4716600654646754 1647686.5916600655764341
303 8280077.3237891327589750 8279867.4437891328707337 1647896.4716600654646754 1647686.5916600655764341
304 4813072.8719009226188064 4812862.9919009227305651 1647896.4716600654646754 1647686.5916600655764341
305 18878752.9238626286387444 18878543.0438626296818256 1647896.4716600654646754 1647686.5916600655764341
306 35862776.1633298695087433 35862566.2833298668265343 1647896.4716600654646754 1647686.5916600655764341
307 14026163.6852021310478449 14025953.8052021302282810 1647896.4716600654646754 1647686.5916600655764341
308 14317605.5217638462781906 14317395.6417638454586267 1647896.4716600654646754 1647686.5916600655764341
309 43623309.5002069771289825 43623099.6202069744467735 1647896.4716600654646754 1647686.5916600655764341
310 11170688.4148167744278908 11170478.5348167736083269 1647896.4716600654646754 1647686.5916600655764341
311 5651426.5817812941968441 5651216.7017812943086028 1647896.4716600654646754 1647686.5916600655764341
312 33470663.5961961150169373 33470453.7161961160600185 1647896.4716600654646754 1647686.5916600655764341
313 25623646.7908203229308128 25623436.9108203239738941 1647896.4716600654646754 1647686.5916600655764341
314 15671984.7931686490774155 15671774.9131686482578516 1647896.4716600654646754 1647686.5916600655764341
315 20153509.3719066269695759 20153299.4919066280126572 1647896.4716600654646754 1647686.5916600655764341
316 57722146.6659395843744278 57721936.7859395816922188 1647896.4716600654646754 1647686.5916600655764341
317 26088987.2623748779296875 26088777.3823748789727688 1647896.4716600654646754 1647686.5916600655764341
318 17075621.0524970479309559 17075411.1724970489740372 1647896.4716600654646754 1647686.5916600655764341
319 7905493.4581889891996980 7905283.5781889893114567 1647896.4716600654646754 1647686.5916600655764341
320 15927901.2164808996021748 15927691.3364808987826109 1647896.4716600654646754 1647686.5916600655764341
321 10125232.8475282192230225 10125022.9675282184034586 1647896.4716600654646754 1647686.5916600655764341
322 5225943.3890835680067539 5225733.5090835681185126 1647896.4716600654646754 1647686.5916600655764341
323 25629396.2720588371157646 25629186.3920588381588459 1647896.4716600654646754 1647686.5916600655764341
324 42201625.7258529067039490 42201415.8458529040217400 1647896.4716600654646754 1647686.5916600655764341
325 34457408.4620549827814102 34457198.5820549800992012 1647896.4716600654646754 1647686.5916600655764341
326 19267073.0588632002472878 19266863.1788632012903690 1647896.4716600654646754 1647686.5916600655764341
327 19518660.2881729714572430 19518450.4081729725003242 1647896.4716600654646754 1647686.5916600655764341
328 4861545.0742755318060517 4861335.1942755319178104 1647896.4716600654646754 1647686.5916600655764341
329 6740490.0766627732664347 6740280.1966627733781934 1647896.4716600654646754 1647686.5916600655764341
330 11313163.8175176270306110 11312953.9375176262110472 1647896.4716600654646754 1647686.5916600655764341
331 13852008.2170001938939095 13851798.3370001930743456 1647896.4716600654646754 1647686.5916600655764341
332 9896291.6789836492389441 9896081.7989836484193802 1647896.4716600654646754 1647686.5916600655764341
333 25362386.6562626808881760 25362176.7762626819312572 1647896.4716600654646754 1647686.5916600655764341
334 6372720.8442346584051847 6372510.9642346585169435 1647896.4716600654646754 1647686.5916600655764341
335 5763488.9738861788064241 5763279.0938861789181828 1647896.4716600654646754 1647686.5916600655764341
336 47736398.4886920452117920 47736188.6086920425295830 1647896.4716600654646754 1647686.5916600655764341
337 25149934.4477149918675423 25149724.5677149929106236 1647896.4716600654646754 1647686.5916600655764341
338 33910325.6616134718060493 33910115.7816134691238403 1647896.4716600654646754 1647686.5916600655764341
339 11075652.9884287938475609 11075443.1084287930279970 1647896.4716600654646754 1647686.5916600655764341
340 39827286.9225669577717781 39827077.0425669550895691 1647896.4716600654646754 1647686.5916600655764341
341 13831627.8899212870746851 13831418.0099212862551212 1647896.4716600654646754 1647686.5916600655764341
342 21781668.4115339443087578 21781458.5315339453518391 1647896.4716600654646754 1647686.5916600655764341
343 39706395.5928455591201782 39706185.7128455564379692 1647896.4716600654646754 1647686.5916600655764341
344 23283206.5595145449042320 23282996.6795145459473133 1647896.4716600654646754 1647686.5916600655764341
345 18025000.2441312186419964 18024790.3641312196850777 1647896.4716600654646754 1647686.5916600655764341
346 11225731.3722798116505146 11225521.4922798108309507 1647896.4716600654646754 1647686.5916600655764341
347 14003779.4298938177525997 14003569.5498938169330359 1647896.4716600654646754 1647686.5916600655764341
348 16969960.5367031320929527 16969750.6567031331360340 1647896.4716600654646754 1647686.5916600655764341
349 8028986.7971223546192050 8028776.9171223547309637 1647896.4716600654646754 1647686.5916600655764341
350 44035559.0814626365900040 44035349.2014626339077950 1647896.4716600654646754 1647686.5916600655764341
351 28380805.6537990570068359 28380595.7737990580499172 1647896.4716600654646754 1647686.5916600655764341
352 57308543.8719716072082520 57308333.9919716045260429 1647896.4716600654646754 1647686.5916600655764341
353 14643319.1948851943016052 14643109.3148851934820414 1647896.4716600654646754 1647686.5916600655764341
354 35622897.1950272023677826 35622687.3150271996855736 1647896.4716600654646754 1647686.5916600655764341
355 9325162.5732725895941257 9324952.6932725887745619 1647896.4716600654646754 1647686.5916600655764341
356 6750534.1275212019681931 6750324.2475212020799518 1647896.4716600654646754 1647686.5916600655764341
357 3428774.5445573930628598 3428564.6645573931746185 1647896.4716600654646754 1647686.5916600655764341
358 22362156.6335335373878479 22361946.7535335384309292 1647896.4716600654646754 1647686.5916600655764341
359 22998528.3000714480876923 22998318.4200714491307735 1647896.4716600654646754 1647686.5916600655764341
360 18484170.9167671613395214 18483961.0367671623826027 1647896.4716600654646754 1647686.5916600655764341
361 22339445.3018769808113575 22339235.4218769818544388 1647896.4716600654646754 1647686.5916600655764341
362 13017171.0555834993720055 13016961.1755834985524416 1647896.4716600654646754 1647686.5916600655764341
363 13278134.4822308849543333 13277924.6022308841347694 1647896.4716600654646754 1647686.5916600655764341
364 15919626.9582505393773317 15919417.0782505385577679 1647896.4716600654646754 1647686.5916600655764341
365 4464357.5507995411753654 4464147.6707995412871242 1647896.4716600654646754 1647686.5916600655764341
366 47581657.4557501748204231 47581447.5757501721382141 1647896.4716600654646754 1647686.5916600655764341
367 15099051.5677933096885681 15098841.6877933088690042 1647896.4716600654646754 1647686.5916600655764341
368 29441591.7909590154886246 29441381.9109590165317059 1647896.4716600654646754 1647686.5916600655764341
369 14772463.9712036177515984 14772254.0912036169320345 1647896.4716600654646754 1647686.5916600655764341
370 10973414.7752848640084267 10973204.8952848631888628 1647896.4716600654646754 1647686.5916600655764341
371 6061702.2553124278783798 6061492.3753124279901385 1647896.4716600654646754 1647686.5916600655764341
372 13559521.1983268950134516 13559311.3183268941938877 1647896.4716600654646754 1647686.5916600655764341
373 10894991.8044582810252905 10894781.9244582802057266 1647896.4716600654646754 1647686.5916600655764341
374 8023541.5147198410704732 8023331.6347198411822319 1647896.4716600654646754 1647686.5916600655764341
375 5489655.0810330631211400 5489445.2010330632328987 1647896.4716600654646754 1647686.5916600655764341
376 14971886.5374133810400963 14971676.6574133802205324 1647896.4716600654646754 1647686.5916600655764341
377 26047667.8493814133107662 26047457.9693814143538475 1647896.4716600654646754 1647686.5916600655764341
378 7204150.2127980124205351 7203940.3327980125322938 1647896.4716600654646754 1647686.5916600655764341
379 14413189.7454700674861670 14412979.8654700666666031 1647896.4716600654646754 1647686.5916600655764341
380 46412931.3001295924186707 46412721.4201295897364616 1647896.4716600654646754 1647686.5916600655764341
381 14955622.9566557593643665 14955413.0766557585448027 1647896.4716600654646754 1647686.5916600655764341
382 34578407.3558857589960098 34578197.4758857563138008 1647896.4716600654646754 1647686.5916600655764341
383 7003323.4542582435533404 7003113.5742582436650991 1647896.4716600654646754 1647686.5916600655764341
384 51313790.8884354233741760 51313581.0084354206919670 1647896.4716600654646754 1647686.5916600655764341
385 22155785.1574277654290199 22155575.2774277664721012 1647896.4716600654646754 1647686.5916600655764341
386 15597385.1225779857486486 15597175.2425779849290848 1647896.4716600654646754 1647686.5916600655764341
387 13236298.6338454857468605 13236088.7538454849272966 1647896.4716600654646754 1647686.5916600655764341
388 33236009.5181875750422478 33235799.6381875760853291 1647896.4716600654646754 1647686.5916600655764341
389 7425980.3352712467312813 7425770.4552712468430400 1647896.4716600654646754 1647686.5916600655764341
390 47364833.3741064146161079 47364623.4941064119338989 1647896.4716600654646754 1647686.5916600655764341
391 10312227.8366339914500713 10312017.9566339906305075 1647896.4716600654646754 1647686.5916600655764341
392 25088680.8124735169112682 25088470.9324735179543495 1647896.4716600654646754 1647686.5916600655764341
393 30186094.8670135810971260 30185884.9870135821402073 1647896.4716600654646754 1647686.5916600655764341
394 4117116.1872302358970046 4116906.3072302360087633 1647896.4716600654646754 1647686.5916600655764341
395 16557646.7055125571787357 16557436.8255125563591719 1647896.4716600654646754 1647686.5916600655764341
396 16200763.9575182572007179 16200554.0775182563811541 1647896.4716600654646754 1647686.5916600655764341
397 20795212.1191511452198029 20795002.2391511462628841 1647896.4716600654646754 1647686.5916600655764341
398 14993283.9637422543019056 14993074.0837422534823418 1647896.4716600654646754 1647686.5916600655764341
399 17401573.9584221430122852 17401364.0784221440553665 1647896.4716600654646754 1647686.5916600655764341
400 41497793.3751321732997894 41497583.4951321706175804 1647896.4716600654646754 1647686.5916600655764341
401 21049568.1553233079612255 21049358.2753233090043068 1647896.4716600654646754 1647686.5916600655764341
402 8430511.9615837670862675 8430302.0815837662667036 1647896.4716600654646754 1647686.5916600655764341
403 7908374.8319323975592852 7908164.9519323976710439 1647896.4716600654646754 1647686.5916600655764341
404 14398488.7773234844207764 14398278.8973234836012125 1647896.4716600654646754 1647686.5916600655764341
405 14965374.7482408173382282 14965164.8682408165186644 1647896.4716600654646754 1647686.5916600655764341
406 33961836.6811779290437698 33961626.8011779263615608 1647896.4716600654646754 1647686.5916600655764341
407 7187940.4733270388096571 7187730.5933270389214158 1647896.4716600654646754 1647686.5916600655764341
408 39286988.5392323136329651 39286778.6592323109507561 1647896.4716600654646754 1647686.5916600655764341
409 22657269.1948046572506428 22657059.3148046582937241 1647896.4716600654646754 1647686.5916600655764341
410 6873190.8955408912152052 6872981.0155408913269639 1647896.4716600654646754 1647686.5916600655764341
411 40378856.1998899281024933 40378646.3198899254202843 1647896.4716600654646754 1647686.5916600655764341
412 25330159.9640217348933220 25329950.0840217359364033 1647896.4716600654646754 1647686.5916600655764341
413 61247626.2398273050785065 61247416.3598273023962975 1647896.4716600654646754 1647686.5916600655764341
414 13348462.6566011309623718 13348252.7766011301428080 1647896.4716600654646754 1647686.5916600655764341
415 19570333.0309391096234322 19570123.1509391106665134 1647896.4716600654646754 1647686.5916600655764341
416 14012873.1338404715061188 14012663.2538404706865549 1647896.4716600654646754 1647686.5916600655764341
417 12774811.7246667630970478 12774601.8446667622774839 1647896.4716600654646754 1647686.5916600655764341
418 16197119.1530494801700115 16196909.2730494793504477 1647896.4716600654646754 1647686.5916600655764341
419 8951422.0720598977059126 8951212.1920598968863487 1647896.4716600654646754 1647686.5916600655764341
420 6580830.5786009086295962 6580620.6986009087413549 1647896.4716600654646754 1647686.5916600655764341
421 14577592.5472792387008667 14577382.6672792378813028 1647896.4716600654646754 1647686.5916600655764341
422 7154035.8587508331984282 7153825.9787508333101869 1647896.4716600654646754 1647686.5916600655764341
423 24906977.8432580605149269 24906767.9632580615580082 1647896.4716600654646754 1647686.5916600655764341
424 8380057.7226535324007273 8379847.8426535325124860 1647896.4716600654646754 1647686.5916600655764341
425 14460349.3890867754817009 14460139.5090867746621370 1647896.4716600654646754 1647686.5916600655764341
426 9942665.9395923223346472 9942456.0595923215150833 1647896.4716600654646754 1647686.5916600655764341
427 60408332.4077465236186981 60408122.5277465209364891 1647896.4716600654646754 1647686.5916600655764341
428 16155003.2849617246538401 16154793.4049617238342762 1647896.4716600654646754 1647686.5916600655764341
429 20719041.8740390203893185 20718831.9940390214323997 1647896.4716600654646754 1647686.5916600655764341
430 8390870.4163091443479061 8390660.5363091435283422 1647896.4716600654646754 1647686.5916600655764341
431 28867563.9787219986319542 28867354.0987219996750355 1647896.4716600654646754 1647686.5916600655764341
432 7164800.8932075733318925 7164591.0132075734436512 1647896.4716600654646754 1647686.5916600655764341
433 10547754.3868697285652161 10547544.5068697277456522 1647896.4716600654646754 1647686.5916600655764341
434 66124071.0217617228627205 66123861.1417617201805115 1647896.4716600654646754 1647686.5916600655764341
435 40618394.7565031796693802 40618184.8765031769871712 1647896.4716600654646754 1647686.5916600655764341
436 2996759.4299559295177460 2996549.5499559296295047 1647896.4716600654646754 1647686.5916600655764341
437 33992179.1253023222088814 33991969.2453023195266724 1647896.4716600654646754 1647686.5916600655764341
438 15236274.0602580439299345 15236064.1802580431103706 1647896.4716600654646754 1647686.5916600655764341
439 21677116.0070305541157722 21676906.1270305551588535 1647896.4716600654646754 1647686.5916600655764341
440 10651824.2452552709728479 10651614.3652552701532841 1647896.4716600654646754 1647686.5916600655764341
441 23976618.7486613467335701 23976408.8686613477766514 1647896.4716600654646754 1647686.5916600655764341
442 11064329.0125262606889009 11064119.1325262598693371 1647896.4716600654646754 1647686.5916600655764341
443 9903012.4660034980624914 9902802.5860034972429276 1647896.4716600654646754 1647686.5916600655764341
444 14371737.3999731037765741 14371527.5199731029570103 1647896.4716600654646754 1647686.5916600655764341
445 48828891.9068464711308479 48828682.0268464684486389 1647896.4716600654646754 1647686.5916600655764341
446 11791590.4272149913012981 11791380.5472149904817343 1647896.4716600654646754 1647686.5916600655764341
447 14031700.8112497553229332 14031490.9312497545033693 1647896.4716600654646754 1647686.5916600655764341
448 52611481.4908446073532104 52611271.6108446046710014 1647896.4716600654646754 1647686.5916600655764341
449 17902693.4826693944633007 17902483.6026693955063820 1647896.4716600654646754 1647686.5916600655764341
450 12126387.6218818034976721 12126177.7418818026781082 1647896.4716600654646754 1647686.5916600655764341
451 6818298.2525258334353566 6818088.3725258335471153 1647896.4716600654646754 1647686.5916600655764341
452 3604661.4646197059191763 3604451.5846197060309350 1647896.4716600654646754 1647686.5916600655764341
453 19619558.8857774101197720 19619349.0057774111628532 1647896.4716600654646754 1647686.5916600655764341
454 41454521.2515276074409485 41454311.3715276047587395 1647896.4716600654646754 1647686.5916600655764341
455 7768007.7202015109360218 7767797.8402015110477805 1647896.4716600654646754 1647686.5916600655764341
456 9103206.9819370582699776 9102997.1019370574504137 1647896.4716600654646754 1647686.5916600655764341
457 5256570.4016891550272703 5256360.5216891551390290 1647896.4716600654646754 1647686.5916600655764341
458 12432856.6964303608983755 12432646.8164303600788116 1647896.4716600654646754 1647686.5916600655764341
459 28080441.1706848070025444 28080231.2906848080456257 1647896.4716600654646754 1647686.5916600655764341
460 31251499.7244723774492741 31251289.8444723784923553 1647896.4716600654646754 1647686.5916600655764341
461 46300821.4102780669927597 46300611.5302780643105507 1647896.4716600654646754 1647686.5916600655764341
462 39728925.2477693706750870 39728715.3677693679928780 1647896.4716600654646754 1647686.5916600655764341
463 27494770.6410127133131027 27494560.7610127143561840 1647896.4716600654646754 1647686.5916600655764341
464 13934929.2305564675480127 13934719.3505564667284489 1647896.4716600654646754 1647686.5916600655764341
465 28466165.4131597205996513 28465955.5331597216427326 1647896.4716600654646754 1647686.5916600655764341
466 29983473.1337948031723499 29983263.2537948042154312 1647896.4716600654646754 1647686.5916600655764341
467 9016977.9081538636237383 9016768.0281538628041744 1647896.4716600654646754 1647686.5916600655764341
468 64937132.6042089462280273 64936922.7242089435458183 1647896.4716600654646754 1647686.5916600655764341
469 12365113.2279055044054985 12364903.3479055035859346 1647896.4716600654646754 1647686.5916600655764341
470 18408487.4831794835627079 18408277.6031794846057892 1647896.4716600654646754 1647686.5916600655764341
471 41214676.0525653585791588 41214466.1725653558969498 1647896.4716600654646754 1647686.5916600655764341
472 24275227.7634980455040932 24275017.8834980465471745 1647896.4716600654646754 1647686.5916600655764341
473 8689491.9445921257138252 8689282.0645921248942614 1647896.4716600654646754 1647686.5916600655764341
474 4346752.1224951669573784 4346542.2424951670691371 1647896.4716600654646754 1647686.5916600655764341
475 5443642.6754430374130607 5443432.7954430375248194 1647896.4716600654646754 1647686.5916600655764341
476 8127922.9182863263413310 8127713.0382863264530897 1647896.4716600654646754 1647686.5916600655764341
477 20212427.0708752162754536 20212217.1908752173185349 1647896.4716600654646754 1647686.5916600655764341
478 6324954.9627628810703754 6324745.0827628811821342 1647896.4716600654646754 1647686.5916600655764341
479 6888865.6763155609369278 6888655.7963155610486865 1647896.4716600654646754 1647686.5916600655764341
480 11082212.3180653210729361 11082002.4380653202533722 1647896.4716600654646754 1647686.5916600655764341
481 5939975.1023185197263956 5939765.2223185198381543 1647896.4716600654646754 1647686.5916600655764341
482 27960582.1205220185220242 27960372.2405220195651054 1647896.4716600654646754 1647686.5916600655764341
483 17527316.7872979603707790 17527106.9072979614138603 1647896.4716600654646754 1647686.5916600655764341
484 11058955.8061107676476240 11058745.9261107668280602 1647896.4716600654646754 1647686.5916600655764341
485 8038612.9296360295265913 8038403.0496360296383500 1647896.4716600654646754 1647686.5916600655764341
486 26698738.3003206774592400 26698528.4203206785023212 1647896.4716600654646754 1647686.5916600655764341
487 16342061.3517812825739384 16341851.4717812817543745 1647896.4716600654646754 1647686.5916600655764341
488 5483792.6273021958768368 5483582.7473021959885955 1647896.4716600654646754 1647686.5916600655764341
489 23375502.8286741264164448 23375292.9486741274595261 1647896.4716600654646754 1647686.5916600655764341
490 7951892.1699015442281961 7951682.2899015443399549 1647896.4716600654646754 1647686.5916600655764341
491 6927461.6612182399258018 6927251.7812182400375605 1647896.4716600654646754 1647686.5916600655764341
492 32281070.5464592315256596 32280860.6664592325687408 1647896.4716600654646754 1647686.5916600655764341
493 32161786.0806199423968792 32161576.2006199434399605 1647896.4716600654646754 1647686.5916600655764341
494 9748023.5605985783040524 9747813.6805985774844885 1647896.4716600654646754 1647686.5916600655764341
495 31628452.6480759158730507 31628242.7680759169161320 1647896.4716600654646754 1647686.5916600655764341
496 18108719.8368476554751396 18108509.9568476565182209 1647896.4716600654646754 1647686.5916600655764341
497 3182141.7112387511879206 3181931.8312387512996793 1647896.4716600654646754 1647686.5916600655764341
498 71843119.0036443769931793 71842909.1236443817615509 1647896.4716600654646754 1647686.5916600655764341
499 18857080.7016423270106316 18856870.8216423280537128 1647896.4716600654646754 1647686.5916600655764341
500 16930617.2050204202532768 16930407.3250204212963581 1647896.4716600654646754 1647686.5916600655764341
