evaluations raw_y current_y raw_y_best current_y_best
1 65.4512233212006436 -934.5487766787994133 65.4512233212006436 -934.5487766787994133
2 21.9006019542725205 -978.0993980457275256 21.9006019542725205 -978.0993980457275256
3 77.8520816714867721 -922.1479183285132422 21.9006019542725205 -978.0993980457275256
4 10.2015379603826162 -989.7984620396173341 10.2015379603826162 -989.7984620396173341
5 37.3148907010281974 -962.6851092989718381 10.2015379603826162 -989.7984620396173341
6 36.7271717727944136 -963.2728282272055367 10.2015379603826162 -989.7984620396173341
7 37.7521240525343984 -962.2478759474655590 10.2015379603826162 -989.7984620396173341
8 22.6909099226705280 -977.3090900773295289 10.2015379603826162 -989.7984620396173341
9 12.3202686961174397 -987.6797313038825905 10.2015379603826162 -989.7984620396173341
10 10.9192804935089125 -989.0807195064910502 10.2015379603826162 -989.7984620396173341
11 8.0753389023150319 -991.9246610976849752 8.0753389023150319 -991.9246610976849752
12 40.9036479343627235 -959.0963520656372339 8.0753389023150319 -991.9246610976849752
13 57.1806414664503180 -942.8193585335496891 8.0753389023150319 -991.9246610976849752
14 10.9891098915362928 -989.0108901084637409 8.0753389023150319 -991.9246610976849752
15 0.8710093550846947 -999.1289906449153477 0.8710093550846947 -999.1289906449153477
16 16.7875529903621228 -983.2124470096379127 0.8710093550846947 -999.1289906449153477
17 0.9893085602511963 -999.0106914397488254 0.8710093550846947 -999.1289906449153477
18 1.6183580887426148 -998.3816419112573612 0.8710093550846947 -999.1289906449153477
19 12.4168622020282911 -987.5831377979717445 0.8710093550846947 -999.1289906449153477
20 58.9296336230732720 -941.0703663769266996 0.8710093550846947 -999.1289906449153477
21 59.6969692720178600 -940.3030307279821045 0.8710093550846947 -999.1289906449153477
22 1.0764914482876040 -998.9235085517124162 0.8710093550846947 -999.1289906449153477
23 65.0384901546257765 -934.9615098453741666 0.8710093550846947 -999.1289906449153477
24 59.3815306494801689 -940.6184693505198311 0.8710093550846947 -999.1289906449153477
25 2.6637482840421658 -997.3362517159578147 0.8710093550846947 -999.1289906449153477
26 4.0385037922029863 -995.9614962077970404 0.8710093550846947 -999.1289906449153477
27 6.4690755344129656 -993.5309244655870771 0.8710093550846947 -999.1289906449153477
28 49.3073389699529088 -950.6926610300471339 0.8710093550846947 -999.1289906449153477
29 3.0626272429384951 -996.9373727570615529 0.8710093550846947 -999.1289906449153477
30 23.3346332705508246 -976.6653667294491470 0.8710093550846947 -999.1289906449153477
31 7.8315119261549562 -992.1684880738450829 0.8710093550846947 -999.1289906449153477
32 4.4038754183012516 -995.5961245816987457 0.8710093550846947 -999.1289906449153477
33 18.2806039964830376 -981.7193960035169766 0.8710093550846947 -999.1289906449153477
34 2.4147119033989921 -997.5852880966010616 0.8710093550846947 -999.1289906449153477
35 8.8001317288454288 -991.1998682711546280 0.8710093550846947 -999.1289906449153477
36 10.5829348672170216 -989.4170651327830228 0.8710093550846947 -999.1289906449153477
37 10.3747104693978880 -989.6252895306021173 0.8710093550846947 -999.1289906449153477
38 38.4524807746556760 -961.5475192253443311 0.8710093550846947 -999.1289906449153477
39 48.0540786283704406 -951.9459213716295380 0.8710093550846947 -999.1289906449153477
40 60.2113065258314890 -939.7886934741685536 0.8710093550846947 -999.1289906449153477
41 1.9863015596971971 -998.0136984403028464 0.8710093550846947 -999.1289906449153477
42 1.4870628671386306 -998.5129371328613388 0.8710093550846947 -999.1289906449153477
43 1.2192087118005415 -998.7807912881994525 0.8710093550846947 -999.1289906449153477
44 0.8030654741407351 -999.1969345258593194 0.8030654741407351 -999.1969345258593194
45 6.3877331496461913 -993.6122668503537625 0.8030654741407351 -999.1969345258593194
46 2.0138590957181877 -997.9861409042817968 0.8030654741407351 -999.1969345258593194
47 23.6123101106261011 -976.3876898893738598 0.8030654741407351 -999.1969345258593194
48 16.1545457264533994 -983.8454542735465793 0.8030654741407351 -999.1969345258593194
49 0.0712573810595839 -999.9287426189404187 0.0712573810595839 -999.9287426189404187
50 17.7409679983427786 -982.2590320016572605 0.0712573810595839 -999.9287426189404187
51 28.6649376096740589 -971.3350623903259020 0.0712573810595839 -999.9287426189404187
52 44.0751823555101723 -955.9248176444898490 0.0712573810595839 -999.9287426189404187
53 0.0000894209856442 -999.9999105790143403 0.0000894209856442 -999.9999105790143403
54 2.6507196132030679 -997.3492803867969769 0.0000894209856442 -999.9999105790143403
55 52.0467084613091160 -947.9532915386909053 0.0000894209856442 -999.9999105790143403
56 0.1403323187518876 -999.8596676812480837 0.0000894209856442 -999.9999105790143403
57 47.6132093239485101 -952.3867906760515325 0.0000894209856442 -999.9999105790143403
58 9.7861938905932213 -990.2138061094067325 0.0000894209856442 -999.9999105790143403
59 8.2827545860495437 -991.7172454139504225 0.0000894209856442 -999.9999105790143403
60 53.1989483434115442 -946.8010516565884700 0.0000894209856442 -999.9999105790143403
61 29.9805864863374651 -970.0194135136625846 0.0000894209856442 -999.9999105790143403
62 7.5166620993893005 -992.4833379006106497 0.0000894209856442 -999.9999105790143403
63 15.8365249696860886 -984.1634750303138617 0.0000894209856442 -999.9999105790143403
64 5.8849716464380855 -994.1150283535619110 0.0000894209856442 -999.9999105790143403
65 11.0657093847208383 -988.9342906152791102 0.0000894209856442 -999.9999105790143403
66 2.1223787692437757 -997.8776212307561764 0.0000894209856442 -999.9999105790143403
67 24.1262092255408866 -975.8737907744591666 0.0000894209856442 -999.9999105790143403
68 19.7099594001096463 -980.2900405998904034 0.0000894209856442 -999.9999105790143403
69 17.1294996138327136 -982.8705003861672367 0.0000894209856442 -999.9999105790143403
70 4.5479103813493644 -995.4520896186506889 0.0000894209856442 -999.9999105790143403
71 67.5187737347332302 -932.4812262652667414 0.0000894209856442 -999.9999105790143403
72 13.3441622891974312 -986.6558377108025297 0.0000894209856442 -999.9999105790143403
73 27.4958346242468288 -972.5041653757531321 0.0000894209856442 -999.9999105790143403
74 9.3490910391902950 -990.6509089608097156 0.0000894209856442 -999.9999105790143403
75 0.1134182742124279 -999.8865817257875506 0.0000894209856442 -999.9999105790143403
76 2.0742880232202361 -997.9257119767797803 0.0000894209856442 -999.9999105790143403
77 0.3836118682339881 -999.6163881317660298 0.0000894209856442 -999.9999105790143403
78 20.6251521882535691 -979.3748478117464629 0.0000894209856442 -999.9999105790143403
79 51.4363098598166388 -948.5636901401833256 0.0000894209856442 -999.9999105790143403
80 0.0795295920157646 -999.9204704079842259 0.0000894209856442 -999.9999105790143403
81 0.0160402070183666 -999.9839597929816364 0.0000894209856442 -999.9999105790143403
82 5.7458424272398121 -994.2541575727601639 0.0000894209856442 -999.9999105790143403
83 2.1597775450520791 -997.8402224549479342 0.0000894209856442 -999.9999105790143403
84 9.3405105851391568 -990.6594894148609001 0.0000894209856442 -999.9999105790143403
85 8.4540750174067494 -991.5459249825933057 0.0000894209856442 -999.9999105790143403
86 2.4625518632981289 -997.5374481367018689 0.0000894209856442 -999.9999105790143403
87 9.7189878659902647 -990.2810121340097567 0.0000894209856442 -999.9999105790143403
88 49.9603345916909163 -950.0396654083091335 0.0000894209856442 -999.9999105790143403
89 0.0039447142554387 -999.9960552857445464 0.0000894209856442 -999.9999105790143403
90 0.0029986069739668 -999.9970013930260393 0.0000894209856442 -999.9999105790143403
91 48.2392693550081972 -951.7607306449917814 0.0000894209856442 -999.9999105790143403
92 29.0900317907043835 -970.9099682092955845 0.0000894209856442 -999.9999105790143403
93 17.5850279239713814 -982.4149720760285618 0.0000894209856442 -999.9999105790143403
94 71.0746959691962701 -928.9253040308037725 0.0000894209856442 -999.9999105790143403
95 23.3841815921406209 -976.6158184078593649 0.0000894209856442 -999.9999105790143403
96 1.9944019387356706 -998.0055980612643225 0.0000894209856442 -999.9999105790143403
97 69.2053777875265723 -930.7946222124734277 0.0000894209856442 -999.9999105790143403
98 72.1211671436997221 -927.8788328563002779 0.0000894209856442 -999.9999105790143403
99 83.1277003028193064 -916.8722996971806651 0.0000894209856442 -999.9999105790143403
100 0.0041629124358402 -999.9958370875641549 0.0000894209856442 -999.9999105790143403
