evaluations raw_y current_y raw_y_best current_y_best
1 5316808.3843730418011546 5316598.5043730419129133 5316808.3843730418011546 5316598.5043730419129133
2 14481025.0173908602446318 14480815.1373908594250679 5316808.3843730418011546 5316598.5043730419129133
3 21677425.4441729597747326 21677215.5641729608178139 5316808.3843730418011546 5316598.5043730419129133
4 65293286.8493276983499527 65293076.9693276956677437 5316808.3843730418011546 5316598.5043730419129133
5 17041255.6182473972439766 17041045.7382473982870579 5316808.3843730418011546 5316598.5043730419129133
6 19803155.1464919261634350 19802945.2664919272065163 5316808.3843730418011546 5316598.5043730419129133
7 58529057.7177308201789856 58528847.8377308174967766 5316808.3843730418011546 5316598.5043730419129133
8 20018247.5846276506781578 20018037.7046276517212391 5316808.3843730418011546 5316598.5043730419129133
9 14610125.8966684397310019 14609916.0166684389114380 5316808.3843730418011546 5316598.5043730419129133
10 17274050.8536857739090919 17273840.9736857749521732 5316808.3843730418011546 5316598.5043730419129133
11 10862991.2470277175307274 10862781.3670277167111635 5316808.3843730418011546 5316598.5043730419129133
12 12701501.8736810535192490 12701291.9936810526996851 5316808.3843730418011546 5316598.5043730419129133
13 7035365.8320435239002109 7035155.9520435240119696 5316808.3843730418011546 5316598.5043730419129133
14 7180400.2255156617611647 7180190.3455156618729234 5316808.3843730418011546 5316598.5043730419129133
15 6137580.2285905480384827 6137370.3485905481502414 5316808.3843730418011546 5316598.5043730419129133
16 6436158.6809800453484058 6435948.8009800454601645 5316808.3843730418011546 5316598.5043730419129133
17 12405347.3782095238566399 12405137.4982095230370760 5316808.3843730418011546 5316598.5043730419129133
18 12331752.5614851545542479 12331542.6814851537346840 5316808.3843730418011546 5316598.5043730419129133
19 6110715.5232884585857391 6110505.6432884586974978 5316808.3843730418011546 5316598.5043730419129133
20 6682845.0950902756303549 6682635.2150902757421136 5316808.3843730418011546 5316598.5043730419129133
21 6972629.9131178930401802 6972420.0331178931519389 5316808.3843730418011546 5316598.5043730419129133
22 7467080.3202957846224308 7466870.4402957847341895 5316808.3843730418011546 5316598.5043730419129133
23 8965751.3899066243320704 8965541.5099066235125065 5316808.3843730418011546 5316598.5043730419129133
24 7068892.4647527560591698 7068682.5847527561709285 5316808.3843730418011546 5316598.5043730419129133
25 10677801.2586919702589512 10677591.3786919694393873 5316808.3843730418011546 5316598.5043730419129133
26 9174883.6597127038985491 9174673.7797127030789852 5316808.3843730418011546 5316598.5043730419129133
27 12065951.6625211723148823 12065741.7825211714953184 5316808.3843730418011546 5316598.5043730419129133
28 8014721.1850703004747629 8014511.3050703005865216 5316808.3843730418011546 5316598.5043730419129133
29 13367513.1013566628098488 13367303.2213566619902849 5316808.3843730418011546 5316598.5043730419129133
30 6213519.7312327446416020 6213309.8512327447533607 5316808.3843730418011546 5316598.5043730419129133
31 13345280.8170593660324812 13345070.9370593652129173 5316808.3843730418011546 5316598.5043730419129133
32 9304423.4255194775760174 9304213.5455194767564535 5316808.3843730418011546 5316598.5043730419129133
33 6497500.3217894248664379 6497290.4417894249781966 5316808.3843730418011546 5316598.5043730419129133
34 7449761.5498851528391242 7449551.6698851529508829 5316808.3843730418011546 5316598.5043730419129133
35 15773232.6620343364775181 15773022.7820343356579542 5316808.3843730418011546 5316598.5043730419129133
36 16959054.5677955299615860 16958844.6877955310046673 5316808.3843730418011546 5316598.5043730419129133
37 11813907.8753629419952631 11813697.9953629411756992 5316808.3843730418011546 5316598.5043730419129133
38 6485233.5950334249064326 6485023.7150334250181913 5316808.3843730418011546 5316598.5043730419129133
39 6320741.5048047425225377 6320531.6248047426342964 5316808.3843730418011546 5316598.5043730419129133
40 6681435.8180380268022418 6681225.9380380269140005 5316808.3843730418011546 5316598.5043730419129133
41 8178599.4555547144263983 8178389.5755547145381570 5316808.3843730418011546 5316598.5043730419129133
42 10766123.4991870522499084 10765913.6191870514303446 5316808.3843730418011546 5316598.5043730419129133
43 7580693.7177213551476598 7580483.8377213552594185 5316808.3843730418011546 5316598.5043730419129133
44 8276280.5186987891793251 8276070.6386987892910838 5316808.3843730418011546 5316598.5043730419129133
45 7180893.9092459427192807 7180684.0292459428310394 5316808.3843730418011546 5316598.5043730419129133
46 9801570.0977465547621250 9801360.2177465539425611 5316808.3843730418011546 5316598.5043730419129133
47 5980443.2906221225857735 5980233.4106221226975322 5316808.3843730418011546 5316598.5043730419129133
48 11918708.5642430540174246 11918498.6842430531978607 5316808.3843730418011546 5316598.5043730419129133
49 6724696.0128023326396942 6724486.1328023327514529 5316808.3843730418011546 5316598.5043730419129133
50 6737165.4654885167255998 6736955.5854885168373585 5316808.3843730418011546 5316598.5043730419129133
51 13280820.5351540241390467 13280610.6551540233194828 5316808.3843730418011546 5316598.5043730419129133
52 13958029.9488326311111450 13957820.0688326302915812 5316808.3843730418011546 5316598.5043730419129133
53 6482346.7414737064391375 6482136.8614737065508962 5316808.3843730418011546 5316598.5043730419129133
54 17071997.3369075767695904 17071787.4569075778126717 5316808.3843730418011546 5316598.5043730419129133
55 15021940.6218696460127831 15021730.7418696451932192 5316808.3843730418011546 5316598.5043730419129133
56 15826368.3859947361052036 15826158.5059947352856398 5316808.3843730418011546 5316598.5043730419129133
57 12527975.7236426100134850 12527765.8436426091939211 5316808.3843730418011546 5316598.5043730419129133
58 6841993.7800431568175554 6841783.9000431569293141 5316808.3843730418011546 5316598.5043730419129133
59 6267581.8309129457920790 6267371.9509129459038377 5316808.3843730418011546 5316598.5043730419129133
60 9966397.3214797489345074 9966187.4414797481149435 5316808.3843730418011546 5316598.5043730419129133
61 13891657.7017440162599087 13891447.8217440154403448 5316808.3843730418011546 5316598.5043730419129133
62 7540227.0282719340175390 7540017.1482719341292977 5316808.3843730418011546 5316598.5043730419129133
63 11222445.5163341108709574 11222235.6363341100513935 5316808.3843730418011546 5316598.5043730419129133
64 6127421.0925449039787054 6127211.2125449040904641 5316808.3843730418011546 5316598.5043730419129133
65 13590247.2948201969265938 13590037.4148201961070299 5316808.3843730418011546 5316598.5043730419129133
66 7209520.8432727856561542 7209310.9632727857679129 5316808.3843730418011546 5316598.5043730419129133
67 14933920.6787937525659800 14933710.7987937517464161 5316808.3843730418011546 5316598.5043730419129133
68 6544645.7002018289640546 6544435.8202018290758133 5316808.3843730418011546 5316598.5043730419129133
69 8620927.0816680621355772 8620717.2016680613160133 5316808.3843730418011546 5316598.5043730419129133
70 8285933.7810344593599439 8285723.9010344594717026 5316808.3843730418011546 5316598.5043730419129133
71 7860511.5343692414462566 7860301.6543692415580153 5316808.3843730418011546 5316598.5043730419129133
72 7027955.2529061986133456 7027745.3729061987251043 5316808.3843730418011546 5316598.5043730419129133
73 7228267.7283502221107483 7228057.8483502222225070 5316808.3843730418011546 5316598.5043730419129133
74 8962164.5911965891718864 8961954.7111965883523226 5316808.3843730418011546 5316598.5043730419129133
75 10128641.2716223094612360 10128431.3916223086416721 5316808.3843730418011546 5316598.5043730419129133
76 17782302.1982007510960102 17782092.3182007521390915 5316808.3843730418011546 5316598.5043730419129133
77 17316739.2162964940071106 17316529.3362964950501919 5316808.3843730418011546 5316598.5043730419129133
78 11426126.2868600878864527 11425916.4068600870668888 5316808.3843730418011546 5316598.5043730419129133
79 6096404.4303383883088827 6096194.5503383884206414 5316808.3843730418011546 5316598.5043730419129133
80 7898453.1778389625251293 7898243.2978389626368880 5316808.3843730418011546 5316598.5043730419129133
81 12764195.4318073876202106 12763985.5518073868006468 5316808.3843730418011546 5316598.5043730419129133
82 6418855.8135786382481456 6418645.9335786383599043 5316808.3843730418011546 5316598.5043730419129133
83 8075328.5182962967082858 8075118.6382962968200445 5316808.3843730418011546 5316598.5043730419129133
84 7528382.6236896393820643 7528172.7436896394938231 5316808.3843730418011546 5316598.5043730419129133
85 9330022.6952407285571098 9329812.8152407277375460 5316808.3843730418011546 5316598.5043730419129133
86 7058241.5110262408852577 7058031.6310262409970164 5316808.3843730418011546 5316598.5043730419129133
87 7560461.0384900756180286 7560251.1584900757297873 5316808.3843730418011546 5316598.5043730419129133
88 12545691.5630631614476442 12545481.6830631606280804 5316808.3843730418011546 5316598.5043730419129133
89 6333954.6706705028191209 6333744.7906705029308796 5316808.3843730418011546 5316598.5043730419129133
90 7076489.2868620492517948 7076279.4068620493635535 5316808.3843730418011546 5316598.5043730419129133
91 10449841.1246145144104958 10449631.2446145135909319 5316808.3843730418011546 5316598.5043730419129133
92 9815694.4806693866848946 9815484.6006693858653307 5316808.3843730418011546 5316598.5043730419129133
93 17170487.3270266801118851 17170277.4470266811549664 5316808.3843730418011546 5316598.5043730419129133
94 12793455.7877446617931128 12793245.9077446609735489 5316808.3843730418011546 5316598.5043730419129133
95 7560822.8472124999389052 7560612.9672125000506639 5316808.3843730418011546 5316598.5043730419129133
96 6835688.4681706102564931 6835478.5881706103682518 5316808.3843730418011546 5316598.5043730419129133
97 6177434.8315843949094415 6177224.9515843950212002 5316808.3843730418011546 5316598.5043730419129133
98 7214677.7472784537822008 7214467.8672784538939595 5316808.3843730418011546 5316598.5043730419129133
99 6446526.8727335315197706 6446316.9927335316315293 5316808.3843730418011546 5316598.5043730419129133
100 16504075.0024696793407202 16503865.1224696785211563 5316808.3843730418011546 5316598.5043730419129133
101 6652191.0829715589061379 6651981.2029715590178967 5316808.3843730418011546 5316598.5043730419129133
102 11172063.5849760845303535 11171853.7049760837107897 5316808.3843730418011546 5316598.5043730419129133
103 15600332.0078570954501629 15600122.1278570946305990 5316808.3843730418011546 5316598.5043730419129133
104 6208044.2189012570306659 6207834.3389012571424246 5316808.3843730418011546 5316598.5043730419129133
105 6813764.3205335233360529 6813554.4405335234478116 5316808.3843730418011546 5316598.5043730419129133
106 7649622.9536572061479092 7649413.0736572062596679 5316808.3843730418011546 5316598.5043730419129133
107 7481811.5714172273874283 7481601.6914172274991870 5316808.3843730418011546 5316598.5043730419129133
108 7649061.9584239386022091 7648852.0784239387139678 5316808.3843730418011546 5316598.5043730419129133
109 8136043.7656571101397276 8135833.8856571102514863 5316808.3843730418011546 5316598.5043730419129133
110 14466569.5354853514581919 14466359.6554853506386280 5316808.3843730418011546 5316598.5043730419129133
111 6705253.6362544996663928 6705043.7562544997781515 5316808.3843730418011546 5316598.5043730419129133
112 10113206.2200005743652582 10112996.3400005735456944 5316808.3843730418011546 5316598.5043730419129133
113 7047813.9703488778322935 7047604.0903488779440522 5316808.3843730418011546 5316598.5043730419129133
114 10262986.8192164003849030 10262776.9392163995653391 5316808.3843730418011546 5316598.5043730419129133
115 7579080.1223729308694601 7578870.2423729309812188 5316808.3843730418011546 5316598.5043730419129133
116 11745086.2647283673286438 11744876.3847283665090799 5316808.3843730418011546 5316598.5043730419129133
117 12483346.2228406518697739 12483136.3428406510502100 5316808.3843730418011546 5316598.5043730419129133
118 7768223.4565340466797352 7768013.5765340467914939 5316808.3843730418011546 5316598.5043730419129133
119 8643922.3290739152580500 8643712.4490739144384861 5316808.3843730418011546 5316598.5043730419129133
120 14290677.6138723585754633 14290467.7338723577558994 5316808.3843730418011546 5316598.5043730419129133
121 6392958.9820960229262710 6392749.1020960230380297 5316808.3843730418011546 5316598.5043730419129133
122 8282032.7462543630972505 8281822.8662543632090092 5316808.3843730418011546 5316598.5043730419129133
123 15163993.2335725799202919 15163783.3535725791007280 5316808.3843730418011546 5316598.5043730419129133
124 7219577.6059528924524784 7219367.7259528925642371 5316808.3843730418011546 5316598.5043730419129133
125 7948982.2608263771981001 7948772.3808263773098588 5316808.3843730418011546 5316598.5043730419129133
126 9716169.4657061472535133 9715959.5857061464339495 5316808.3843730418011546 5316598.5043730419129133
127 8354529.0456123854964972 8354319.1656123856082559 5316808.3843730418011546 5316598.5043730419129133
128 10342058.8639673795551062 10341848.9839673787355423 5316808.3843730418011546 5316598.5043730419129133
129 9241830.6766256969422102 9241620.7966256961226463 5316808.3843730418011546 5316598.5043730419129133
130 11596707.2028980143368244 11596497.3228980135172606 5316808.3843730418011546 5316598.5043730419129133
131 17211522.9181217551231384 17211313.0381217561662197 5316808.3843730418011546 5316598.5043730419129133
132 7526993.9973779013380408 7526784.1173779014497995 5316808.3843730418011546 5316598.5043730419129133
133 7997450.5253460146486759 7997240.6453460147604346 5316808.3843730418011546 5316598.5043730419129133
134 12302691.5515850037336349 12302481.6715850029140711 5316808.3843730418011546 5316598.5043730419129133
135 13749166.6045322827994823 13748956.7245322819799185 5316808.3843730418011546 5316598.5043730419129133
136 8542627.4992310255765915 8542417.6192310247570276 5316808.3843730418011546 5316598.5043730419129133
137 7175534.7709819525480270 7175324.8909819526597857 5316808.3843730418011546 5316598.5043730419129133
138 9600236.6987109482288361 9600026.8187109474092722 5316808.3843730418011546 5316598.5043730419129133
139 6531612.4585743136703968 6531402.5785743137821555 5316808.3843730418011546 5316598.5043730419129133
140 9599050.4830603748559952 9598840.6030603740364313 5316808.3843730418011546 5316598.5043730419129133
141 11841175.2028603106737137 11840965.3228603098541498 5316808.3843730418011546 5316598.5043730419129133
142 12136714.9774097315967083 12136505.0974097307771444 5316808.3843730418011546 5316598.5043730419129133
143 6913184.9848240548744798 6912975.1048240549862385 5316808.3843730418011546 5316598.5043730419129133
144 7146283.3911610394716263 7146073.5111610395833850 5316808.3843730418011546 5316598.5043730419129133
145 7156351.9635372841730714 7156142.0835372842848301 5316808.3843730418011546 5316598.5043730419129133
146 10982702.5972707271575928 10982492.7172707263380289 5316808.3843730418011546 5316598.5043730419129133
147 7465788.4852888137102127 7465578.6052888138219714 5316808.3843730418011546 5316598.5043730419129133
148 14831827.1188476942479610 14831617.2388476934283972 5316808.3843730418011546 5316598.5043730419129133
149 6505814.1383341113105416 6505604.2583341114223003 5316808.3843730418011546 5316598.5043730419129133
150 6985810.6392931817099452 6985600.7592931818217039 5316808.3843730418011546 5316598.5043730419129133
151 9843349.5419764146208763 9843139.6619764138013124 5316808.3843730418011546 5316598.5043730419129133
152 12951030.8237674534320831 12950820.9437674526125193 5316808.3843730418011546 5316598.5043730419129133
153 10597881.7329164035618305 10597671.8529164027422667 5316808.3843730418011546 5316598.5043730419129133
154 12395612.1814612299203873 12395402.3014612291008234 5316808.3843730418011546 5316598.5043730419129133
155 6342855.7788932882249355 6342645.8988932883366942 5316808.3843730418011546 5316598.5043730419129133
156 8072456.6214310973882675 8072246.7414310975000262 5316808.3843730418011546 5316598.5043730419129133
157 8688706.3953878730535507 8688496.5153878722339869 5316808.3843730418011546 5316598.5043730419129133
158 12852589.2965908925980330 12852379.4165908917784691 5316808.3843730418011546 5316598.5043730419129133
159 7199162.6968598831444979 7198952.8168598832562566 5316808.3843730418011546 5316598.5043730419129133
160 18837352.2121835537254810 18837142.3321835547685623 5316808.3843730418011546 5316598.5043730419129133
161 8529420.0446764267981052 8529210.1646764259785414 5316808.3843730418011546 5316598.5043730419129133
162 8074371.5454425625503063 8074161.6654425626620650 5316808.3843730418011546 5316598.5043730419129133
163 14324725.3968209382146597 14324515.5168209373950958 5316808.3843730418011546 5316598.5043730419129133
164 6932210.4304183972999454 6932000.5504183974117041 5316808.3843730418011546 5316598.5043730419129133
165 6658950.5019503068178892 6658740.6219503069296479 5316808.3843730418011546 5316598.5043730419129133
166 6914397.6727383444085717 6914187.7927383445203304 5316808.3843730418011546 5316598.5043730419129133
167 8274654.6664982708171010 8274444.7864982709288597 5316808.3843730418011546 5316598.5043730419129133
168 8400143.5102333612740040 8399933.6302333604544401 5316808.3843730418011546 5316598.5043730419129133
169 15249146.1551803108304739 15248936.2751803100109100 5316808.3843730418011546 5316598.5043730419129133
170 11250592.2573643960058689 11250382.3773643951863050 5316808.3843730418011546 5316598.5043730419129133
171 15947672.0289531350135803 15947462.1489531341940165 5316808.3843730418011546 5316598.5043730419129133
172 17806883.6562649123370647 17806673.7762649133801460 5316808.3843730418011546 5316598.5043730419129133
173 7334162.1957607530057430 7333952.3157607531175017 5316808.3843730418011546 5316598.5043730419129133
174 6285547.6097689010202885 6285337.7297689011320472 5316808.3843730418011546 5316598.5043730419129133
175 6294103.2210308425128460 6293893.3410308426246047 5316808.3843730418011546 5316598.5043730419129133
176 9080315.2533758506178856 9080105.3733758497983217 5316808.3843730418011546 5316598.5043730419129133
177 8588756.6782052963972092 8588546.7982052955776453 5316808.3843730418011546 5316598.5043730419129133
178 13118377.5364482365548611 13118167.6564482357352972 5316808.3843730418011546 5316598.5043730419129133
179 6133930.5248108515515924 6133720.6448108516633511 5316808.3843730418011546 5316598.5043730419129133
180 6525313.2123795989900827 6525103.3323795991018414 5316808.3843730418011546 5316598.5043730419129133
181 6765989.3092750655487180 6765779.4292750656604767 5316808.3843730418011546 5316598.5043730419129133
182 9301890.4228344801813364 9301680.5428344793617725 5316808.3843730418011546 5316598.5043730419129133
183 9249442.4570431187748909 9249232.5770431179553270 5316808.3843730418011546 5316598.5043730419129133
184 8962696.0973404105752707 8962486.2173404097557068 5316808.3843730418011546 5316598.5043730419129133
185 14165677.9618969485163689 14165468.0818969476968050 5316808.3843730418011546 5316598.5043730419129133
186 14696312.2048704847693443 14696102.3248704839497805 5316808.3843730418011546 5316598.5043730419129133
187 8536084.2238085493445396 8535874.3438085485249758 5316808.3843730418011546 5316598.5043730419129133
188 7780316.7437342144548893 7780106.8637342145666480 5316808.3843730418011546 5316598.5043730419129133
189 10957046.8764229230582714 10956836.9964229222387075 5316808.3843730418011546 5316598.5043730419129133
190 7905954.8664557598531246 7905744.9864557599648833 5316808.3843730418011546 5316598.5043730419129133
191 17300875.1874974183738232 17300665.3074974194169044 5316808.3843730418011546 5316598.5043730419129133
192 11445085.1283183358609676 11444875.2483183350414038 5316808.3843730418011546 5316598.5043730419129133
193 6797796.7368660327047110 6797586.8568660328164697 5316808.3843730418011546 5316598.5043730419129133
194 6982846.2395629929378629 6982636.3595629930496216 5316808.3843730418011546 5316598.5043730419129133
195 6592132.6783358799293637 6591922.7983358800411224 5316808.3843730418011546 5316598.5043730419129133
196 9629653.5545368809252977 9629443.6745368801057339 5316808.3843730418011546 5316598.5043730419129133
197 7244250.8809821698814631 7244041.0009821699932218 5316808.3843730418011546 5316598.5043730419129133
198 9152969.7564725931733847 9152759.8764725923538208 5316808.3843730418011546 5316598.5043730419129133
199 10413315.0974972210824490 10413105.2174972202628851 5316808.3843730418011546 5316598.5043730419129133
200 7512531.2475006468594074 7512321.3675006469711661 5316808.3843730418011546 5316598.5043730419129133
201 12233855.7864472158253193 12233645.9064472150057554 5316808.3843730418011546 5316598.5043730419129133
202 16019899.3896599132567644 16019689.5096599124372005 5316808.3843730418011546 5316598.5043730419129133
203 11395265.6731966193765402 11395055.7931966185569763 5316808.3843730418011546 5316598.5043730419129133
204 7289524.1592211518436670 7289314.2792211519554257 5316808.3843730418011546 5316598.5043730419129133
205 7488732.0344561478123069 7488522.1544561479240656 5316808.3843730418011546 5316598.5043730419129133
206 7380571.3178818924352527 7380361.4378818925470114 5316808.3843730418011546 5316598.5043730419129133
207 13421105.4136504270136356 13420895.5336504261940718 5316808.3843730418011546 5316598.5043730419129133
208 8666375.8523332737386227 8666165.9723332729190588 5316808.3843730418011546 5316598.5043730419129133
209 8709103.8344823978841305 8708893.9544823970645666 5316808.3843730418011546 5316598.5043730419129133
210 6938328.6894113980233669 6938118.8094113981351256 5316808.3843730418011546 5316598.5043730419129133
211 6486002.9357746895402670 6485793.0557746896520257 5316808.3843730418011546 5316598.5043730419129133
212 8458473.5686774738132954 8458263.6886774729937315 5316808.3843730418011546 5316598.5043730419129133
213 10661429.6581274997442961 10661219.7781274989247322 5316808.3843730418011546 5316598.5043730419129133
214 14954135.1974061429500580 14953925.3174061421304941 5316808.3843730418011546 5316598.5043730419129133
215 12971571.1368871293962002 12971361.2568871285766363 5316808.3843730418011546 5316598.5043730419129133
216 9843712.0330803897231817 9843502.1530803889036179 5316808.3843730418011546 5316598.5043730419129133
217 8942412.7819978445768356 8942202.9019978437572718 5316808.3843730418011546 5316598.5043730419129133
218 6350644.7474574632942677 6350434.8674574634060264 5316808.3843730418011546 5316598.5043730419129133
219 11281644.4056558161973953 11281434.5256558153778315 5316808.3843730418011546 5316598.5043730419129133
220 8528978.4844848494976759 8528768.6044848486781120 5316808.3843730418011546 5316598.5043730419129133
221 6839353.8407801128923893 6839143.9607801130041480 5316808.3843730418011546 5316598.5043730419129133
222 7832170.1087966542690992 7831960.2287966543808579 5316808.3843730418011546 5316598.5043730419129133
223 10258513.6755181513726711 10258303.7955181505531073 5316808.3843730418011546 5316598.5043730419129133
224 6762732.8851269967854023 6762523.0051269968971610 5316808.3843730418011546 5316598.5043730419129133
225 6559731.7083442164584994 6559521.8283442165702581 5316808.3843730418011546 5316598.5043730419129133
226 12789900.4694090895354748 12789690.5894090887159109 5316808.3843730418011546 5316598.5043730419129133
227 11881906.3354155942797661 11881696.4554155934602022 5316808.3843730418011546 5316598.5043730419129133
228 7260639.5998621489852667 7260429.7198621490970254 5316808.3843730418011546 5316598.5043730419129133
229 10341413.8002329654991627 10341203.9202329646795988 5316808.3843730418011546 5316598.5043730419129133
230 6373190.1135012414306402 6372980.2335012415423989 5316808.3843730418011546 5316598.5043730419129133
231 7151791.2803319990634918 7151581.4003319991752505 5316808.3843730418011546 5316598.5043730419129133
232 8787818.5837091542780399 8787608.7037091534584761 5316808.3843730418011546 5316598.5043730419129133
233 7374187.8871535705402493 7373978.0071535706520081 5316808.3843730418011546 5316598.5043730419129133
234 7009218.0778831560164690 7009008.1978831561282277 5316808.3843730418011546 5316598.5043730419129133
235 16850419.9571664854884148 16850210.0771664865314960 5316808.3843730418011546 5316598.5043730419129133
236 16737674.2606236636638641 16737464.3806236628443003 5316808.3843730418011546 5316598.5043730419129133
237 14756138.4752092231065035 14755928.5952092222869396 5316808.3843730418011546 5316598.5043730419129133
238 8623964.3737487830221653 8623754.4937487822026014 5316808.3843730418011546 5316598.5043730419129133
239 9239262.8032756187021732 9239052.9232756178826094 5316808.3843730418011546 5316598.5043730419129133
240 9711935.6824109144508839 9711725.8024109136313200 5316808.3843730418011546 5316598.5043730419129133
241 17744595.0083576180040836 17744385.1283576190471649 5316808.3843730418011546 5316598.5043730419129133
242 8401489.4176421090960503 8401279.5376421082764864 5316808.3843730418011546 5316598.5043730419129133
243 7155604.1249980051070452 7155394.2449980052188039 5316808.3843730418011546 5316598.5043730419129133
244 6719649.3643030449748039 6719439.4843030450865626 5316808.3843730418011546 5316598.5043730419129133
245 6694547.4773299144580960 6694337.5973299145698547 5316808.3843730418011546 5316598.5043730419129133
246 7569295.3092271825298667 7569085.4292271826416254 5316808.3843730418011546 5316598.5043730419129133
247 17565745.5748637467622757 17565535.6948637478053570 5316808.3843730418011546 5316598.5043730419129133
248 7793246.7083278205245733 7793036.8283278206363320 5316808.3843730418011546 5316598.5043730419129133
249 11508518.7995057441294193 11508308.9195057433098555 5316808.3843730418011546 5316598.5043730419129133
250 10847472.6321837007999420 10847262.7521836999803782 5316808.3843730418011546 5316598.5043730419129133
251 11573970.8202719800174236 11573760.9402719791978598 5316808.3843730418011546 5316598.5043730419129133
252 13867087.4599859789013863 13866877.5799859780818224 5316808.3843730418011546 5316598.5043730419129133
253 8962801.1695326417684555 8962591.2895326409488916 5316808.3843730418011546 5316598.5043730419129133
254 7935372.2405338361859322 7935162.3605338362976909 5316808.3843730418011546 5316598.5043730419129133
255 9346514.3159473501145840 9346304.4359473492950201 5316808.3843730418011546 5316598.5043730419129133
256 9195222.3065179586410522 9195012.4265179578214884 5316808.3843730418011546 5316598.5043730419129133
257 11439094.3586514312773943 11438884.4786514304578304 5316808.3843730418011546 5316598.5043730419129133
258 13476898.2390422280877829 13476688.3590422272682190 5316808.3843730418011546 5316598.5043730419129133
259 13364145.3178741857409477 13363935.4378741849213839 5316808.3843730418011546 5316598.5043730419129133
260 6743868.0951698226854205 6743658.2151698227971792 5316808.3843730418011546 5316598.5043730419129133
261 7010991.1103578414767981 7010781.2303578415885568 5316808.3843730418011546 5316598.5043730419129133
262 14163529.2218443695455790 14163319.3418443687260151 5316808.3843730418011546 5316598.5043730419129133
263 7104027.0012762602418661 7103817.1212762603536248 5316808.3843730418011546 5316598.5043730419129133
264 7802271.3589731100946665 7802061.4789731102064252 5316808.3843730418011546 5316598.5043730419129133
265 7501460.7747915666550398 7501250.8947915667667985 5316808.3843730418011546 5316598.5043730419129133
266 8281294.5141520779579878 8281084.6341520780697465 5316808.3843730418011546 5316598.5043730419129133
267 6634160.6163074979558587 6633950.7363074980676174 5316808.3843730418011546 5316598.5043730419129133
268 13802561.9563060887157917 13802352.0763060878962278 5316808.3843730418011546 5316598.5043730419129133
269 6260188.5087182698771358 6259978.6287182699888945 5316808.3843730418011546 5316598.5043730419129133
270 6763476.0014195488765836 6763266.1214195489883423 5316808.3843730418011546 5316598.5043730419129133
271 8416295.6041851639747620 8416085.7241851631551981 5316808.3843730418011546 5316598.5043730419129133
272 15033322.1432066783308983 15033112.2632066775113344 5316808.3843730418011546 5316598.5043730419129133
273 6970679.0464121447876096 6970469.1664121448993683 5316808.3843730418011546 5316598.5043730419129133
274 9963269.0372012108564377 9963059.1572012100368738 5316808.3843730418011546 5316598.5043730419129133
275 6609267.2336628632619977 6609057.3536628633737564 5316808.3843730418011546 5316598.5043730419129133
276 12318626.1872363574802876 12318416.3072363566607237 5316808.3843730418011546 5316598.5043730419129133
277 6445201.6607423210516572 6444991.7807423211634159 5316808.3843730418011546 5316598.5043730419129133
278 6675874.5211405148729682 6675664.6411405149847269 5316808.3843730418011546 5316598.5043730419129133
279 6808178.1952169435098767 6807968.3152169436216354 5316808.3843730418011546 5316598.5043730419129133
280 7974624.9054159596562386 7974415.0254159597679973 5316808.3843730418011546 5316598.5043730419129133
281 6571646.1741922032088041 6571436.2941922033205628 5316808.3843730418011546 5316598.5043730419129133
282 7740503.8697955282405019 7740293.9897955283522606 5316808.3843730418011546 5316598.5043730419129133
283 6832091.1217860803008080 6831881.2417860804125667 5316808.3843730418011546 5316598.5043730419129133
284 18014169.6673135720193386 18013959.7873135730624199 5316808.3843730418011546 5316598.5043730419129133
285 11528390.0739367455244064 11528180.1939367447048426 5316808.3843730418011546 5316598.5043730419129133
286 12232954.5801099743694067 12232744.7001099735498428 5316808.3843730418011546 5316598.5043730419129133
287 10853032.6950173079967499 10852822.8150173071771860 5316808.3843730418011546 5316598.5043730419129133
288 6214026.5962790027260780 6213816.7162790028378367 5316808.3843730418011546 5316598.5043730419129133
289 12840413.3903972432017326 12840203.5103972423821688 5316808.3843730418011546 5316598.5043730419129133
290 7768358.6749430531635880 7768148.7949430532753468 5316808.3843730418011546 5316598.5043730419129133
291 9408182.3906046003103256 9407972.5106045994907618 5316808.3843730418011546 5316598.5043730419129133
292 6907231.3047629231587052 6907021.4247629232704639 5316808.3843730418011546 5316598.5043730419129133
293 6760465.4519297806546092 6760255.5719297807663679 5316808.3843730418011546 5316598.5043730419129133
294 6433011.1022394411265850 6432801.2222394412383437 5316808.3843730418011546 5316598.5043730419129133
295 16665401.7623043451458216 16665191.8823043443262577 5316808.3843730418011546 5316598.5043730419129133
296 8729414.4191051945090294 8729204.5391051936894655 5316808.3843730418011546 5316598.5043730419129133
297 9024322.8293789550662041 9024112.9493789542466402 5316808.3843730418011546 5316598.5043730419129133
298 8868413.0634700208902359 8868203.1834700200706720 5316808.3843730418011546 5316598.5043730419129133
299 10977620.3818268328905106 10977410.5018268320709467 5316808.3843730418011546 5316598.5043730419129133
300 7115751.6999928057193756 7115541.8199928058311343 5316808.3843730418011546 5316598.5043730419129133
301 7396604.8161595445126295 7396394.9361595446243882 5316808.3843730418011546 5316598.5043730419129133
302 14534496.2980277799069881 14534286.4180277790874243 5316808.3843730418011546 5316598.5043730419129133
303 7946738.3963579889386892 7946528.5163579890504479 5316808.3843730418011546 5316598.5043730419129133
304 6348227.1526168538257480 6348017.2726168539375067 5316808.3843730418011546 5316598.5043730419129133
305 8815438.0468790829181671 8815228.1668790820986032 5316808.3843730418011546 5316598.5043730419129133
306 15134883.9576363712549210 15134674.0776363704353571 5316808.3843730418011546 5316598.5043730419129133
307 10174841.9517180919647217 10174632.0717180911451578 5316808.3843730418011546 5316598.5043730419129133
308 8078048.7332485355436802 8077838.8532485356554389 5316808.3843730418011546 5316598.5043730419129133
309 8893458.7065245006233454 8893248.8265244998037815 5316808.3843730418011546 5316598.5043730419129133
310 10444051.6288069449365139 10443841.7488069441169500 5316808.3843730418011546 5316598.5043730419129133
311 11079643.8348392751067877 11079433.9548392742872238 5316808.3843730418011546 5316598.5043730419129133
312 8271252.9819581992924213 8271043.1019581994041800 5316808.3843730418011546 5316598.5043730419129133
313 6747109.4526136815547943 6746899.5726136816665530 5316808.3843730418011546 5316598.5043730419129133
314 12566995.7841124590486288 12566785.9041124582290649 5316808.3843730418011546 5316598.5043730419129133
315 16936959.0694981403648853 16936749.1894981414079666 5316808.3843730418011546 5316598.5043730419129133
316 6542483.4829567726701498 6542273.6029567727819085 5316808.3843730418011546 5316598.5043730419129133
317 7788953.8490042174234986 7788743.9690042175352573 5316808.3843730418011546 5316598.5043730419129133
318 13106771.0370000302791595 13106561.1570000294595957 5316808.3843730418011546 5316598.5043730419129133
319 7387617.0155758298933506 7387407.1355758300051093 5316808.3843730418011546 5316598.5043730419129133
320 16236616.0038325376808643 16236406.1238325368613005 5316808.3843730418011546 5316598.5043730419129133
321 9768032.9879438914358616 9767823.1079438906162977 5316808.3843730418011546 5316598.5043730419129133
322 15963116.0617372281849384 15962906.1817372273653746 5316808.3843730418011546 5316598.5043730419129133
323 8266905.2545279571786523 8266695.3745279572904110 5316808.3843730418011546 5316598.5043730419129133
324 15820370.6902569830417633 15820160.8102569822221994 5316808.3843730418011546 5316598.5043730419129133
325 12026673.9119524806737900 12026464.0319524798542261 5316808.3843730418011546 5316598.5043730419129133
326 10189643.0180564131587744 10189433.1380564123392105 5316808.3843730418011546 5316598.5043730419129133
327 7530976.9949703002348542 7530767.1149703003466129 5316808.3843730418011546 5316598.5043730419129133
328 6303494.3538111913949251 6303284.4738111915066838 5316808.3843730418011546 5316598.5043730419129133
329 12440630.0877566821873188 12440420.2077566813677549 5316808.3843730418011546 5316598.5043730419129133
330 17899325.1426359675824642 17899115.2626359686255455 5316808.3843730418011546 5316598.5043730419129133
331 7726429.7798232724890113 7726219.8998232726007700 5316808.3843730418011546 5316598.5043730419129133
332 6714829.4812754523009062 6714619.6012754524126649 5316808.3843730418011546 5316598.5043730419129133
333 15733441.8023904860019684 15733231.9223904851824045 5316808.3843730418011546 5316598.5043730419129133
334 15766318.1227063648402691 15766108.2427063640207052 5316808.3843730418011546 5316598.5043730419129133
335 7543051.4557398026809096 7542841.5757398027926683 5316808.3843730418011546 5316598.5043730419129133
336 8279886.1323420759290457 8279676.2523420760408044 5316808.3843730418011546 5316598.5043730419129133
337 8294834.8170147659257054 8294624.9370147660374641 5316808.3843730418011546 5316598.5043730419129133
338 9881057.0577121134847403 9880847.1777121126651764 5316808.3843730418011546 5316598.5043730419129133
339 10814332.0304524768143892 10814122.1504524759948254 5316808.3843730418011546 5316598.5043730419129133
340 14373139.9659447520971298 14372930.0859447512775660 5316808.3843730418011546 5316598.5043730419129133
341 6186360.7260087151080370 6186150.8460087152197957 5316808.3843730418011546 5316598.5043730419129133
342 6901437.3130569588392973 6901227.4330569589510560 5316808.3843730418011546 5316598.5043730419129133
343 11727037.2282790318131447 11726827.3482790309935808 5316808.3843730418011546 5316598.5043730419129133
344 9259017.6013083793222904 9258807.7213083785027266 5316808.3843730418011546 5316598.5043730419129133
345 12873167.9670121073722839 12872958.0870121065527201 5316808.3843730418011546 5316598.5043730419129133
346 7432664.7239271514117718 7432454.8439271515235305 5316808.3843730418011546 5316598.5043730419129133
347 9625812.0718547794967890 9625602.1918547786772251 5316808.3843730418011546 5316598.5043730419129133
348 8567610.9156986791640520 8567401.0356986783444881 5316808.3843730418011546 5316598.5043730419129133
349 7433007.3594809453934431 7432797.4794809455052018 5316808.3843730418011546 5316598.5043730419129133
350 6255790.3247730275616050 6255580.4447730276733637 5316808.3843730418011546 5316598.5043730419129133
351 6854909.4461457291617990 6854699.5661457292735577 5316808.3843730418011546 5316598.5043730419129133
352 10444245.7767729759216309 10444035.8967729751020670 5316808.3843730418011546 5316598.5043730419129133
353 17247541.3434455357491970 17247331.4634455367922783 5316808.3843730418011546 5316598.5043730419129133
354 6230627.4495443450286984 6230417.5695443451404572 5316808.3843730418011546 5316598.5043730419129133
355 7270946.2669510822743177 7270736.3869510823860765 5316808.3843730418011546 5316598.5043730419129133
356 12007771.0356337055563927 12007561.1556337047368288 5316808.3843730418011546 5316598.5043730419129133
357 7062700.7596422154456377 7062490.8796422155573964 5316808.3843730418011546 5316598.5043730419129133
358 8838565.4681802447885275 8838355.5881802439689636 5316808.3843730418011546 5316598.5043730419129133
359 8110725.0710439421236515 8110515.1910439422354102 5316808.3843730418011546 5316598.5043730419129133
360 15052476.7674003746360540 15052266.8874003738164902 5316808.3843730418011546 5316598.5043730419129133
361 7365110.5189908267930150 7364900.6389908269047737 5316808.3843730418011546 5316598.5043730419129133
362 6544245.9735857322812080 6544036.0935857323929667 5316808.3843730418011546 5316598.5043730419129133
363 9584707.9596226047724485 9584498.0796226039528847 5316808.3843730418011546 5316598.5043730419129133
364 13897646.3742874488234520 13897436.4942874480038881 5316808.3843730418011546 5316598.5043730419129133
365 9375496.0843270160257816 9375286.2043270152062178 5316808.3843730418011546 5316598.5043730419129133
366 14909065.2824310809373856 14908855.4024310801178217 5316808.3843730418011546 5316598.5043730419129133
367 12802000.5211731605231762 12801790.6411731597036123 5316808.3843730418011546 5316598.5043730419129133
368 11967395.3879421129822731 11967185.5079421121627092 5316808.3843730418011546 5316598.5043730419129133
369 6417099.3215425405651331 6416889.4415425406768918 5316808.3843730418011546 5316598.5043730419129133
370 8908823.7328428365290165 8908613.8528428357094526 5316808.3843730418011546 5316598.5043730419129133
371 16424152.1778197064995766 16423942.2978197056800127 5316808.3843730418011546 5316598.5043730419129133
372 9916106.4241023138165474 9915896.5441023129969835 5316808.3843730418011546 5316598.5043730419129133
373 6412013.0205276682972908 6411803.1405276684090495 5316808.3843730418011546 5316598.5043730419129133
374 7871470.3835425041615963 7871260.5035425042733550 5316808.3843730418011546 5316598.5043730419129133
375 8077648.1527763660997152 8077438.2727763662114739 5316808.3843730418011546 5316598.5043730419129133
376 7410458.7346322592347860 7410248.8546322593465447 5316808.3843730418011546 5316598.5043730419129133
377 8042810.8351891040802002 8042600.9551891041919589 5316808.3843730418011546 5316598.5043730419129133
378 9920236.4800566062331200 9920026.6000566054135561 5316808.3843730418011546 5316598.5043730419129133
379 10472332.9712737277150154 10472123.0912737268954515 5316808.3843730418011546 5316598.5043730419129133
380 14113279.2582034654915333 14113069.3782034646719694 5316808.3843730418011546 5316598.5043730419129133
381 11072295.7678970713168383 11072085.8878970704972744 5316808.3843730418011546 5316598.5043730419129133
382 7766225.3736508525907993 7766015.4936508527025580 5316808.3843730418011546 5316598.5043730419129133
383 6812067.2007585614919662 6811857.3207585616037250 5316808.3843730418011546 5316598.5043730419129133
384 7106697.7405040999874473 7106487.8605041000992060 5316808.3843730418011546 5316598.5043730419129133
385 6682099.3682215698063374 6681889.4882215699180961 5316808.3843730418011546 5316598.5043730419129133
386 9923055.9582102559506893 9922846.0782102551311255 5316808.3843730418011546 5316598.5043730419129133
387 8181803.3127162558957934 8181593.4327162560075521 5316808.3843730418011546 5316598.5043730419129133
388 12205590.0029626823961735 12205380.1229626815766096 5316808.3843730418011546 5316598.5043730419129133
389 9227582.5272739082574844 9227372.6472739074379206 5316808.3843730418011546 5316598.5043730419129133
390 10678144.0756460931152105 10677934.1956460922956467 5316808.3843730418011546 5316598.5043730419129133
391 10778565.8049306422472000 10778355.9249306414276361 5316808.3843730418011546 5316598.5043730419129133
392 7523471.4373570308089256 7523261.5573570309206843 5316808.3843730418011546 5316598.5043730419129133
393 8902328.9281012490391731 8902119.0481012482196093 5316808.3843730418011546 5316598.5043730419129133
394 13194200.9212550465017557 13193991.0412550456821918 5316808.3843730418011546 5316598.5043730419129133
395 9915289.5873292088508606 9915079.7073292080312967 5316808.3843730418011546 5316598.5043730419129133
396 8753908.5200422462075949 8753698.6400422453880310 5316808.3843730418011546 5316598.5043730419129133
397 10496266.4071970302611589 10496056.5271970294415951 5316808.3843730418011546 5316598.5043730419129133
398 14523255.9377072807401419 14523046.0577072799205780 5316808.3843730418011546 5316598.5043730419129133
399 8589520.5767545644193888 8589310.6967545635998249 5316808.3843730418011546 5316598.5043730419129133
400 9371937.3217236101627350 9371727.4417236093431711 5316808.3843730418011546 5316598.5043730419129133
401 7164654.5187547728419304 7164444.6387547729536891 5316808.3843730418011546 5316598.5043730419129133
402 8073837.9935440616682172 8073628.1135440617799759 5316808.3843730418011546 5316598.5043730419129133
403 11207332.1030347701162100 11207122.2230347692966461 5316808.3843730418011546 5316598.5043730419129133
404 10150015.0419749729335308 10149805.1619749721139669 5316808.3843730418011546 5316598.5043730419129133
405 12260676.5242385827004910 12260466.6442385818809271 5316808.3843730418011546 5316598.5043730419129133
406 17130460.7658016122877598 17130250.8858016133308411 5316808.3843730418011546 5316598.5043730419129133
407 11255539.8852497879415751 11255330.0052497871220112 5316808.3843730418011546 5316598.5043730419129133
408 12241683.2460918147116899 12241473.3660918138921261 5316808.3843730418011546 5316598.5043730419129133
409 6605952.1914182230830193 6605742.3114182231947780 5316808.3843730418011546 5316598.5043730419129133
410 6889488.3123958045616746 6889278.4323958046734333 5316808.3843730418011546 5316598.5043730419129133
411 9438640.8633000850677490 9438430.9833000842481852 5316808.3843730418011546 5316598.5043730419129133
412 11331418.2284192126244307 11331208.3484192118048668 5316808.3843730418011546 5316598.5043730419129133
413 10153457.8777606040239334 10153247.9977606032043695 5316808.3843730418011546 5316598.5043730419129133
414 10983198.7671373970806599 10982988.8871373962610960 5316808.3843730418011546 5316598.5043730419129133
415 12971936.2350440807640553 12971726.3550440799444914 5316808.3843730418011546 5316598.5043730419129133
416 17504358.7561948858201504 17504148.8761948868632317 5316808.3843730418011546 5316598.5043730419129133
417 6257779.6700841151177883 6257569.7900841152295470 5316808.3843730418011546 5316598.5043730419129133
418 6718906.9834574880078435 6718697.1034574881196022 5316808.3843730418011546 5316598.5043730419129133
419 7098593.5397506337612867 7098383.6597506338730454 5316808.3843730418011546 5316598.5043730419129133
420 12520147.5214096903800964 12519937.6414096895605326 5316808.3843730418011546 5316598.5043730419129133
421 8912097.2135797031223774 8911887.3335797023028135 5316808.3843730418011546 5316598.5043730419129133
422 6871151.6441207993775606 6870941.7641207994893193 5316808.3843730418011546 5316598.5043730419129133
423 7898463.8026514621451497 7898253.9226514622569084 5316808.3843730418011546 5316598.5043730419129133
424 14381989.8028405494987965 14381779.9228405486792326 5316808.3843730418011546 5316598.5043730419129133
425 12539920.8825499787926674 12539711.0025499779731035 5316808.3843730418011546 5316598.5043730419129133
426 14884678.8214140329509974 14884468.9414140321314335 5316808.3843730418011546 5316598.5043730419129133
427 16162512.4533440452069044 16162302.5733440443873405 5316808.3843730418011546 5316598.5043730419129133
428 6899432.9407172724604607 6899223.0607172725722194 5316808.3843730418011546 5316598.5043730419129133
429 14283095.5353983007371426 14282885.6553982999175787 5316808.3843730418011546 5316598.5043730419129133
430 18224621.2471618503332138 18224411.3671618513762951 5316808.3843730418011546 5316598.5043730419129133
431 7386337.0837087985128164 7386127.2037087986245751 5316808.3843730418011546 5316598.5043730419129133
432 7788134.2393794311210513 7787924.3593794312328100 5316808.3843730418011546 5316598.5043730419129133
433 6616049.4831462511792779 6615839.6031462512910366 5316808.3843730418011546 5316598.5043730419129133
434 8689787.5824835859239101 8689577.7024835851043463 5316808.3843730418011546 5316598.5043730419129133
435 12006270.6369012277573347 12006060.7569012269377708 5316808.3843730418011546 5316598.5043730419129133
436 6624391.2608062401413918 6624181.3808062402531505 5316808.3843730418011546 5316598.5043730419129133
437 6190729.4639339558780193 6190519.5839339559897780 5316808.3843730418011546 5316598.5043730419129133
438 7236615.1677055442705750 7236405.2877055443823338 5316808.3843730418011546 5316598.5043730419129133
439 6644668.2669161381199956 6644458.3869161382317543 5316808.3843730418011546 5316598.5043730419129133
440 8653893.8814193420112133 8653684.0014193411916494 5316808.3843730418011546 5316598.5043730419129133
441 7328858.5503622293472290 7328648.6703622294589877 5316808.3843730418011546 5316598.5043730419129133
442 8792725.2193333338946104 8792515.3393333330750465 5316808.3843730418011546 5316598.5043730419129133
443 8895282.2739391010254622 8895072.3939391002058983 5316808.3843730418011546 5316598.5043730419129133
444 11712183.8745174985378981 11711973.9945174977183342 5316808.3843730418011546 5316598.5043730419129133
445 7594296.6517595062032342 7594086.7717595063149929 5316808.3843730418011546 5316598.5043730419129133
446 8619602.2134023141115904 8619392.3334023132920265 5316808.3843730418011546 5316598.5043730419129133
447 8064652.4802359221503139 8064442.6002359222620726 5316808.3843730418011546 5316598.5043730419129133
448 7220122.4156980253756046 7219912.5356980254873633 5316808.3843730418011546 5316598.5043730419129133
449 15006699.4722769409418106 15006489.5922769401222467 5316808.3843730418011546 5316598.5043730419129133
450 9507124.6772470455616713 9506914.7972470447421074 5316808.3843730418011546 5316598.5043730419129133
451 16050292.7108167782425880 16050082.8308167774230242 5316808.3843730418011546 5316598.5043730419129133
452 7135392.1174464346840978 7135182.2374464347958565 5316808.3843730418011546 5316598.5043730419129133
453 17595336.1120722442865372 17595126.2320722453296185 5316808.3843730418011546 5316598.5043730419129133
454 10297692.3647949248552322 10297482.4847949240356684 5316808.3843730418011546 5316598.5043730419129133
455 7718841.1701800413429737 7718631.2901800414547324 5316808.3843730418011546 5316598.5043730419129133
456 6541813.7469083853065968 6541603.8669083854183555 5316808.3843730418011546 5316598.5043730419129133
457 13758173.6341036222875118 13757963.7541036214679480 5316808.3843730418011546 5316598.5043730419129133
458 12239223.4182643108069897 12239013.5382643099874258 5316808.3843730418011546 5316598.5043730419129133
459 6446856.1772188274189830 6446646.2972188275307417 5316808.3843730418011546 5316598.5043730419129133
460 8986783.0901793837547302 8986573.2101793829351664 5316808.3843730418011546 5316598.5043730419129133
461 7325069.2808916065841913 7324859.4008916066959500 5316808.3843730418011546 5316598.5043730419129133
462 11299365.7429948374629021 11299155.8629948366433382 5316808.3843730418011546 5316598.5043730419129133
463 6396001.4641789523884654 6395791.5841789525002241 5316808.3843730418011546 5316598.5043730419129133
464 6929119.0055336263030767 6928909.1255336264148355 5316808.3843730418011546 5316598.5043730419129133
465 13501202.1179213598370552 13500992.2379213590174913 5316808.3843730418011546 5316598.5043730419129133
466 6746647.8263100543990731 6746437.9463100545108318 5316808.3843730418011546 5316598.5043730419129133
467 9456782.1972053069621325 9456572.3172053061425686 5316808.3843730418011546 5316598.5043730419129133
468 6944943.4123888863250613 6944733.5323888864368200 5316808.3843730418011546 5316598.5043730419129133
469 7772551.6203865511342883 7772341.7403865512460470 5316808.3843730418011546 5316598.5043730419129133
470 10056741.8378021810203791 10056531.9578021802008152 5316808.3843730418011546 5316598.5043730419129133
471 9046065.0425851475447416 9045855.1625851467251778 5316808.3843730418011546 5316598.5043730419129133
472 9374308.3005397655069828 9374098.4205397646874189 5316808.3843730418011546 5316598.5043730419129133
473 8639642.9400055930018425 8639433.0600055921822786 5316808.3843730418011546 5316598.5043730419129133
474 8283342.7198238894343376 8283132.8398238895460963 5316808.3843730418011546 5316598.5043730419129133
475 8145320.1915337331593037 8145110.3115337332710624 5316808.3843730418011546 5316598.5043730419129133
476 12561233.3446047063916922 12561023.4646047055721283 5316808.3843730418011546 5316598.5043730419129133
477 17238418.5991612188518047 17238208.7191612198948860 5316808.3843730418011546 5316598.5043730419129133
478 13214033.0801736451685429 13213823.2001736443489790 5316808.3843730418011546 5316598.5043730419129133
479 6157428.2148207388818264 6157218.3348207389935851 5316808.3843730418011546 5316598.5043730419129133
480 6228095.1938244923949242 6227885.3138244925066829 5316808.3843730418011546 5316598.5043730419129133
481 15443895.8450637683272362 15443685.9650637675076723 5316808.3843730418011546 5316598.5043730419129133
482 8844577.2313062995672226 8844367.3513062987476587 5316808.3843730418011546 5316598.5043730419129133
483 7038653.1511410549283028 7038443.2711410550400615 5316808.3843730418011546 5316598.5043730419129133
484 11125544.9000515695661306 11125335.0200515687465668 5316808.3843730418011546 5316598.5043730419129133
485 6416549.0754572451114655 6416339.1954572452232242 5316808.3843730418011546 5316598.5043730419129133
486 7736304.8571218363940716 7736094.9771218365058303 5316808.3843730418011546 5316598.5043730419129133
487 6561040.5248981639742851 6560830.6448981640860438 5316808.3843730418011546 5316598.5043730419129133
488 9939227.1405021175742149 9939017.2605021167546511 5316808.3843730418011546 5316598.5043730419129133
489 9410800.3251778520643711 9410590.4451778512448072 5316808.3843730418011546 5316598.5043730419129133
490 9267305.3247271608561277 9267095.4447271600365639 5316808.3843730418011546 5316598.5043730419129133
491 13554153.0056839026510715 13553943.1256839018315077 5316808.3843730418011546 5316598.5043730419129133
492 10540467.7850651983171701 10540257.9050651974976063 5316808.3843730418011546 5316598.5043730419129133
493 6378268.1029198374599218 6378058.2229198375716805 5316808.3843730418011546 5316598.5043730419129133
494 7756858.5512029565870762 7756648.6712029566988349 5316808.3843730418011546 5316598.5043730419129133
495 11432041.1458230912685394 11431831.2658230904489756 5316808.3843730418011546 5316598.5043730419129133
496 7249091.9556472525000572 7248882.0756472526118159 5316808.3843730418011546 5316598.5043730419129133
497 12136972.2550541758537292 12136762.3750541750341654 5316808.3843730418011546 5316598.5043730419129133
498 13340069.1768956724554300 13339859.2968956716358662 5316808.3843730418011546 5316598.5043730419129133
499 13851620.0856578573584557 13851410.2056578565388918 5316808.3843730418011546 5316598.5043730419129133
500 8274623.0541540011763573 8274413.1741540012881160 5316808.3843730418011546 5316598.5043730419129133
