evaluations raw_y current_y raw_y_best current_y_best
1 11920766.1718547772616148 11920556.2918547764420509 11920766.1718547772616148 11920556.2918547764420509
2 3927291.7549686944112182 3927081.8749686945229769 3927291.7549686944112182 3927081.8749686945229769
3 341484.6945600544568151 341274.8145600544521585 341484.6945600544568151 341274.8145600544521585
4 8229797.9677593642845750 8229588.0877593643963337 341484.6945600544568151 341274.8145600544521585
5 27316631.6885615251958370 27316421.8085615262389183 341484.6945600544568151 341274.8145600544521585
6 63539.3911861406304524 63329.5111861406330718 63539.3911861406304524 63329.5111861406330718
7 17097412.1235698722302914 17097202.2435698732733727 63539.3911861406304524 63329.5111861406330718
8 7422990.6374390218406916 7422780.7574390219524503 63539.3911861406304524 63329.5111861406330718
9 159505.3965788434725255 159295.5165788434678689 63539.3911861406304524 63329.5111861406330718
10 287066.4406576890614815 286856.5606576890568249 63539.3911861406304524 63329.5111861406330718
11 3823.4414374935317937 3613.5614374935316846 3823.4414374935317937 3613.5614374935316846
12 44434.0492003578547155 44224.1692003578573349 3823.4414374935317937 3613.5614374935316846
13 427658.0638689377228729 427448.1838689377182163 3823.4414374935317937 3613.5614374935316846
14 413861.8584798725205474 413651.9784798725158907 3823.4414374935317937 3613.5614374935316846
15 180451.6258453288755845 180241.7458453288709279 3823.4414374935317937 3613.5614374935316846
16 136689.8078722187492531 136479.9278722187445965 3823.4414374935317937 3613.5614374935316846
17 400050.8722324026166461 399840.9922324026119895 3823.4414374935317937 3613.5614374935316846
18 380215.2229755308362655 380005.3429755308316089 3823.4414374935317937 3613.5614374935316846
19 358509.6460680081509054 358299.7660680081462488 3823.4414374935317937 3613.5614374935316846
20 297618.1281015832792036 297408.2481015832745470 3823.4414374935317937 3613.5614374935316846
21 285417.0106414561159909 285207.1306414561113343 3823.4414374935317937 3613.5614374935316846
22 116485.7814644550235244 116275.9014644550188677 3823.4414374935317937 3613.5614374935316846
23 373151.7538325182395056 372941.8738325182348490 3823.4414374935317937 3613.5614374935316846
24 173696.2382535796205048 173486.3582535796158481 3823.4414374935317937 3613.5614374935316846
25 292624.7404573616804555 292414.8604573616757989 3823.4414374935317937 3613.5614374935316846
26 125907.3624667472613510 125697.4824667472566944 3823.4414374935317937 3613.5614374935316846
27 476062.7336549168103375 475852.8536549168056808 3823.4414374935317937 3613.5614374935316846
28 31975.3331540262806811 31765.4531540262796625 3823.4414374935317937 3613.5614374935316846
29 143369.4204040280310437 143159.5404040280263871 3823.4414374935317937 3613.5614374935316846
30 35715.1577687230601441 35505.2777687230627635 3823.4414374935317937 3613.5614374935316846
31 31498.5263337555043108 31288.6463337555032922 3823.4414374935317937 3613.5614374935316846
32 551694.7206072439439595 551484.8406072439393029 3823.4414374935317937 3613.5614374935316846
33 487333.4648334303055890 487123.5848334303009324 3823.4414374935317937 3613.5614374935316846
34 316374.6828802512027323 316164.8028802511980757 3823.4414374935317937 3613.5614374935316846
35 28968.2226116863384959 28758.3426116863374773 3823.4414374935317937 3613.5614374935316846
36 190434.6288499419169966 190224.7488499419123400 3823.4414374935317937 3613.5614374935316846
37 184608.7902557335037272 184398.9102557334990706 3823.4414374935317937 3613.5614374935316846
38 20799.2223621434568486 20589.3423621434558299 3823.4414374935317937 3613.5614374935316846
39 461983.6182574880076572 461773.7382574880030006 3823.4414374935317937 3613.5614374935316846
40 19096.7411341776169138 18886.8611341776158952 3823.4414374935317937 3613.5614374935316846
41 24991.4308132227997703 24781.5508132227987517 3823.4414374935317937 3613.5614374935316846
42 95989.0110487750207540 95779.1310487750160974 3823.4414374935317937 3613.5614374935316846
43 100765.7153193281701533 100555.8353193281654967 3823.4414374935317937 3613.5614374935316846
44 24555.2485471403160773 24345.3685471403150586 3823.4414374935317937 3613.5614374935316846
45 246053.3833638251526281 245843.5033638251479715 3823.4414374935317937 3613.5614374935316846
46 241762.7729197129665408 241552.8929197129618842 3823.4414374935317937 3613.5614374935316846
47 371512.6839129270520061 371302.8039129270473495 3823.4414374935317937 3613.5614374935316846
48 27312.9667078204183781 27103.0867078204173595 3823.4414374935317937 3613.5614374935316846
49 317850.9206496336264536 317641.0406496336217970 3823.4414374935317937 3613.5614374935316846
50 24981.1504965970125340 24771.2704965970115154 3823.4414374935317937 3613.5614374935316846
51 24227.4981726425721718 24017.6181726425711531 3823.4414374935317937 3613.5614374935316846
52 15205.4353226929397351 14995.5553226929405355 3823.4414374935317937 3613.5614374935316846
53 54398.7176167208090192 54188.8376167208116385 3823.4414374935317937 3613.5614374935316846
54 56112.2152962067266344 55902.3352962067292538 3823.4414374935317937 3613.5614374935316846
55 451223.5502313384786248 451013.6702313384739682 3823.4414374935317937 3613.5614374935316846
56 647237.3631353096570820 647027.4831353096524253 3823.4414374935317937 3613.5614374935316846
57 387151.0906700794002973 386941.2106700793956406 3823.4414374935317937 3613.5614374935316846
58 13678.2644978515272669 13468.3844978515280673 3823.4414374935317937 3613.5614374935316846
59 54143.5955634884958272 53933.7155634884984465 3823.4414374935317937 3613.5614374935316846
60 53928.5551865805318812 53718.6751865805345005 3823.4414374935317937 3613.5614374935316846
61 20817.3718928357884579 20607.4918928357874393 3823.4414374935317937 3613.5614374935316846
62 23837.3422339863827801 23627.4622339863817615 3823.4414374935317937 3613.5614374935316846
63 689092.8124348379205912 688882.9324348379159346 3823.4414374935317937 3613.5614374935316846
64 290291.8424255187273957 290081.9624255187227391 3823.4414374935317937 3613.5614374935316846
65 294248.6050215509021655 294038.7250215508975089 3823.4414374935317937 3613.5614374935316846
66 246328.2437570109614171 246118.3637570109567605 3823.4414374935317937 3613.5614374935316846
67 612885.5766382761066779 612675.6966382761020213 3823.4414374935317937 3613.5614374935316846
68 22356.7690812728287710 22146.8890812728277524 3823.4414374935317937 3613.5614374935316846
69 21937.7410208692708693 21727.8610208692698507 3823.4414374935317937 3613.5614374935316846
70 52574.5799055838142522 52364.6999055838168715 3823.4414374935317937 3613.5614374935316846
71 21443.9267499236193544 21234.0467499236183357 3823.4414374935317937 3613.5614374935316846
72 24059.3392783853487344 23849.4592783853477158 3823.4414374935317937 3613.5614374935316846
73 519585.3405958800576627 519375.4605958800530061 3823.4414374935317937 3613.5614374935316846
74 9030.4911529666442220 8820.6111529666450224 3823.4414374935317937 3613.5614374935316846
75 21865.2607590167826856 21655.3807590167816670 3823.4414374935317937 3613.5614374935316846
76 8260.4420366252707026 8050.5620366252705935 3823.4414374935317937 3613.5614374935316846
77 8179.5822928518327899 7969.7022928518326808 3823.4414374935317937 3613.5614374935316846
78 89560.5551656885072589 89350.6751656885026023 3823.4414374935317937 3613.5614374935316846
79 20503.1865928835395607 20293.3065928835385421 3823.4414374935317937 3613.5614374935316846
80 380324.1879335032426752 380114.3079335032380186 3823.4414374935317937 3613.5614374935316846
81 745896.1196582922711968 745686.2396582922665402 3823.4414374935317937 3613.5614374935316846
82 237146.8524082838557661 236936.9724082838511094 3823.4414374935317937 3613.5614374935316846
83 196934.3200262877508067 196724.4400262877461500 3823.4414374935317937 3613.5614374935316846
84 45525.0687229595641838 45315.1887229595668032 3823.4414374935317937 3613.5614374935316846
85 156718.1055622557469178 156508.2255622557422612 3823.4414374935317937 3613.5614374935316846
86 463851.0767311727395281 463641.1967311727348715 3823.4414374935317937 3613.5614374935316846
87 46791.8517298244987614 46581.9717298245013808 3823.4414374935317937 3613.5614374935316846
88 78796.9370567199512152 78587.0570567199465586 3823.4414374935317937 3613.5614374935316846
89 81455.4958622657723026 81245.6158622657676460 3823.4414374935317937 3613.5614374935316846
90 240217.7219197969243396 240007.8419197969196830 3823.4414374935317937 3613.5614374935316846
91 193798.9990350264124572 193589.1190350264078006 3823.4414374935317937 3613.5614374935316846
92 110437.9089498743414879 110228.0289498743368313 3823.4414374935317937 3613.5614374935316846
93 25043.2444065291565494 24833.3644065291555307 3823.4414374935317937 3613.5614374935316846
94 23733.6822816959611373 23523.8022816959601187 3823.4414374935317937 3613.5614374935316846
95 133732.5202352974738460 133522.6402352974691894 3823.4414374935317937 3613.5614374935316846
96 259574.0188716275442857 259364.1388716275396291 3823.4414374935317937 3613.5614374935316846
97 680652.0134794848272577 680442.1334794848226011 3823.4414374935317937 3613.5614374935316846
98 883807.3619359463918954 883597.4819359463872388 3823.4414374935317937 3613.5614374935316846
99 345179.9169767869170755 344970.0369767869124189 3823.4414374935317937 3613.5614374935316846
100 872556.0181935480795801 872346.1381935480749235 3823.4414374935317937 3613.5614374935316846
