evaluations raw_y current_y raw_y_best current_y_best
1 27019844.1854492314159870 27019634.3054492324590683 27019844.1854492314159870 27019634.3054492324590683
2 18792581.7745916843414307 18792371.8945916853845119 18792581.7745916843414307 18792371.8945916853845119
3 454020.8969637665431947 453811.0169637665385380 454020.8969637665431947 453811.0169637665385380
4 9169652.0494831036776304 9169442.1694831028580666 454020.8969637665431947 453811.0169637665385380
5 7206381.4367843046784401 7206171.5567843047901988 454020.8969637665431947 453811.0169637665385380
6 15259.7118822127249587 15049.8318822127257590 15259.7118822127249587 15049.8318822127257590
7 2545360.0974528309889138 2545150.2174528311006725 15259.7118822127249587 15049.8318822127257590
8 7780068.5181715870276093 7779858.6381715871393681 15259.7118822127249587 15049.8318822127257590
9 111395.5972875974985072 111185.7172875974938506 15259.7118822127249587 15049.8318822127257590
10 19699176.5094861388206482 19698966.6294861398637295 15259.7118822127249587 15049.8318822127257590
11 107352.5809314141661162 107142.7009314141614595 15259.7118822127249587 15049.8318822127257590
12 76.5255036670544939 -133.3544963329455015 76.5255036670544939 -133.3544963329455015
13 10169.3294689208250929 9959.4494689208258933 76.5255036670544939 -133.3544963329455015
14 3702.3763024262066210 3492.4963024262065119 76.5255036670544939 -133.3544963329455015
15 5205.3642363689023114 4995.4842363689022022 76.5255036670544939 -133.3544963329455015
16 3645.0552612437454627 3435.1752612437453536 76.5255036670544939 -133.3544963329455015
17 5538.9699025769459695 5329.0899025769458603 76.5255036670544939 -133.3544963329455015
18 4332.3707409110738809 4122.4907409110737717 76.5255036670544939 -133.3544963329455015
19 4054.6514802783440246 3844.7714802783439154 76.5255036670544939 -133.3544963329455015
20 3815.9363529083079811 3606.0563529083078720 76.5255036670544939 -133.3544963329455015
21 3807.9725058906992672 3598.0925058906991580 76.5255036670544939 -133.3544963329455015
22 3806.4367764571761654 3596.5567764571760563 76.5255036670544939 -133.3544963329455015
23 3796.3067076273318889 3586.4267076273317798 76.5255036670544939 -133.3544963329455015
24 3779.8693389647428376 3569.9893389647427284 76.5255036670544939 -133.3544963329455015
25 3759.5130807988266497 3549.6330807988265406 76.5255036670544939 -133.3544963329455015
26 3739.4154419198707728 3529.5354419198706637 76.5255036670544939 -133.3544963329455015
27 3719.9886466234856925 3510.1086466234855834 76.5255036670544939 -133.3544963329455015
28 3693.2927400412854695 3483.4127400412853603 76.5255036670544939 -133.3544963329455015
29 4314.7761399168803109 4104.8961399168802018 76.5255036670544939 -133.3544963329455015
30 3673.4654851024629352 3463.5854851024628260 76.5255036670544939 -133.3544963329455015
31 3669.5239129628689625 3459.6439129628688534 76.5255036670544939 -133.3544963329455015
32 3662.8514744201929716 3452.9714744201928625 76.5255036670544939 -133.3544963329455015
33 3655.4094927513297080 3445.5294927513295988 76.5255036670544939 -133.3544963329455015
34 3645.9282406884517513 3436.0482406884516422 76.5255036670544939 -133.3544963329455015
35 3636.6900543635028953 3426.8100543635027861 76.5255036670544939 -133.3544963329455015
36 3627.1351135118898128 3417.2551135118897037 76.5255036670544939 -133.3544963329455015
37 3617.2410581054496106 3407.3610581054495015 76.5255036670544939 -133.3544963329455015
38 3562.6161626964030802 3352.7361626964029711 76.5255036670544939 -133.3544963329455015
39 3525.2990693520837340 3315.4190693520836248 76.5255036670544939 -133.3544963329455015
40 3561.2763652442536113 3351.3963652442535022 76.5255036670544939 -133.3544963329455015
41 3551.5095277684599751 3341.6295277684598659 76.5255036670544939 -133.3544963329455015
42 3533.4534885262542048 3323.5734885262540956 76.5255036670544939 -133.3544963329455015
43 3253.7311326026419920 3043.8511326026418828 76.5255036670544939 -133.3544963329455015
44 3457.8585589221452210 3247.9785589221451119 76.5255036670544939 -133.3544963329455015
45 3434.0032502403214494 3224.1232502403213402 76.5255036670544939 -133.3544963329455015
46 3390.9927317104770736 3181.1127317104769645 76.5255036670544939 -133.3544963329455015
47 2426.6959808626033919 2216.8159808626032827 76.5255036670544939 -133.3544963329455015
48 3280.4152312734768202 3070.5352312734767111 76.5255036670544939 -133.3544963329455015
49 3214.0188763882433705 3004.1388763882432613 76.5255036670544939 -133.3544963329455015
50 3122.3415869193026992 2912.4615869193025901 76.5255036670544939 -133.3544963329455015
51 1517.9982497875821537 1308.1182497875820445 76.5255036670544939 -133.3544963329455015
52 2949.1022493768668937 2739.2222493768667846 76.5255036670544939 -133.3544963329455015
53 2821.2774244228139651 2611.3974244228138559 76.5255036670544939 -133.3544963329455015
54 2666.5471006828365717 2456.6671006828364625 76.5255036670544939 -133.3544963329455015
55 982.8117749972327601 772.9317749972327647 76.5255036670544939 -133.3544963329455015
56 2407.9738257142180373 2198.0938257142179282 76.5255036670544939 -133.3544963329455015
57 2216.9232764106973264 2007.0432764106972172 76.5255036670544939 -133.3544963329455015
58 2013.8852663440854940 1804.0052663440856122 76.5255036670544939 -133.3544963329455015
59 829.1406497799778208 619.2606497799778253 76.5255036670544939 -133.3544963329455015
60 1752.1029685240064282 1542.2229685240063191 76.5255036670544939 -133.3544963329455015
61 1571.3729208928530170 1361.4929208928529079 76.5255036670544939 -133.3544963329455015
62 1399.0307396791022256 1189.1507396791021165 76.5255036670544939 -133.3544963329455015
63 374.7059535416764220 164.8259535416764265 76.5255036670544939 -133.3544963329455015
64 1196.3052239221444779 986.4252239221444825 76.5255036670544939 -133.3544963329455015
65 1094.0700224005909149 884.1900224005909195 76.5255036670544939 -133.3544963329455015
66 1017.3428903784343902 807.4628903784343947 76.5255036670544939 -133.3544963329455015
67 149.6030984077806920 -60.2769015922193034 76.5255036670544939 -133.3544963329455015
68 932.7131915287391166 722.8331915287391212 76.5255036670544939 -133.3544963329455015
69 910.3991895411189716 700.5191895411189762 76.5255036670544939 -133.3544963329455015
70 885.2616130348289971 675.3816130348290017 76.5255036670544939 -133.3544963329455015
71 23.0445853408808929 -186.8354146591190954 23.0445853408808929 -186.8354146591190954
72 816.1699308885333721 606.2899308885333767 23.0445853408808929 -186.8354146591190954
73 729.6634257338716907 519.7834257338716952 23.0445853408808929 -186.8354146591190954
74 20.3361073173809750 -189.5438926826190311 20.3361073173809750 -189.5438926826190311
75 542.9347659724212463 333.0547659724212508 20.3361073173809750 -189.5438926826190311
76 436.5265891051240033 226.6465891051240078 20.3361073173809750 -189.5438926826190311
77 349.9363873404228684 140.0563873404228730 20.3361073173809750 -189.5438926826190311
78 293.7269251082942674 83.8469251082942719 20.3361073173809750 -189.5438926826190311
79 151.4587225750449591 -58.4212774249550364 20.3361073173809750 -189.5438926826190311
80 240.7180056091051483 30.8380056091051529 20.3361073173809750 -189.5438926826190311
81 209.4087953763382757 -0.4712046236617198 20.3361073173809750 -189.5438926826190311
82 173.7689887728949714 -36.1110112271050241 20.3361073173809750 -189.5438926826190311
83 136.5257257476724817 -73.3542742523275138 20.3361073173809750 -189.5438926826190311
84 107.9315670976277204 -101.9484329023722751 20.3361073173809750 -189.5438926826190311
85 272.8393479756563238 62.9593479756563283 20.3361073173809750 -189.5438926826190311
86 97.9976183053213958 -111.8823816946785996 20.3361073173809750 -189.5438926826190311
87 78.9940013931640124 -130.8859986068359831 20.3361073173809750 -189.5438926826190311
88 57.9930242517543419 -151.8869757482456464 20.3361073173809750 -189.5438926826190311
89 35.3626453346451939 -174.5173546653547874 20.3361073173809750 -189.5438926826190311
90 29.0319638351806333 -180.8480361648193480 20.3361073173809750 -189.5438926826190311
91 26.5128171630202729 -183.3671828369797367 20.3361073173809750 -189.5438926826190311
92 15.2223711933623491 -194.6576288066376605 15.2223711933623491 -194.6576288066376605
93 10.8524643571477917 -199.0275356428522002 10.8524643571477917 -199.0275356428522002
94 512.8915580458127579 303.0115580458127624 10.8524643571477917 -199.0275356428522002
95 12.0240045825953441 -197.8559954174046425 10.8524643571477917 -199.0275356428522002
96 10.1646343803481383 -199.7153656196518625 10.1646343803481383 -199.7153656196518625
97 6.0460217505459211 -203.8339782494540771 6.0460217505459211 -203.8339782494540771
98 4.5840483770254563 -205.2959516229745418 4.5840483770254563 -205.2959516229745418
99 4.0437598734575353 -205.8362401265424637 4.0437598734575353 -205.8362401265424637
100 4.4148530223371241 -205.4651469776628687 4.0437598734575353 -205.8362401265424637
