evaluations raw_y current_y raw_y_best current_y_best
1 86.0881416718312664 -913.9118583281687052 86.0881416718312664 -913.9118583281687052
2 85.7876048253460937 -914.2123951746539205 85.7876048253460937 -914.2123951746539205
3 86.1744899669155586 -913.8255100330844698 85.7876048253460937 -914.2123951746539205
4 85.3413589825248664 -914.6586410174751336 85.3413589825248664 -914.6586410174751336
5 86.3974141976894856 -913.6025858023105002 85.3413589825248664 -914.6586410174751336
6 85.8736567005056486 -914.1263432994943514 85.3413589825248664 -914.6586410174751336
7 86.2133209172406225 -913.7866790827594059 85.3413589825248664 -914.6586410174751336
8 86.4927724697901539 -913.5072275302098888 85.3413589825248664 -914.6586410174751336
9 86.1408031731087220 -913.8591968268913206 85.3413589825248664 -914.6586410174751336
10 85.6882360911453986 -914.3117639088545729 85.3413589825248664 -914.6586410174751336
11 85.1726947646127570 -914.8273052353872572 85.1726947646127570 -914.8273052353872572
12 86.0737920934415683 -913.9262079065583748 85.1726947646127570 -914.8273052353872572
13 85.6495281853454600 -914.3504718146544974 85.1726947646127570 -914.8273052353872572
14 86.3687510881417495 -913.6312489118582789 85.1726947646127570 -914.8273052353872572
15 86.0839959212142958 -913.9160040787857042 85.1726947646127570 -914.8273052353872572
16 86.5185172203624404 -913.4814827796375312 85.1726947646127570 -914.8273052353872572
17 86.1300786255584683 -913.8699213744415601 85.1726947646127570 -914.8273052353872572
18 86.0223752294825061 -913.9776247705175365 85.1726947646127570 -914.8273052353872572
19 86.2421109431039525 -913.7578890568960333 85.1726947646127570 -914.8273052353872572
20 85.9478957653201832 -914.0521042346798595 85.1726947646127570 -914.8273052353872572
21 86.4201911353341217 -913.5798088646658925 85.1726947646127570 -914.8273052353872572
22 86.5363497874673300 -913.4636502125326842 85.1726947646127570 -914.8273052353872572
23 86.4754299439169358 -913.5245700560831210 85.1726947646127570 -914.8273052353872572
24 86.3677088068419181 -913.6322911931580393 85.1726947646127570 -914.8273052353872572
25 86.0780043838741591 -913.9219956161258551 85.1726947646127570 -914.8273052353872572
26 86.2866236847357442 -913.7133763152642132 85.1726947646127570 -914.8273052353872572
27 82.3583977745009008 -917.6416022254991276 82.3583977745009008 -917.6416022254991276
28 85.7901210341609897 -914.2098789658390388 82.3583977745009008 -917.6416022254991276
29 84.8280211464781218 -915.1719788535218640 82.3583977745009008 -917.6416022254991276
30 86.1157020830299729 -913.8842979169700129 82.3583977745009008 -917.6416022254991276
31 84.1464708845947342 -915.8535291154053084 82.3583977745009008 -917.6416022254991276
32 84.5902201922867505 -915.4097798077132211 82.3583977745009008 -917.6416022254991276
33 86.2440054455021681 -913.7559945544978746 82.3583977745009008 -917.6416022254991276
34 85.8198694829676896 -914.1801305170323531 82.3583977745009008 -917.6416022254991276
35 86.4954293835572798 -913.5045706164427202 82.3583977745009008 -917.6416022254991276
36 86.1377796118575105 -913.8622203881425321 82.3583977745009008 -917.6416022254991276
37 86.4508683988787254 -913.5491316011213030 82.3583977745009008 -917.6416022254991276
38 85.5926337515635964 -914.4073662484363467 82.3583977745009008 -917.6416022254991276
39 86.4982801683433848 -913.5017198316566009 82.3583977745009008 -917.6416022254991276
40 86.3375242153244784 -913.6624757846755074 82.3583977745009008 -917.6416022254991276
41 86.4710749850664939 -913.5289250149335203 82.3583977745009008 -917.6416022254991276
42 86.3662040655351433 -913.6337959344648425 82.3583977745009008 -917.6416022254991276
43 85.9526317821072041 -914.0473682178927675 82.3583977745009008 -917.6416022254991276
44 86.0211781564561164 -913.9788218435438694 82.3583977745009008 -917.6416022254991276
45 86.2880691509003128 -913.7119308490996445 82.3583977745009008 -917.6416022254991276
46 85.9196831677174657 -914.0803168322825059 82.3583977745009008 -917.6416022254991276
47 86.4206421826578151 -913.5793578173421565 82.3583977745009008 -917.6416022254991276
48 85.6849265558530249 -914.3150734441469467 82.3583977745009008 -917.6416022254991276
49 85.8958974950441103 -914.1041025049559039 82.3583977745009008 -917.6416022254991276
50 84.9686992248327186 -915.0313007751673240 82.3583977745009008 -917.6416022254991276
51 83.3655631410579332 -916.6344368589420810 82.3583977745009008 -917.6416022254991276
52 82.2947203271184833 -917.7052796728814883 82.2947203271184833 -917.7052796728814883
53 86.4222392163155035 -913.5777607836845391 82.2947203271184833 -917.7052796728814883
54 86.4871273789542130 -913.5128726210457444 82.2947203271184833 -917.7052796728814883
55 86.0417121933751616 -913.9582878066248668 82.2947203271184833 -917.7052796728814883
56 85.7960919495333627 -914.2039080504666799 82.2947203271184833 -917.7052796728814883
57 84.9502456649765918 -915.0497543350234082 82.2947203271184833 -917.7052796728814883
58 86.4794468045653275 -913.5205531954346725 82.2947203271184833 -917.7052796728814883
59 84.6539226199856785 -915.3460773800143215 82.2947203271184833 -917.7052796728814883
60 79.9335464917331819 -920.0664535082668181 79.9335464917331819 -920.0664535082668181
61 86.0828630280426097 -913.9171369719573477 79.9335464917331819 -920.0664535082668181
62 85.3376085126860460 -914.6623914873139256 79.9335464917331819 -920.0664535082668181
63 86.2628281870642155 -913.7371718129357987 79.9335464917331819 -920.0664535082668181
64 86.1334367030105312 -913.8665632969895114 79.9335464917331819 -920.0664535082668181
65 85.9231229111193500 -914.0768770888806785 79.9335464917331819 -920.0664535082668181
66 85.2664884273305148 -914.7335115726694994 79.9335464917331819 -920.0664535082668181
67 86.4726712739691123 -913.5273287260308734 79.9335464917331819 -920.0664535082668181
68 85.9715507646492370 -914.0284492353507630 79.9335464917331819 -920.0664535082668181
69 85.9364766894262289 -914.0635233105738280 79.9335464917331819 -920.0664535082668181
70 86.5210404120835932 -913.4789595879163926 79.9335464917331819 -920.0664535082668181
71 85.8201741588515006 -914.1798258411484994 79.9335464917331819 -920.0664535082668181
72 74.4246459443515533 -925.5753540556484040 74.4246459443515533 -925.5753540556484040
73 86.5119227062571525 -913.4880772937428901 74.4246459443515533 -925.5753540556484040
74 86.3847783563637961 -913.6152216436362323 74.4246459443515533 -925.5753540556484040
75 86.1671306432453008 -913.8328693567547134 74.4246459443515533 -925.5753540556484040
76 84.0320932801471088 -915.9679067198528628 74.4246459443515533 -925.5753540556484040
77 86.1703799056781037 -913.8296200943218537 74.4246459443515533 -925.5753540556484040
78 84.8464288850194635 -915.1535711149805365 74.4246459443515533 -925.5753540556484040
79 86.5427420767897075 -913.4572579232102498 74.4246459443515533 -925.5753540556484040
80 86.2138093092295463 -913.7861906907704679 74.4246459443515533 -925.5753540556484040
81 86.2183644721350788 -913.7816355278648643 74.4246459443515533 -925.5753540556484040
82 85.7208312885557575 -914.2791687114442993 74.4246459443515533 -925.5753540556484040
83 86.3006624204314932 -913.6993375795684642 74.4246459443515533 -925.5753540556484040
84 85.9534485742368446 -914.0465514257631412 74.4246459443515533 -925.5753540556484040
85 86.1277302602545944 -913.8722697397454340 74.4246459443515533 -925.5753540556484040
86 85.8159162702062446 -914.1840837297937696 74.4246459443515533 -925.5753540556484040
87 86.3565452316657911 -913.6434547683342089 74.4246459443515533 -925.5753540556484040
88 86.1547695380117062 -913.8452304619883080 74.4246459443515533 -925.5753540556484040
89 86.1546935264364748 -913.8453064735634825 74.4246459443515533 -925.5753540556484040
90 86.3228574212153035 -913.6771425787846965 74.4246459443515533 -925.5753540556484040
91 86.4438905148488317 -913.5561094851511825 74.4246459443515533 -925.5753540556484040
92 82.9203735062077385 -917.0796264937922615 74.4246459443515533 -925.5753540556484040
93 83.5555333677259000 -916.4444666322740431 74.4246459443515533 -925.5753540556484040
94 83.0292195756257598 -916.9707804243741975 74.4246459443515533 -925.5753540556484040
95 86.3103511350034438 -913.6896488649965704 74.4246459443515533 -925.5753540556484040
96 85.8741469409290801 -914.1258530590708915 74.4246459443515533 -925.5753540556484040
97 86.4287522048258978 -913.5712477951741448 74.4246459443515533 -925.5753540556484040
98 86.1732092032001020 -913.8267907967998553 74.4246459443515533 -925.5753540556484040
99 86.4554018400754529 -913.5445981599245897 74.4246459443515533 -925.5753540556484040
100 86.5455274015440352 -913.4544725984559363 74.4246459443515533 -925.5753540556484040
101 85.6196081675448681 -914.3803918324551887 74.4246459443515533 -925.5753540556484040
102 86.0833314312392872 -913.9166685687607696 74.4246459443515533 -925.5753540556484040
103 86.5072000170058857 -913.4927999829941427 74.4246459443515533 -925.5753540556484040
104 85.3517870286821392 -914.6482129713178892 74.4246459443515533 -925.5753540556484040
105 86.2343395971066968 -913.7656604028933316 74.4246459443515533 -925.5753540556484040
106 86.5001381671066696 -913.4998618328933162 74.4246459443515533 -925.5753540556484040
107 79.5994176282655843 -920.4005823717344583 74.4246459443515533 -925.5753540556484040
108 86.3356984630345323 -913.6643015369654677 74.4246459443515533 -925.5753540556484040
109 85.8938822507025321 -914.1061177492974821 74.4246459443515533 -925.5753540556484040
110 85.3631736997242854 -914.6368263002757431 74.4246459443515533 -925.5753540556484040
111 86.2025214306731016 -913.7974785693269268 74.4246459443515533 -925.5753540556484040
112 86.3963023894894064 -913.6036976105106078 74.4246459443515533 -925.5753540556484040
113 86.4509811076053438 -913.5490188923946562 74.4246459443515533 -925.5753540556484040
114 86.1733244046668290 -913.8266755953331995 74.4246459443515533 -925.5753540556484040
115 86.4870922109193998 -913.5129077890806002 74.4246459443515533 -925.5753540556484040
116 83.1791323947927168 -916.8208676052072406 74.4246459443515533 -925.5753540556484040
117 83.1980149791088337 -916.8019850208911521 74.4246459443515533 -925.5753540556484040
118 86.2097755533653327 -913.7902244466346247 74.4246459443515533 -925.5753540556484040
119 86.4551358924368714 -913.5448641075631713 74.4246459443515533 -925.5753540556484040
120 84.1317602475888151 -915.8682397524112275 74.4246459443515533 -925.5753540556484040
121 84.3379357491995165 -915.6620642508005403 74.4246459443515533 -925.5753540556484040
122 83.5173626232180482 -916.4826373767818950 74.4246459443515533 -925.5753540556484040
123 85.4727833861343953 -914.5272166138655621 74.4246459443515533 -925.5753540556484040
124 86.4805565931443567 -913.5194434068556575 74.4246459443515533 -925.5753540556484040
125 86.0922525692859324 -913.9077474307140392 74.4246459443515533 -925.5753540556484040
126 86.0684927161214830 -913.9315072838785454 74.4246459443515533 -925.5753540556484040
127 85.4085398705572629 -914.5914601294427939 74.4246459443515533 -925.5753540556484040
128 86.4289151392684261 -913.5710848607316166 74.4246459443515533 -925.5753540556484040
129 86.5407521783360210 -913.4592478216640075 74.4246459443515533 -925.5753540556484040
130 86.4849962627158959 -913.5150037372841325 74.4246459443515533 -925.5753540556484040
131 85.6506727105510492 -914.3493272894489792 74.4246459443515533 -925.5753540556484040
132 86.1424592055360137 -913.8575407944639437 74.4246459443515533 -925.5753540556484040
133 86.1830194440350965 -913.8169805559648466 74.4246459443515533 -925.5753540556484040
134 86.4711879736451436 -913.5288120263548990 74.4246459443515533 -925.5753540556484040
135 86.3404564467694797 -913.6595435532304919 74.4246459443515533 -925.5753540556484040
136 84.8301160839560708 -915.1698839160438865 74.4246459443515533 -925.5753540556484040
137 86.5004712897669066 -913.4995287102331076 74.4246459443515533 -925.5753540556484040
138 86.2934985587561840 -913.7065014412438586 74.4246459443515533 -925.5753540556484040
139 86.3614622009096280 -913.6385377990903862 74.4246459443515533 -925.5753540556484040
140 81.5827085842633011 -918.4172914157367131 74.4246459443515533 -925.5753540556484040
141 86.0780406084680010 -913.9219593915320274 74.4246459443515533 -925.5753540556484040
142 85.5876873468276642 -914.4123126531723074 74.4246459443515533 -925.5753540556484040
143 86.0193809414035968 -913.9806190585964032 74.4246459443515533 -925.5753540556484040
144 86.4978747964248811 -913.5021252035751331 74.4246459443515533 -925.5753540556484040
145 85.1325649633227641 -914.8674350366771932 74.4246459443515533 -925.5753540556484040
146 86.3199822049397767 -913.6800177950601665 74.4246459443515533 -925.5753540556484040
147 86.4221450781760865 -913.5778549218239277 74.4246459443515533 -925.5753540556484040
148 86.5458150666374166 -913.4541849333626260 74.4246459443515533 -925.5753540556484040
149 86.2044807554520247 -913.7955192445480179 74.4246459443515533 -925.5753540556484040
150 85.5014568229353387 -914.4985431770646755 74.4246459443515533 -925.5753540556484040
151 86.1945632397138581 -913.8054367602861703 74.4246459443515533 -925.5753540556484040
152 86.5464948294848426 -913.4535051705152000 74.4246459443515533 -925.5753540556484040
153 86.2431342246557762 -913.7568657753441812 74.4246459443515533 -925.5753540556484040
154 86.4191670814801540 -913.5808329185198318 74.4246459443515533 -925.5753540556484040
155 86.3706935689601636 -913.6293064310398222 74.4246459443515533 -925.5753540556484040
156 85.9537100247404169 -914.0462899752595831 74.4246459443515533 -925.5753540556484040
157 86.2323892950265787 -913.7676107049734355 74.4246459443515533 -925.5753540556484040
158 86.3782982135998765 -913.6217017864000809 74.4246459443515533 -925.5753540556484040
159 86.3860507463951279 -913.6139492536049147 74.4246459443515533 -925.5753540556484040
160 86.1984907308682864 -913.8015092691316568 74.4246459443515533 -925.5753540556484040
161 84.7845304265195665 -915.2154695734803909 74.4246459443515533 -925.5753540556484040
162 84.0988974194837766 -915.9011025805161808 74.4246459443515533 -925.5753540556484040
163 84.9824817266226660 -915.0175182733773909 74.4246459443515533 -925.5753540556484040
164 86.4847497453239100 -913.5152502546760616 74.4246459443515533 -925.5753540556484040
165 86.4518254317906809 -913.5481745682093333 74.4246459443515533 -925.5753540556484040
166 85.2039330001940272 -914.7960669998059302 74.4246459443515533 -925.5753540556484040
167 86.0679419285741147 -913.9320580714258995 74.4246459443515533 -925.5753540556484040
168 85.1824853469836683 -914.8175146530163602 74.4246459443515533 -925.5753540556484040
169 84.9262585109164689 -915.0737414890835453 74.4246459443515533 -925.5753540556484040
170 86.2931961375769703 -913.7068038624230439 74.4246459443515533 -925.5753540556484040
171 86.5088125711783249 -913.4911874288217177 74.4246459443515533 -925.5753540556484040
172 86.2663203948565638 -913.7336796051433794 74.4246459443515533 -925.5753540556484040
173 85.6454441607296673 -914.3545558392703470 74.4246459443515533 -925.5753540556484040
174 81.8771949387030276 -918.1228050612969582 74.4246459443515533 -925.5753540556484040
175 85.8286923428951241 -914.1713076571048759 74.4246459443515533 -925.5753540556484040
176 86.0650341860037571 -913.9349658139962003 74.4246459443515533 -925.5753540556484040
177 86.3926630370084894 -913.6073369629915533 74.4246459443515533 -925.5753540556484040
178 83.9583093835417742 -916.0416906164582542 74.4246459443515533 -925.5753540556484040
179 86.2528870072577121 -913.7471129927422453 74.4246459443515533 -925.5753540556484040
180 85.8924861344145398 -914.1075138655854744 74.4246459443515533 -925.5753540556484040
181 86.4603753864535776 -913.5396246135463798 74.4246459443515533 -925.5753540556484040
182 86.4491909000193175 -913.5508090999807109 74.4246459443515533 -925.5753540556484040
183 86.4161369841490767 -913.5838630158509659 74.4246459443515533 -925.5753540556484040
184 86.0733147848810347 -913.9266852151189369 74.4246459443515533 -925.5753540556484040
185 86.4005140454607243 -913.5994859545393183 74.4246459443515533 -925.5753540556484040
186 86.1704534625859111 -913.8295465374141031 74.4246459443515533 -925.5753540556484040
187 84.6711146925514555 -915.3288853074485587 74.4246459443515533 -925.5753540556484040
188 83.3621597363055571 -916.6378402636944429 74.4246459443515533 -925.5753540556484040
189 86.0289539490501340 -913.9710460509498944 74.4246459443515533 -925.5753540556484040
190 85.7276013613181789 -914.2723986386818069 74.4246459443515533 -925.5753540556484040
191 86.2770786487877643 -913.7229213512122215 74.4246459443515533 -925.5753540556484040
192 85.9209961912882250 -914.0790038087118319 74.4246459443515533 -925.5753540556484040
193 85.5786823289975302 -914.4213176710024982 74.4246459443515533 -925.5753540556484040
194 84.0392362833556632 -915.9607637166443510 74.4246459443515533 -925.5753540556484040
195 86.4740233865081080 -913.5259766134919346 74.4246459443515533 -925.5753540556484040
196 82.3874395134854751 -917.6125604865145533 74.4246459443515533 -925.5753540556484040
197 86.2271798032725059 -913.7728201967274799 74.4246459443515533 -925.5753540556484040
198 84.9414740909105461 -915.0585259090894397 74.4246459443515533 -925.5753540556484040
199 83.6173589871179672 -916.3826410128820044 74.4246459443515533 -925.5753540556484040
200 83.3319101697902624 -916.6680898302097376 74.4246459443515533 -925.5753540556484040
201 86.1225545868396694 -913.8774454131603306 74.4246459443515533 -925.5753540556484040
202 86.4500164083795255 -913.5499835916205029 74.4246459443515533 -925.5753540556484040
203 86.3973085705933386 -913.6026914294066046 74.4246459443515533 -925.5753540556484040
204 86.1604289709736832 -913.8395710290262741 74.4246459443515533 -925.5753540556484040
205 86.1676663476852838 -913.8323336523146736 74.4246459443515533 -925.5753540556484040
206 86.2757499319716885 -913.7242500680283683 74.4246459443515533 -925.5753540556484040
207 86.3944475135324410 -913.6055524864675590 74.4246459443515533 -925.5753540556484040
208 84.4840587063297050 -915.5159412936702665 74.4246459443515533 -925.5753540556484040
209 84.2961208489018645 -915.7038791510981355 74.4246459443515533 -925.5753540556484040
210 85.7108336868363523 -914.2891663131636051 74.4246459443515533 -925.5753540556484040
211 81.5025568716153117 -918.4974431283847025 74.4246459443515533 -925.5753540556484040
212 86.4750436732653611 -913.5249563267345820 74.4246459443515533 -925.5753540556484040
213 86.0158298713872824 -913.9841701286127318 74.4246459443515533 -925.5753540556484040
214 86.1208509543390903 -913.8791490456609381 74.4246459443515533 -925.5753540556484040
215 86.5095700730941957 -913.4904299269057901 74.4246459443515533 -925.5753540556484040
216 84.5290519328309955 -915.4709480671690471 74.4246459443515533 -925.5753540556484040
217 85.1860541184373687 -914.8139458815626313 74.4246459443515533 -925.5753540556484040
218 86.2193362413679409 -913.7806637586320448 74.4246459443515533 -925.5753540556484040
219 86.5231558722968259 -913.4768441277032025 74.4246459443515533 -925.5753540556484040
220 85.2223257798571154 -914.7776742201428988 74.4246459443515533 -925.5753540556484040
221 86.4568232806958576 -913.5431767193041424 74.4246459443515533 -925.5753540556484040
222 86.1205447958576116 -913.8794552041423458 74.4246459443515533 -925.5753540556484040
223 86.4122769081290443 -913.5877230918709984 74.4246459443515533 -925.5753540556484040
224 85.8921437140459290 -914.1078562859540853 74.4246459443515533 -925.5753540556484040
225 85.8403788946784090 -914.1596211053215484 74.4246459443515533 -925.5753540556484040
226 83.1816349326347648 -916.8183650673652210 74.4246459443515533 -925.5753540556484040
227 83.6862753807813959 -916.3137246192186467 74.4246459443515533 -925.5753540556484040
228 85.6961682040352173 -914.3038317959648111 74.4246459443515533 -925.5753540556484040
229 81.6623594059773694 -918.3376405940226732 74.4246459443515533 -925.5753540556484040
230 86.1574953253634277 -913.8425046746365297 74.4246459443515533 -925.5753540556484040
231 86.3289647679675483 -913.6710352320324091 74.4246459443515533 -925.5753540556484040
232 85.5779123692915533 -914.4220876307084609 74.4246459443515533 -925.5753540556484040
233 85.3648804860138597 -914.6351195139861829 74.4246459443515533 -925.5753540556484040
234 85.9496207285388323 -914.0503792714612246 74.4246459443515533 -925.5753540556484040
235 86.3851728636585960 -913.6148271363414324 74.4246459443515533 -925.5753540556484040
236 86.2974231472289119 -913.7025768527711307 74.4246459443515533 -925.5753540556484040
237 85.9602790643836414 -914.0397209356164012 74.4246459443515533 -925.5753540556484040
238 83.2392871582691214 -916.7607128417308786 74.4246459443515533 -925.5753540556484040
239 79.8381312307474786 -920.1618687692525782 74.4246459443515533 -925.5753540556484040
240 86.3474411021623212 -913.6525588978377073 74.4246459443515533 -925.5753540556484040
241 86.2367195629328194 -913.7632804370671238 74.4246459443515533 -925.5753540556484040
242 86.5143972648001665 -913.4856027351997909 74.4246459443515533 -925.5753540556484040
243 85.5289310386370403 -914.4710689613630166 74.4246459443515533 -925.5753540556484040
244 84.9875603844397745 -915.0124396155601971 74.4246459443515533 -925.5753540556484040
245 84.8675247333552960 -915.1324752666447466 74.4246459443515533 -925.5753540556484040
246 86.0430942287509168 -913.9569057712491258 74.4246459443515533 -925.5753540556484040
247 86.1785282383277007 -913.8214717616723419 74.4246459443515533 -925.5753540556484040
248 86.4618531303828632 -913.5381468696170941 74.4246459443515533 -925.5753540556484040
249 85.6524735102676971 -914.3475264897323314 74.4246459443515533 -925.5753540556484040
250 85.7083048938656020 -914.2916951061343980 74.4246459443515533 -925.5753540556484040
251 86.4247536254031985 -913.5752463745967589 74.4246459443515533 -925.5753540556484040
252 86.0701745648595420 -913.9298254351404012 74.4246459443515533 -925.5753540556484040
253 86.5245910800934723 -913.4754089199064992 74.4246459443515533 -925.5753540556484040
254 84.0786413532534311 -915.9213586467465120 74.4246459443515533 -925.5753540556484040
255 85.7286860781213278 -914.2713139218786864 74.4246459443515533 -925.5753540556484040
256 86.2702495498063939 -913.7297504501935919 74.4246459443515533 -925.5753540556484040
257 84.9456165933619758 -915.0543834066380668 74.4246459443515533 -925.5753540556484040
258 85.7265814862693958 -914.2734185137305758 74.4246459443515533 -925.5753540556484040
259 86.2154578646114089 -913.7845421353886195 74.4246459443515533 -925.5753540556484040
260 86.4109968510526727 -913.5890031489473131 74.4246459443515533 -925.5753540556484040
261 86.3476485125816566 -913.6523514874184002 74.4246459443515533 -925.5753540556484040
262 84.6564316770288627 -915.3435683229711231 74.4246459443515533 -925.5753540556484040
263 85.9336089702235739 -914.0663910297764687 74.4246459443515533 -925.5753540556484040
264 86.0373690201068939 -913.9626309798931061 74.4246459443515533 -925.5753540556484040
265 86.5140758833651091 -913.4859241166349193 74.4246459443515533 -925.5753540556484040
266 85.4936455474901180 -914.5063544525098678 74.4246459443515533 -925.5753540556484040
267 86.2513139919270202 -913.7486860080730366 74.4246459443515533 -925.5753540556484040
268 84.3407633224587130 -915.6592366775412302 74.4246459443515533 -925.5753540556484040
269 85.8051001244338352 -914.1948998755661933 74.4246459443515533 -925.5753540556484040
270 85.9640481271575538 -914.0359518728424746 74.4246459443515533 -925.5753540556484040
271 84.4279744952629585 -915.5720255047369847 74.4246459443515533 -925.5753540556484040
272 86.4241360345220357 -913.5758639654779927 74.4246459443515533 -925.5753540556484040
273 85.5317554550230170 -914.4682445449769830 74.4246459443515533 -925.5753540556484040
274 86.5101783081471893 -913.4898216918528533 74.4246459443515533 -925.5753540556484040
275 84.3031808454890950 -915.6968191545108766 74.4246459443515533 -925.5753540556484040
276 86.3802361920052562 -913.6197638079947865 74.4246459443515533 -925.5753540556484040
277 86.2794825332097588 -913.7205174667902838 74.4246459443515533 -925.5753540556484040
278 86.3244632813885318 -913.6755367186115109 74.4246459443515533 -925.5753540556484040
279 85.5830267245708711 -914.4169732754290862 74.4246459443515533 -925.5753540556484040
280 86.4099825612228898 -913.5900174387770676 74.4246459443515533 -925.5753540556484040
281 86.4963444364731373 -913.5036555635268769 74.4246459443515533 -925.5753540556484040
282 86.4872712071636442 -913.5127287928363558 74.4246459443515533 -925.5753540556484040
283 85.0156942558200086 -914.9843057441800056 74.4246459443515533 -925.5753540556484040
284 86.2023750874122214 -913.7976249125878212 74.4246459443515533 -925.5753540556484040
285 85.1929548827296514 -914.8070451172703770 74.4246459443515533 -925.5753540556484040
286 85.7275559631876973 -914.2724440368123169 74.4246459443515533 -925.5753540556484040
287 85.9464328275178389 -914.0535671724821896 74.4246459443515533 -925.5753540556484040
288 86.0873365503814654 -913.9126634496185488 74.4246459443515533 -925.5753540556484040
289 78.9765535687571401 -921.0234464312428599 74.4246459443515533 -925.5753540556484040
290 85.6672798703923490 -914.3327201296076510 74.4246459443515533 -925.5753540556484040
291 86.2307262280596092 -913.7692737719403340 74.4246459443515533 -925.5753540556484040
292 85.9367539370757783 -914.0632460629242360 74.4246459443515533 -925.5753540556484040
293 85.7438162743497827 -914.2561837256502031 74.4246459443515533 -925.5753540556484040
294 82.5325203812219712 -917.4674796187780430 74.4246459443515533 -925.5753540556484040
295 85.6753638095600678 -914.3246361904399464 74.4246459443515533 -925.5753540556484040
296 83.5721046278622737 -916.4278953721377547 74.4246459443515533 -925.5753540556484040
297 85.7704766563179675 -914.2295233436819899 74.4246459443515533 -925.5753540556484040
298 86.1958708597310022 -913.8041291402689694 74.4246459443515533 -925.5753540556484040
299 86.3843190626681263 -913.6156809373318310 74.4246459443515533 -925.5753540556484040
300 86.5182624418950184 -913.4817375581050101 74.4246459443515533 -925.5753540556484040
301 82.4704421589679129 -917.5295578410321014 74.4246459443515533 -925.5753540556484040
302 86.4643779946860604 -913.5356220053139396 74.4246459443515533 -925.5753540556484040
303 84.7440850279135418 -915.2559149720864298 74.4246459443515533 -925.5753540556484040
304 85.8695586418048293 -914.1304413581951849 74.4246459443515533 -925.5753540556484040
305 86.2928242491355064 -913.7071757508645078 74.4246459443515533 -925.5753540556484040
306 84.5577267380036517 -915.4422732619963199 74.4246459443515533 -925.5753540556484040
307 86.3832071427033412 -913.6167928572966730 74.4246459443515533 -925.5753540556484040
308 85.8038543373191942 -914.1961456626808058 74.4246459443515533 -925.5753540556484040
309 85.9462030949597278 -914.0537969050402580 74.4246459443515533 -925.5753540556484040
310 86.1321651163070214 -913.8678348836929217 74.4246459443515533 -925.5753540556484040
311 86.5219372812054814 -913.4780627187944901 74.4246459443515533 -925.5753540556484040
312 85.8666399494969141 -914.1333600505031427 74.4246459443515533 -925.5753540556484040
313 86.5440662769543820 -913.4559337230456322 74.4246459443515533 -925.5753540556484040
314 85.5117354804009580 -914.4882645195990563 74.4246459443515533 -925.5753540556484040
315 86.4052282530407183 -913.5947717469592817 74.4246459443515533 -925.5753540556484040
316 86.4790968472977397 -913.5209031527022034 74.4246459443515533 -925.5753540556484040
317 86.3174014352997290 -913.6825985647002426 74.4246459443515533 -925.5753540556484040
318 84.6902445095801681 -915.3097554904197750 74.4246459443515533 -925.5753540556484040
319 86.5195078978296408 -913.4804921021703876 74.4246459443515533 -925.5753540556484040
320 79.5745374807509052 -920.4254625192490948 74.4246459443515533 -925.5753540556484040
321 86.4876960852471086 -913.5123039147529198 74.4246459443515533 -925.5753540556484040
322 86.1373124181120886 -913.8626875818879398 74.4246459443515533 -925.5753540556484040
323 86.1172599916525172 -913.8827400083474686 74.4246459443515533 -925.5753540556484040
324 85.5487399929102708 -914.4512600070897861 74.4246459443515533 -925.5753540556484040
325 86.4105285917014072 -913.5894714082985502 74.4246459443515533 -925.5753540556484040
326 85.2821058427791030 -914.7178941572209396 74.4246459443515533 -925.5753540556484040
327 79.3903193376766581 -920.6096806623233988 74.4246459443515533 -925.5753540556484040
328 86.3962055318629325 -913.6037944681370391 74.4246459443515533 -925.5753540556484040
329 82.8761818755495625 -917.1238181244503949 74.4246459443515533 -925.5753540556484040
330 84.4241163472836149 -915.5758836527163567 74.4246459443515533 -925.5753540556484040
331 85.6434532349408073 -914.3565467650591927 74.4246459443515533 -925.5753540556484040
332 86.2137165564017778 -913.7862834435982222 74.4246459443515533 -925.5753540556484040
333 85.8273878317719436 -914.1726121682280564 74.4246459443515533 -925.5753540556484040
334 86.3716439850547033 -913.6283560149453251 74.4246459443515533 -925.5753540556484040
335 86.2756539318725686 -913.7243460681274883 74.4246459443515533 -925.5753540556484040
336 77.2934344942146652 -922.7065655057853064 74.4246459443515533 -925.5753540556484040
337 82.7145201278135147 -917.2854798721864427 74.4246459443515533 -925.5753540556484040
338 86.3277912847514699 -913.6722087152485301 74.4246459443515533 -925.5753540556484040
339 84.2932011267047159 -915.7067988732952699 74.4246459443515533 -925.5753540556484040
340 82.3541905144560786 -917.6458094855439640 74.4246459443515533 -925.5753540556484040
341 86.3937107494600269 -913.6062892505399304 74.4246459443515533 -925.5753540556484040
342 84.1077855615662457 -915.8922144384337116 74.4246459443515533 -925.5753540556484040
343 86.2232005215820294 -913.7767994784179564 74.4246459443515533 -925.5753540556484040
344 86.2702353907669703 -913.7297646092330297 74.4246459443515533 -925.5753540556484040
345 86.3650545163986294 -913.6349454836013138 74.4246459443515533 -925.5753540556484040
346 85.9913782920958596 -914.0086217079041262 74.4246459443515533 -925.5753540556484040
347 85.6449283757972495 -914.3550716242027647 74.4246459443515533 -925.5753540556484040
348 86.0284971980644286 -913.9715028019355714 74.4246459443515533 -925.5753540556484040
349 86.3582330058439283 -913.6417669941561144 74.4246459443515533 -925.5753540556484040
350 85.4822450733988006 -914.5177549266012420 74.4246459443515533 -925.5753540556484040
351 85.1875519673558728 -914.8124480326441699 74.4246459443515533 -925.5753540556484040
352 86.0870823518420849 -913.9129176481578725 74.4246459443515533 -925.5753540556484040
353 86.1820435695196920 -913.8179564304803080 74.4246459443515533 -925.5753540556484040
354 86.5181524219261604 -913.4818475780738254 74.4246459443515533 -925.5753540556484040
355 84.3132990528945214 -915.6867009471054644 74.4246459443515533 -925.5753540556484040
356 86.4746461759155949 -913.5253538240843909 74.4246459443515533 -925.5753540556484040
357 86.2109578606373361 -913.7890421393626639 74.4246459443515533 -925.5753540556484040
358 85.9789723961829822 -914.0210276038170605 74.4246459443515533 -925.5753540556484040
359 85.7928559759971137 -914.2071440240029006 74.4246459443515533 -925.5753540556484040
360 86.5272674736097258 -913.4727325263902458 74.4246459443515533 -925.5753540556484040
361 86.3989247141256982 -913.6010752858743444 74.4246459443515533 -925.5753540556484040
362 83.4654522590750787 -916.5345477409249497 74.4246459443515533 -925.5753540556484040
363 86.0155593293648337 -913.9844406706351947 74.4246459443515533 -925.5753540556484040
364 86.1812697317075731 -913.8187302682924837 74.4246459443515533 -925.5753540556484040
365 84.4897326260171582 -915.5102673739828560 74.4246459443515533 -925.5753540556484040
366 86.0341557195605731 -913.9658442804394554 74.4246459443515533 -925.5753540556484040
367 84.8489163804058109 -915.1510836195941465 74.4246459443515533 -925.5753540556484040
368 84.3106523466407225 -915.6893476533592775 74.4246459443515533 -925.5753540556484040
369 86.5043927605338610 -913.4956072394661533 74.4246459443515533 -925.5753540556484040
370 86.2568813304786914 -913.7431186695213228 74.4246459443515533 -925.5753540556484040
371 86.5057941073197014 -913.4942058926802702 74.4246459443515533 -925.5753540556484040
372 86.4093862975753382 -913.5906137024246618 74.4246459443515533 -925.5753540556484040
373 84.6469609028041390 -915.3530390971958468 74.4246459443515533 -925.5753540556484040
374 85.9363919302998909 -914.0636080697000807 74.4246459443515533 -925.5753540556484040
375 86.3773903956738849 -913.6226096043261578 74.4246459443515533 -925.5753540556484040
376 86.2686640605383701 -913.7313359394615873 74.4246459443515533 -925.5753540556484040
377 86.3954431428913807 -913.6045568571086051 74.4246459443515533 -925.5753540556484040
378 86.0357705054166360 -913.9642294945833783 74.4246459443515533 -925.5753540556484040
379 85.7949031093063184 -914.2050968906936532 74.4246459443515533 -925.5753540556484040
380 85.7575927952962616 -914.2424072047037953 74.4246459443515533 -925.5753540556484040
381 86.4644056127702640 -913.5355943872297075 74.4246459443515533 -925.5753540556484040
382 86.4192284615496220 -913.5807715384503354 74.4246459443515533 -925.5753540556484040
383 85.3391860959194304 -914.6608139040805554 74.4246459443515533 -925.5753540556484040
384 85.1546354807408079 -914.8453645192591921 74.4246459443515533 -925.5753540556484040
385 81.6087077495022868 -918.3912922504977132 74.4246459443515533 -925.5753540556484040
386 86.0348038732915654 -913.9651961267084062 74.4246459443515533 -925.5753540556484040
387 85.0486813224934224 -914.9513186775066060 74.4246459443515533 -925.5753540556484040
388 83.0826888164083641 -916.9173111835916643 74.4246459443515533 -925.5753540556484040
389 86.4971287394675414 -913.5028712605324017 74.4246459443515533 -925.5753540556484040
390 84.9012602925878781 -915.0987397074121645 74.4246459443515533 -925.5753540556484040
391 84.7619350708392716 -915.2380649291607142 74.4246459443515533 -925.5753540556484040
392 85.8370135314752929 -914.1629864685246503 74.4246459443515533 -925.5753540556484040
393 86.3827078738823673 -913.6172921261176043 74.4246459443515533 -925.5753540556484040
394 86.4879405642228534 -913.5120594357771324 74.4246459443515533 -925.5753540556484040
395 86.4534470125077377 -913.5465529874923050 74.4246459443515533 -925.5753540556484040
396 85.9196873915370531 -914.0803126084629184 74.4246459443515533 -925.5753540556484040
397 85.9741522589713441 -914.0258477410286559 74.4246459443515533 -925.5753540556484040
398 85.6274177103805698 -914.3725822896194586 74.4246459443515533 -925.5753540556484040
399 86.4910152794958975 -913.5089847205041451 74.4246459443515533 -925.5753540556484040
400 85.2444303570498363 -914.7555696429501495 74.4246459443515533 -925.5753540556484040
401 86.1575588256710603 -913.8424411743289966 74.4246459443515533 -925.5753540556484040
402 86.3465187425555456 -913.6534812574444686 74.4246459443515533 -925.5753540556484040
403 86.4809934469116257 -913.5190065530883885 74.4246459443515533 -925.5753540556484040
404 84.7631461391749355 -915.2368538608250219 74.4246459443515533 -925.5753540556484040
405 86.2824584614913448 -913.7175415385086126 74.4246459443515533 -925.5753540556484040
406 86.3369788912201415 -913.6630211087798443 74.4246459443515533 -925.5753540556484040
407 86.0749032276637962 -913.9250967723362464 74.4246459443515533 -925.5753540556484040
408 81.8941223720152180 -918.1058776279847962 74.4246459443515533 -925.5753540556484040
409 85.9067204428129116 -914.0932795571870884 74.4246459443515533 -925.5753540556484040
410 86.4966948636469795 -913.5033051363529921 74.4246459443515533 -925.5753540556484040
411 86.1120870528713596 -913.8879129471285978 74.4246459443515533 -925.5753540556484040
412 86.2882395812624452 -913.7117604187375264 74.4246459443515533 -925.5753540556484040
413 85.5764246736914629 -914.4235753263085371 74.4246459443515533 -925.5753540556484040
414 85.1500526112380243 -914.8499473887619615 74.4246459443515533 -925.5753540556484040
415 86.1528778572437233 -913.8471221427562341 74.4246459443515533 -925.5753540556484040
416 85.6792273798758686 -914.3207726201241030 74.4246459443515533 -925.5753540556484040
417 86.4317268629850446 -913.5682731370150123 74.4246459443515533 -925.5753540556484040
418 86.1347967700177293 -913.8652032299822849 74.4246459443515533 -925.5753540556484040
419 86.2421950621146181 -913.7578049378853393 74.4246459443515533 -925.5753540556484040
420 86.3126556899015469 -913.6873443100984105 74.4246459443515533 -925.5753540556484040
421 85.8847615776653868 -914.1152384223346417 74.4246459443515533 -925.5753540556484040
422 86.4946148238531975 -913.5053851761467740 74.4246459443515533 -925.5753540556484040
423 86.1693637251118076 -913.8306362748882066 74.4246459443515533 -925.5753540556484040
424 86.1061851427535885 -913.8938148572464115 74.4246459443515533 -925.5753540556484040
425 86.1019361111650170 -913.8980638888349404 74.4246459443515533 -925.5753540556484040
426 86.0166577008263573 -913.9833422991736143 74.4246459443515533 -925.5753540556484040
427 86.2538563514754628 -913.7461436485245940 74.4246459443515533 -925.5753540556484040
428 83.1084179365467577 -916.8915820634532565 74.4246459443515533 -925.5753540556484040
429 86.2165834656955496 -913.7834165343044788 74.4246459443515533 -925.5753540556484040
430 86.4284827129755797 -913.5715172870244487 74.4246459443515533 -925.5753540556484040
431 85.4943766699449412 -914.5056233300550730 74.4246459443515533 -925.5753540556484040
432 85.8939080059751632 -914.1060919940248368 74.4246459443515533 -925.5753540556484040
433 86.3540036713634436 -913.6459963286365564 74.4246459443515533 -925.5753540556484040
434 83.9386626848317263 -916.0613373151683163 74.4246459443515533 -925.5753540556484040
435 86.4735071310822150 -913.5264928689177850 74.4246459443515533 -925.5753540556484040
436 85.7468574669902921 -914.2531425330097363 74.4246459443515533 -925.5753540556484040
437 86.2392264435289917 -913.7607735564710083 74.4246459443515533 -925.5753540556484040
438 86.4016408792143977 -913.5983591207856307 74.4246459443515533 -925.5753540556484040
439 85.9888103997531630 -914.0111896002467802 74.4246459443515533 -925.5753540556484040
440 86.4338622554878810 -913.5661377445121616 74.4246459443515533 -925.5753540556484040
441 85.2250432036098857 -914.7749567963901427 74.4246459443515533 -925.5753540556484040
442 85.5762052644559219 -914.4237947355441065 74.4246459443515533 -925.5753540556484040
443 86.3115228888635073 -913.6884771111365353 74.4246459443515533 -925.5753540556484040
444 77.4835763656760719 -922.5164236343239281 74.4246459443515533 -925.5753540556484040
445 85.7982525951187824 -914.2017474048811891 74.4246459443515533 -925.5753540556484040
446 85.5726749689174682 -914.4273250310825460 74.4246459443515533 -925.5753540556484040
447 86.3493192118071278 -913.6506807881928580 74.4246459443515533 -925.5753540556484040
448 86.0070028863236331 -913.9929971136763243 74.4246459443515533 -925.5753540556484040
449 83.0910339621945582 -916.9089660378053850 74.4246459443515533 -925.5753540556484040
450 86.4530931733827117 -913.5469068266172599 74.4246459443515533 -925.5753540556484040
451 86.1001659700287121 -913.8998340299713163 74.4246459443515533 -925.5753540556484040
452 86.5462139061211673 -913.4537860938788754 74.4246459443515533 -925.5753540556484040
453 86.1309508557028920 -913.8690491442971506 74.4246459443515533 -925.5753540556484040
454 86.4732447226352008 -913.5267552773648276 74.4246459443515533 -925.5753540556484040
455 86.4923655355400456 -913.5076344644598976 74.4246459443515533 -925.5753540556484040
456 82.5781794775770095 -917.4218205224229905 74.4246459443515533 -925.5753540556484040
457 85.2582374485509717 -914.7417625514490283 74.4246459443515533 -925.5753540556484040
458 86.0739055516191627 -913.9260944483808089 74.4246459443515533 -925.5753540556484040
459 77.4243496173423722 -922.5756503826576136 74.4246459443515533 -925.5753540556484040
460 86.3860413577407229 -913.6139586422592629 74.4246459443515533 -925.5753540556484040
461 85.9188522001931148 -914.0811477998068995 74.4246459443515533 -925.5753540556484040
462 84.7007598044720851 -915.2992401955278865 74.4246459443515533 -925.5753540556484040
463 84.8209818245282463 -915.1790181754718105 74.4246459443515533 -925.5753540556484040
464 86.0125058935070399 -913.9874941064929317 74.4246459443515533 -925.5753540556484040
465 85.8260420033111302 -914.1739579966888414 74.4246459443515533 -925.5753540556484040
466 84.7753340106849294 -915.2246659893150991 74.4246459443515533 -925.5753540556484040
467 86.0942223041371619 -913.9057776958628665 74.4246459443515533 -925.5753540556484040
468 82.3319205552898268 -917.6680794447102016 74.4246459443515533 -925.5753540556484040
469 86.3054213602283511 -913.6945786397716347 74.4246459443515533 -925.5753540556484040
470 85.9462832882794601 -914.0537167117205399 74.4246459443515533 -925.5753540556484040
471 86.4487783226453388 -913.5512216773546470 74.4246459443515533 -925.5753540556484040
472 85.6627758276472662 -914.3372241723527623 74.4246459443515533 -925.5753540556484040
473 86.5242902482422238 -913.4757097517577904 74.4246459443515533 -925.5753540556484040
474 86.3393563374527275 -913.6606436625472725 74.4246459443515533 -925.5753540556484040
475 86.2763779888080364 -913.7236220111919920 74.4246459443515533 -925.5753540556484040
476 85.7327631523579896 -914.2672368476420388 74.4246459443515533 -925.5753540556484040
477 86.3956895087466421 -913.6043104912533863 74.4246459443515533 -925.5753540556484040
478 86.2609060405401777 -913.7390939594598649 74.4246459443515533 -925.5753540556484040
479 84.7279552112913876 -915.2720447887086266 74.4246459443515533 -925.5753540556484040
480 84.4602657714860499 -915.5397342285139075 74.4246459443515533 -925.5753540556484040
481 86.1228817874932133 -913.8771182125067298 74.4246459443515533 -925.5753540556484040
482 79.2752905048991892 -920.7247094951007966 74.4246459443515533 -925.5753540556484040
483 86.0372619421703604 -913.9627380578295970 74.4246459443515533 -925.5753540556484040
484 86.2486873461164691 -913.7513126538835877 74.4246459443515533 -925.5753540556484040
485 86.0961875264826517 -913.9038124735172914 74.4246459443515533 -925.5753540556484040
486 81.2394928259704585 -918.7605071740294989 74.4246459443515533 -925.5753540556484040
487 86.1352715272680030 -913.8647284727319402 74.4246459443515533 -925.5753540556484040
488 85.8394824878586888 -914.1605175121412685 74.4246459443515533 -925.5753540556484040
489 81.5667985924209660 -918.4332014075790767 74.4246459443515533 -925.5753540556484040
490 85.9258121573416531 -914.0741878426583753 74.4246459443515533 -925.5753540556484040
491 86.5587630670129329 -913.4412369329870671 74.4246459443515533 -925.5753540556484040
492 83.9795875864985675 -916.0204124135013899 74.4246459443515533 -925.5753540556484040
493 86.3863000090025537 -913.6136999909974747 74.4246459443515533 -925.5753540556484040
494 86.2209013442643055 -913.7790986557356518 74.4246459443515533 -925.5753540556484040
495 86.5523991537575341 -913.4476008462424943 74.4246459443515533 -925.5753540556484040
496 86.3584128266365667 -913.6415871733634049 74.4246459443515533 -925.5753540556484040
497 86.4537386510123156 -913.5462613489876276 74.4246459443515533 -925.5753540556484040
498 86.3094662259077126 -913.6905337740922732 74.4246459443515533 -925.5753540556484040
499 85.0576070256311425 -914.9423929743688859 74.4246459443515533 -925.5753540556484040
500 85.7883285613837501 -914.2116714386162357 74.4246459443515533 -925.5753540556484040
