evaluations raw_y current_y raw_y_best current_y_best
1 573823.5432146313833073 573972.6932146314065903 573823.5432146313833073 573972.6932146314065903
2 419002.0661939758574590 419151.2161939758807421 419002.0661939758574590 419151.2161939758807421
3 265636.1371755209984258 265785.2871755210217088 265636.1371755209984258 265785.2871755210217088
4 576023.9146122306119651 576173.0646122306352481 265636.1371755209984258 265785.2871755210217088
5 762274.8952047618804500 762424.0452047619037330 265636.1371755209984258 265785.2871755210217088
6 624349.6617383975535631 624498.8117383975768462 265636.1371755209984258 265785.2871755210217088
7 297672.3962838223669678 297821.5462838223902509 265636.1371755209984258 265785.2871755210217088
8 774935.2055244895163924 775084.3555244895396754 265636.1371755209984258 265785.2871755210217088
9 162040.4345417382137384 162189.5845417382079177 162040.4345417382137384 162189.5845417382079177
10 89881.2631193885172252 90030.4131193885114044 89881.2631193885172252 90030.4131193885114044
11 68279.6651418634864967 68428.8151418634806760 68279.6651418634864967 68428.8151418634806760
12 54264.7450169863150222 54413.8950169863164774 54264.7450169863150222 54413.8950169863164774
13 35937.0494399523377069 36086.1994399523391621 35937.0494399523377069 36086.1994399523391621
14 37019.6958170507132309 37168.8458170507146860 35937.0494399523377069 36086.1994399523391621
15 36093.5288758388778660 36242.6788758388793212 35937.0494399523377069 36086.1994399523391621
16 37143.7341565500319120 37292.8841565500333672 35937.0494399523377069 36086.1994399523391621
17 28772.0637547979094961 28921.2137547979109513 28772.0637547979094961 28921.2137547979109513
18 28542.2175834442787163 28691.3675834442801715 28542.2175834442787163 28691.3675834442801715
19 31729.8274464956266456 31878.9774464956281008 28542.2175834442787163 28691.3675834442801715
20 21487.4644627409325039 21636.6144627409339591 21487.4644627409325039 21636.6144627409339591
21 25191.2867888086693711 25340.4367888086708263 21487.4644627409325039 21636.6144627409339591
22 23257.1356179556605639 23406.2856179556620191 21487.4644627409325039 21636.6144627409339591
23 35206.5076485457539093 35355.6576485457553645 21487.4644627409325039 21636.6144627409339591
24 24934.7691564635897521 25083.9191564635912073 21487.4644627409325039 21636.6144627409339591
25 29026.2336890284714173 29175.3836890284728725 21487.4644627409325039 21636.6144627409339591
26 24600.6076777918315202 24749.7576777918329753 21487.4644627409325039 21636.6144627409339591
27 36730.5911413111025468 36879.7411413111040019 21487.4644627409325039 21636.6144627409339591
28 46963.2291371037790668 47112.3791371037805220 21487.4644627409325039 21636.6144627409339591
29 36205.4124842884557438 36354.5624842884571990 21487.4644627409325039 21636.6144627409339591
30 43876.7529399854101939 44025.9029399854116491 21487.4644627409325039 21636.6144627409339591
31 34135.3561279799032491 34284.5061279799047043 21487.4644627409325039 21636.6144627409339591
32 23271.3343495868539321 23420.4843495868553873 21487.4644627409325039 21636.6144627409339591
33 33166.8713703930043266 33316.0213703930057818 21487.4644627409325039 21636.6144627409339591
34 37776.0103078244137578 37925.1603078244152130 21487.4644627409325039 21636.6144627409339591
35 26202.0556350767947151 26351.2056350767961703 21487.4644627409325039 21636.6144627409339591
36 29054.0572196050925413 29203.2072196050939965 21487.4644627409325039 21636.6144627409339591
37 39116.5469992306243512 39265.6969992306258064 21487.4644627409325039 21636.6144627409339591
38 24909.2472512121821637 25058.3972512121836189 21487.4644627409325039 21636.6144627409339591
39 27820.0074908929782396 27969.1574908929796948 21487.4644627409325039 21636.6144627409339591
40 34487.3738883535042987 34636.5238883535057539 21487.4644627409325039 21636.6144627409339591
41 40026.2854624042302021 40175.4354624042316573 21487.4644627409325039 21636.6144627409339591
42 22287.9144310413903440 22437.0644310413917992 21487.4644627409325039 21636.6144627409339591
43 22181.7783313094332698 22330.9283313094347250 21487.4644627409325039 21636.6144627409339591
44 30075.2424126294608868 30224.3924126294623420 21487.4644627409325039 21636.6144627409339591
45 25292.0644609297378338 25441.2144609297392890 21487.4644627409325039 21636.6144627409339591
46 21336.3590259634620452 21485.5090259634635004 21336.3590259634620452 21485.5090259634635004
47 28415.1175278704104130 28564.2675278704118682 21336.3590259634620452 21485.5090259634635004
48 21282.5441360307522700 21431.6941360307537252 21282.5441360307522700 21431.6941360307537252
49 38578.9403487634044723 38728.0903487634059275 21282.5441360307522700 21431.6941360307537252
50 29794.3650507067686704 29943.5150507067701255 21282.5441360307522700 21431.6941360307537252
51 32854.7443451846120297 33003.8943451846134849 21282.5441360307522700 21431.6941360307537252
52 18861.1578760013726423 19010.3078760013740975 18861.1578760013726423 19010.3078760013740975
53 25941.5389468042958470 26090.6889468042973022 18861.1578760013726423 19010.3078760013740975
54 22118.0834985137626063 22267.2334985137640615 18861.1578760013726423 19010.3078760013740975
55 20178.2759324306862254 20327.4259324306876806 18861.1578760013726423 19010.3078760013740975
56 22137.6534072345421009 22286.8034072345435561 18861.1578760013726423 19010.3078760013740975
57 22445.1047379742485646 22594.2547379742500198 18861.1578760013726423 19010.3078760013740975
58 39300.6386793435813161 39449.7886793435827713 18861.1578760013726423 19010.3078760013740975
59 21691.5251547967236547 21840.6751547967251099 18861.1578760013726423 19010.3078760013740975
60 37568.2376025549747283 37717.3876025549761835 18861.1578760013726423 19010.3078760013740975
61 35793.9831507751659956 35943.1331507751674508 18861.1578760013726423 19010.3078760013740975
62 30274.1892679985503491 30423.3392679985518043 18861.1578760013726423 19010.3078760013740975
63 24102.4254880354856141 24251.5754880354870693 18861.1578760013726423 19010.3078760013740975
64 23549.1631208041144419 23698.3131208041158970 18861.1578760013726423 19010.3078760013740975
65 18116.2594967093245941 18265.4094967093260493 18116.2594967093245941 18265.4094967093260493
66 24071.3667157196468906 24220.5167157196483458 18116.2594967093245941 18265.4094967093260493
67 18977.0054426982678706 19126.1554426982693258 18116.2594967093245941 18265.4094967093260493
68 18113.9446105141432781 18263.0946105141447333 18113.9446105141432781 18263.0946105141447333
69 24632.1165205770303146 24781.2665205770317698 18113.9446105141432781 18263.0946105141447333
70 22927.0652209830841457 23076.2152209830856009 18113.9446105141432781 18263.0946105141447333
71 16913.5320162534408155 17062.6820162534422707 16913.5320162534408155 17062.6820162534422707
72 17822.5488748264797323 17971.6988748264811875 16913.5320162534408155 17062.6820162534422707
73 16713.8577992730242840 16863.0077992730257392 16713.8577992730242840 16863.0077992730257392
74 16839.0296170106521458 16988.1796170106536010 16713.8577992730242840 16863.0077992730257392
75 17947.8435508907023177 18096.9935508907037729 16713.8577992730242840 16863.0077992730257392
76 15761.8905877758934366 15911.0405877758930728 15761.8905877758934366 15911.0405877758930728
77 15144.5351609298704716 15293.6851609298701078 15144.5351609298704716 15293.6851609298701078
78 17285.9044267500030401 17435.0544267500044953 15144.5351609298704716 15293.6851609298701078
79 16223.1208434193285939 16372.2708434193282301 15144.5351609298704716 15293.6851609298701078
80 15719.4439199592998193 15868.5939199592994555 15144.5351609298704716 15293.6851609298701078
81 22522.0798135281584109 22671.2298135281598661 15144.5351609298704716 15293.6851609298701078
82 21484.1769210581769585 21633.3269210581784137 15144.5351609298704716 15293.6851609298701078
83 20190.1359473697229987 20339.2859473697244539 15144.5351609298704716 15293.6851609298701078
84 19382.7124220454643364 19531.8624220454657916 15144.5351609298704716 15293.6851609298701078
85 33244.9010404373912024 33394.0510404373926576 15144.5351609298704716 15293.6851609298701078
86 31411.5582030622972525 31560.7082030622987077 15144.5351609298704716 15293.6851609298701078
87 26368.8181422767011099 26517.9681422767025651 15144.5351609298704716 15293.6851609298701078
88 19105.1708420462382492 19254.3208420462397044 15144.5351609298704716 15293.6851609298701078
89 18000.3505553008253628 18149.5005553008268180 15144.5351609298704716 15293.6851609298701078
90 17736.6901248682879668 17885.8401248682894220 15144.5351609298704716 15293.6851609298701078
91 16625.7933124795781623 16774.9433124795796175 15144.5351609298704716 15293.6851609298701078
92 22872.7692227542465844 23021.9192227542480396 15144.5351609298704716 15293.6851609298701078
93 15640.2980410172785923 15789.4480410172782285 15144.5351609298704716 15293.6851609298701078
94 15536.3011113322136225 15685.4511113322132587 15144.5351609298704716 15293.6851609298701078
95 20020.5986584984384535 20169.7486584984399087 15144.5351609298704716 15293.6851609298701078
96 18553.8012324342744250 18702.9512324342758802 15144.5351609298704716 15293.6851609298701078
97 14365.0393400173743430 14514.1893400173739792 14365.0393400173743430 14514.1893400173739792
98 16027.3774205031331803 16176.5274205031328165 14365.0393400173743430 14514.1893400173739792
99 14061.3868264451029972 14210.5368264451026334 14061.3868264451029972 14210.5368264451026334
100 15519.0643293514403922 15668.2143293514400284 14061.3868264451029972 14210.5368264451026334
101 14340.8764052356709726 14490.0264052356706088 14061.3868264451029972 14210.5368264451026334
102 13896.9112853068272670 14046.0612853068269033 13896.9112853068272670 14046.0612853068269033
103 14063.0152164720184373 14212.1652164720180735 13896.9112853068272670 14046.0612853068269033
104 15398.6438822540876572 15547.7938822540872934 13896.9112853068272670 14046.0612853068269033
105 15443.7267310738170636 15592.8767310738166998 13896.9112853068272670 14046.0612853068269033
106 15650.0809372194053140 15799.2309372194049502 13896.9112853068272670 14046.0612853068269033
107 20862.2690212493980653 21011.4190212493995205 13896.9112853068272670 14046.0612853068269033
108 27002.4337370948305761 27151.5837370948320313 13896.9112853068272670 14046.0612853068269033
109 20231.3929397767860792 20380.5429397767875344 13896.9112853068272670 14046.0612853068269033
110 15481.2921394848781347 15630.4421394848777709 13896.9112853068272670 14046.0612853068269033
111 14754.8205143900431722 14903.9705143900428084 13896.9112853068272670 14046.0612853068269033
112 18155.4278407031779352 18304.5778407031793904 13896.9112853068272670 14046.0612853068269033
113 16848.2057551542748115 16997.3557551542762667 13896.9112853068272670 14046.0612853068269033
114 14850.9682464790730592 15000.1182464790726954 13896.9112853068272670 14046.0612853068269033
115 14762.9259240181745554 14912.0759240181741916 13896.9112853068272670 14046.0612853068269033
116 17279.0117494234109472 17428.1617494234124024 13896.9112853068272670 14046.0612853068269033
117 13942.9294481335127784 14092.0794481335124146 13896.9112853068272670 14046.0612853068269033
118 14669.9480154183675040 14819.0980154183671402 13896.9112853068272670 14046.0612853068269033
119 28613.8845944569075073 28763.0345944569089625 13896.9112853068272670 14046.0612853068269033
120 14486.0165975531963340 14635.1665975531959702 13896.9112853068272670 14046.0612853068269033
121 16604.2032629260065733 16753.3532629260080284 13896.9112853068272670 14046.0612853068269033
122 14395.1042572364931402 14544.2542572364927764 13896.9112853068272670 14046.0612853068269033
123 27613.7417595044717018 27762.8917595044731570 13896.9112853068272670 14046.0612853068269033
124 17583.2200642929565220 17732.3700642929579772 13896.9112853068272670 14046.0612853068269033
125 13670.8589647732751473 13820.0089647732747835 13670.8589647732751473 13820.0089647732747835
126 25371.2378971026919317 25520.3878971026933868 13670.8589647732751473 13820.0089647732747835
127 24155.1685566683263460 24304.3185566683278012 13670.8589647732751473 13820.0089647732747835
128 20393.3658308845297142 20542.5158308845311694 13670.8589647732751473 13820.0089647732747835
129 36284.5870783271457185 36433.7370783271471737 13670.8589647732751473 13820.0089647732747835
130 13487.5474199179843708 13636.6974199179840070 13487.5474199179843708 13636.6974199179840070
131 22628.4787453440731042 22777.6287453440745594 13487.5474199179843708 13636.6974199179840070
132 31553.7758826146564388 31702.9258826146578940 13487.5474199179843708 13636.6974199179840070
133 26018.9932306270529807 26168.1432306270544359 13487.5474199179843708 13636.6974199179840070
134 27068.5870548897728440 27217.7370548897742992 13487.5474199179843708 13636.6974199179840070
135 26451.3601894085186359 26600.5101894085200911 13487.5474199179843708 13636.6974199179840070
136 19917.7416040969765163 20066.8916040969779715 13487.5474199179843708 13636.6974199179840070
137 31212.8100385163706960 31361.9600385163721512 13487.5474199179843708 13636.6974199179840070
138 13400.5639017976936884 13549.7139017976933246 13400.5639017976936884 13549.7139017976933246
139 36102.7937153372840839 36251.9437153372855391 13400.5639017976936884 13549.7139017976933246
140 29199.9721052957829670 29349.1221052957844222 13400.5639017976936884 13549.7139017976933246
141 18114.9597877809828788 18264.1097877809843339 13400.5639017976936884 13549.7139017976933246
142 14332.2431864787049562 14481.3931864787045924 13400.5639017976936884 13549.7139017976933246
143 26461.8203230060607893 26610.9703230060622445 13400.5639017976936884 13549.7139017976933246
144 16060.9851798054933170 16210.1351798054929532 13400.5639017976936884 13549.7139017976933246
145 14132.6885313440361642 14281.8385313440358004 13400.5639017976936884 13549.7139017976933246
146 13586.8154279806276463 13735.9654279806272825 13400.5639017976936884 13549.7139017976933246
147 17163.5216684748338594 17312.6716684748353146 13400.5639017976936884 13549.7139017976933246
148 14206.2790041163771093 14355.4290041163767455 13400.5639017976936884 13549.7139017976933246
149 19616.0267713543435093 19765.1767713543449645 13400.5639017976936884 13549.7139017976933246
150 16035.8435003631293512 16184.9935003631289874 13400.5639017976936884 13549.7139017976933246
151 14792.4734046076227969 14941.6234046076224331 13400.5639017976936884 13549.7139017976933246
152 13500.0183064294669748 13649.1683064294666110 13400.5639017976936884 13549.7139017976933246
153 14928.8972620634285704 15078.0472620634282066 13400.5639017976936884 13549.7139017976933246
154 13609.5995010675542289 13758.7495010675538651 13400.5639017976936884 13549.7139017976933246
155 13232.3394866607941367 13381.4894866607937729 13232.3394866607941367 13381.4894866607937729
156 23314.1479989069121075 23463.2979989069135627 13232.3394866607941367 13381.4894866607937729
157 27983.8315892462742340 28132.9815892462756892 13232.3394866607941367 13381.4894866607937729
158 16824.2023740872937196 16973.3523740872951748 13232.3394866607941367 13381.4894866607937729
159 17020.1812774875397736 17169.3312774875412288 13232.3394866607941367 13381.4894866607937729
160 13328.6873314285512606 13477.8373314285508968 13232.3394866607941367 13381.4894866607937729
161 14246.7052983133398811 14395.8552983133395173 13232.3394866607941367 13381.4894866607937729
162 15010.1924599031190155 15159.3424599031186517 13232.3394866607941367 13381.4894866607937729
163 13249.0592438088533527 13398.2092438088529889 13232.3394866607941367 13381.4894866607937729
164 13123.9549203234764718 13273.1049203234761080 13123.9549203234764718 13273.1049203234761080
165 13878.1997535759292077 14027.3497535759288439 13123.9549203234764718 13273.1049203234761080
166 13352.8449306159982370 13501.9949306159978732 13123.9549203234764718 13273.1049203234761080
167 13250.7690576933291595 13399.9190576933287957 13123.9549203234764718 13273.1049203234761080
168 13167.6111465378435241 13316.7611465378431603 13123.9549203234764718 13273.1049203234761080
169 13777.9251792516770365 13927.0751792516766727 13123.9549203234764718 13273.1049203234761080
170 13087.2739550641217647 13236.4239550641214009 13087.2739550641217647 13236.4239550641214009
171 15865.7142779881778551 16014.8642779881774914 13087.2739550641217647 13236.4239550641214009
172 13779.5332230972489924 13928.6832230972486286 13087.2739550641217647 13236.4239550641214009
173 14920.4884972563922929 15069.6384972563919291 13087.2739550641217647 13236.4239550641214009
174 19511.2652221233729506 19660.4152221233744058 13087.2739550641217647 13236.4239550641214009
175 13610.3829464433492831 13759.5329464433489193 13087.2739550641217647 13236.4239550641214009
176 13059.8750323847943946 13209.0250323847940308 13059.8750323847943946 13209.0250323847940308
177 16907.1530190888443030 17056.3030190888457582 13059.8750323847943946 13209.0250323847940308
178 17710.6018829494205420 17859.7518829494219972 13059.8750323847943946 13209.0250323847940308
179 14325.7237951857714506 14474.8737951857710868 13059.8750323847943946 13209.0250323847940308
180 18621.7401535408644122 18770.8901535408658674 13059.8750323847943946 13209.0250323847940308
181 17331.0294340164073219 17480.1794340164087771 13059.8750323847943946 13209.0250323847940308
182 15753.2187322111731191 15902.3687322111727553 13059.8750323847943946 13209.0250323847940308
183 15919.7036639098332671 16068.8536639098329033 13059.8750323847943946 13209.0250323847940308
184 25850.2657607844812446 25999.4157607844826998 13059.8750323847943946 13209.0250323847940308
185 22525.8284296643978450 22674.9784296643993002 13059.8750323847943946 13209.0250323847940308
186 13637.6684238710349746 13786.8184238710346108 13059.8750323847943946 13209.0250323847940308
187 13364.0889736742938112 13513.2389736742934474 13059.8750323847943946 13209.0250323847940308
188 26572.8283220169214474 26721.9783220169229025 13059.8750323847943946 13209.0250323847940308
189 13813.5973589133445785 13962.7473589133442147 13059.8750323847943946 13209.0250323847940308
190 12906.9647607128899836 13056.1147607128896198 12906.9647607128899836 13056.1147607128896198
191 13608.4102914934046566 13757.5602914934042929 12906.9647607128899836 13056.1147607128896198
192 28975.9077093857886211 29125.0577093857900763 12906.9647607128899836 13056.1147607128896198
193 13199.1277305500316288 13348.2777305500312650 12906.9647607128899836 13056.1147607128896198
194 14525.5217858270152647 14674.6717858270149009 12906.9647607128899836 13056.1147607128896198
195 31460.6785605318764283 31609.8285605318778835 12906.9647607128899836 13056.1147607128896198
196 20726.9727920243858534 20876.1227920243873086 12906.9647607128899836 13056.1147607128896198
197 23658.2307166831924405 23807.3807166831938957 12906.9647607128899836 13056.1147607128896198
198 23621.7718479491195467 23770.9218479491210019 12906.9647607128899836 13056.1147607128896198
199 28727.5046902380308893 28876.6546902380323445 12906.9647607128899836 13056.1147607128896198
200 24106.1878774313045142 24255.3378774313059694 12906.9647607128899836 13056.1147607128896198
201 15944.8146224145330052 16093.9646224145326414 12906.9647607128899836 13056.1147607128896198
202 13093.4567243465789943 13242.6067243465786305 12906.9647607128899836 13056.1147607128896198
203 56194.9777181177123566 56344.1277181177138118 12906.9647607128899836 13056.1147607128896198
204 79470.7450472971104318 79619.8950472971046111 12906.9647607128899836 13056.1147607128896198
205 47528.9592034558809246 47678.1092034558823798 12906.9647607128899836 13056.1147607128896198
206 42934.3604121399912401 43083.5104121399926953 12906.9647607128899836 13056.1147607128896198
207 25305.1223108329213574 25454.2723108329228126 12906.9647607128899836 13056.1147607128896198
208 56854.4655376987939235 57003.6155376987953787 12906.9647607128899836 13056.1147607128896198
209 24112.6205182929807052 24261.7705182929821603 12906.9647607128899836 13056.1147607128896198
210 20609.9896414140821435 20759.1396414140835986 12906.9647607128899836 13056.1147607128896198
211 25910.9874669118871680 26060.1374669118886231 12906.9647607128899836 13056.1147607128896198
212 28855.9208237440107041 29005.0708237440121593 12906.9647607128899836 13056.1147607128896198
213 25480.3218211503917701 25629.4718211503932253 12906.9647607128899836 13056.1147607128896198
214 16582.0464853369339835 16731.1964853369354387 12906.9647607128899836 13056.1147607128896198
215 19439.9952466570321121 19589.1452466570335673 12906.9647607128899836 13056.1147607128896198
216 23798.3362199128823704 23947.4862199128838256 12906.9647607128899836 13056.1147607128896198
217 16150.3952111793460062 16299.5452111793456424 12906.9647607128899836 13056.1147607128896198
218 15495.7927839288622636 15644.9427839288618998 12906.9647607128899836 13056.1147607128896198
219 51988.0623004178560222 52137.2123004178574774 12906.9647607128899836 13056.1147607128896198
220 37431.6786896927296766 37580.8286896927311318 12906.9647607128899836 13056.1147607128896198
221 62172.8711986345588230 62322.0211986345602782 12906.9647607128899836 13056.1147607128896198
222 23966.9376176371479232 24116.0876176371493784 12906.9647607128899836 13056.1147607128896198
223 14060.5495924691676919 14209.6995924691673281 12906.9647607128899836 13056.1147607128896198
224 87066.3937634546746267 87215.5437634546688059 12906.9647607128899836 13056.1147607128896198
225 31307.1515837247279705 31456.3015837247294257 12906.9647607128899836 13056.1147607128896198
226 37175.4735862777306465 37324.6235862777321017 12906.9647607128899836 13056.1147607128896198
227 29061.7261880184887559 29210.8761880184902111 12906.9647607128899836 13056.1147607128896198
228 21322.6664716505983961 21471.8164716505998513 12906.9647607128899836 13056.1147607128896198
229 28040.1587243650574237 28189.3087243650588789 12906.9647607128899836 13056.1147607128896198
230 58216.6310872990870848 58365.7810872990885400 12906.9647607128899836 13056.1147607128896198
231 54295.3372762619619607 54444.4872762619634159 12906.9647607128899836 13056.1147607128896198
232 40776.6106494368505082 40925.7606494368519634 12906.9647607128899836 13056.1147607128896198
233 30311.8452970681610168 30460.9952970681624720 12906.9647607128899836 13056.1147607128896198
234 15580.1197211794678879 15729.2697211794675241 12906.9647607128899836 13056.1147607128896198
235 17027.4820226288975391 17176.6320226288989943 12906.9647607128899836 13056.1147607128896198
236 32293.8952527947803901 32443.0452527947818453 12906.9647607128899836 13056.1147607128896198
237 20608.3566543151391670 20757.5066543151406222 12906.9647607128899836 13056.1147607128896198
238 43945.8522693561244523 44095.0022693561259075 12906.9647607128899836 13056.1147607128896198
239 14919.3818467061246338 15068.5318467061242700 12906.9647607128899836 13056.1147607128896198
240 12960.2392974388767470 13109.3892974388763832 12906.9647607128899836 13056.1147607128896198
241 75638.2369827437651111 75787.3869827437592903 12906.9647607128899836 13056.1147607128896198
242 44335.7288215297230636 44484.8788215297245188 12906.9647607128899836 13056.1147607128896198
243 28110.5551083809586999 28259.7051083809601550 12906.9647607128899836 13056.1147607128896198
244 40516.3565485239232657 40665.5065485239247209 12906.9647607128899836 13056.1147607128896198
245 41465.6325511658069445 41614.7825511658083997 12906.9647607128899836 13056.1147607128896198
246 34982.8215658585104393 35131.9715658585118945 12906.9647607128899836 13056.1147607128896198
247 18960.8866438882614602 19110.0366438882629154 12906.9647607128899836 13056.1147607128896198
248 41004.7479843663240899 41153.8979843663255451 12906.9647607128899836 13056.1147607128896198
249 13171.0822466253594030 13320.2322466253590392 12906.9647607128899836 13056.1147607128896198
250 22835.5470167223757016 22984.6970167223771568 12906.9647607128899836 13056.1147607128896198
251 17701.4063442545411817 17850.5563442545426369 12906.9647607128899836 13056.1147607128896198
252 115513.3682977550488431 115662.5182977550430223 12906.9647607128899836 13056.1147607128896198
253 23269.2451071451214375 23418.3951071451228927 12906.9647607128899836 13056.1147607128896198
254 88028.9920610889676027 88178.1420610889617819 12906.9647607128899836 13056.1147607128896198
255 24178.0874451893323567 24327.2374451893338119 12906.9647607128899836 13056.1147607128896198
256 14009.4179476069912198 14158.5679476069908560 12906.9647607128899836 13056.1147607128896198
257 52747.4987751818334800 52896.6487751818349352 12906.9647607128899836 13056.1147607128896198
258 53502.7879729292690172 53651.9379729292704724 12906.9647607128899836 13056.1147607128896198
259 52357.4075467093571206 52506.5575467093585758 12906.9647607128899836 13056.1147607128896198
260 104352.1057970237889094 104501.2557970237830887 12906.9647607128899836 13056.1147607128896198
261 44850.0435954901986406 44999.1935954902000958 12906.9647607128899836 13056.1147607128896198
262 19872.2845204766781535 20021.4345204766796087 12906.9647607128899836 13056.1147607128896198
263 14234.1905352760695678 14383.3405352760692040 12906.9647607128899836 13056.1147607128896198
264 18560.1414716940380458 18709.2914716940395010 12906.9647607128899836 13056.1147607128896198
265 28392.8440342047179001 28541.9940342047193553 12906.9647607128899836 13056.1147607128896198
266 52956.7475441083588521 53105.8975441083603073 12906.9647607128899836 13056.1147607128896198
267 60643.7854104050784372 60792.9354104050798924 12906.9647607128899836 13056.1147607128896198
268 13412.6847329313495720 13561.8347329313492082 12906.9647607128899836 13056.1147607128896198
269 15251.0963436989550246 15400.2463436989546608 12906.9647607128899836 13056.1147607128896198
270 41793.1581304673454724 41942.3081304673469276 12906.9647607128899836 13056.1147607128896198
271 42374.3101684731227579 42523.4601684731242131 12906.9647607128899836 13056.1147607128896198
272 118301.5592173578625079 118450.7092173578566872 12906.9647607128899836 13056.1147607128896198
273 36340.2719278600707185 36489.4219278600721736 12906.9647607128899836 13056.1147607128896198
274 38847.9092879335439648 38997.0592879335454199 12906.9647607128899836 13056.1147607128896198
275 16164.8422362596284074 16313.9922362596280436 12906.9647607128899836 13056.1147607128896198
276 31578.3961809550091857 31727.5461809550106409 12906.9647607128899836 13056.1147607128896198
277 17080.9211144129258173 17230.0711144129272725 12906.9647607128899836 13056.1147607128896198
278 13117.5496949298267282 13266.6996949298263644 12906.9647607128899836 13056.1147607128896198
279 48689.1428559342239168 48838.2928559342253720 12906.9647607128899836 13056.1147607128896198
280 27087.7985131575951527 27236.9485131575966079 12906.9647607128899836 13056.1147607128896198
281 72067.1028009976434987 72216.2528009976376779 12906.9647607128899836 13056.1147607128896198
282 59832.2351346277137054 59981.3851346277151606 12906.9647607128899836 13056.1147607128896198
283 31849.8364503109223733 31998.9864503109238285 12906.9647607128899836 13056.1147607128896198
284 13914.8799966661390499 14064.0299966661386861 12906.9647607128899836 13056.1147607128896198
285 55678.7003979337314377 55827.8503979337328929 12906.9647607128899836 13056.1147607128896198
286 89876.5313249190076021 90025.6813249190017814 12906.9647607128899836 13056.1147607128896198
287 78192.7296479184442433 78341.8796479184384225 12906.9647607128899836 13056.1147607128896198
288 17858.0007589310880576 18007.1507589310895128 12906.9647607128899836 13056.1147607128896198
289 28276.8475085014069919 28425.9975085014084470 12906.9647607128899836 13056.1147607128896198
290 14344.9753512494080496 14494.1253512494076858 12906.9647607128899836 13056.1147607128896198
291 13391.8964780883488856 13541.0464780883485219 12906.9647607128899836 13056.1147607128896198
292 18551.2885108913214935 18700.4385108913229487 12906.9647607128899836 13056.1147607128896198
293 25842.7894337009602168 25991.9394337009616720 12906.9647607128899836 13056.1147607128896198
294 15425.9962095112859970 15575.1462095112856332 12906.9647607128899836 13056.1147607128896198
295 15672.1227139074944716 15821.2727139074941078 12906.9647607128899836 13056.1147607128896198
296 14051.5991812599186233 14200.7491812599182595 12906.9647607128899836 13056.1147607128896198
297 51841.2906879592774203 51990.4406879592788755 12906.9647607128899836 13056.1147607128896198
298 13268.4469548346332886 13417.5969548346329248 12906.9647607128899836 13056.1147607128896198
299 14129.9070602498286462 14279.0570602498282824 12906.9647607128899836 13056.1147607128896198
300 16337.6978529988009541 16486.8478529988024093 12906.9647607128899836 13056.1147607128896198
301 19587.5129139875098190 19736.6629139875112742 12906.9647607128899836 13056.1147607128896198
302 18689.2530309898611449 18838.4030309898626001 12906.9647607128899836 13056.1147607128896198
303 16940.8257250078640936 17089.9757250078655488 12906.9647607128899836 13056.1147607128896198
304 40426.6130410806727014 40575.7630410806741565 12906.9647607128899836 13056.1147607128896198
305 27177.7680886308407935 27326.9180886308422487 12906.9647607128899836 13056.1147607128896198
306 29076.9262372401135508 29226.0762372401150060 12906.9647607128899836 13056.1147607128896198
307 55791.8725840484839864 55941.0225840484854416 12906.9647607128899836 13056.1147607128896198
308 18266.4451540846239368 18415.5951540846253920 12906.9647607128899836 13056.1147607128896198
309 35589.9076651129726088 35739.0576651129740640 12906.9647607128899836 13056.1147607128896198
310 35328.8708034983283142 35478.0208034983297694 12906.9647607128899836 13056.1147607128896198
311 45034.4523776987043675 45183.6023776987058227 12906.9647607128899836 13056.1147607128896198
312 42978.9604001278785290 43128.1104001278799842 12906.9647607128899836 13056.1147607128896198
313 13008.0889072474019486 13157.2389072474015848 12906.9647607128899836 13056.1147607128896198
314 13654.3551208121753007 13803.5051208121749369 12906.9647607128899836 13056.1147607128896198
315 87497.1915528026729589 87646.3415528026671382 12906.9647607128899836 13056.1147607128896198
316 13316.8883608870364696 13466.0383608870361059 12906.9647607128899836 13056.1147607128896198
317 12903.4824306603368314 13052.6324306603364676 12903.4824306603368314 13052.6324306603364676
318 76311.7594629453378730 76460.9094629453320522 12903.4824306603368314 13052.6324306603364676
319 43196.3711213315618807 43345.5211213315633358 12903.4824306603368314 13052.6324306603364676
320 15905.1334588947211159 16054.2834588947207521 12903.4824306603368314 13052.6324306603364676
321 93719.9629361970728496 93869.1129361970670288 12903.4824306603368314 13052.6324306603364676
322 72351.1049488916614791 72500.2549488916556584 12903.4824306603368314 13052.6324306603364676
323 15231.6794214645178727 15380.8294214645175089 12903.4824306603368314 13052.6324306603364676
324 34726.9197846978204325 34876.0697846978218877 12903.4824306603368314 13052.6324306603364676
325 16562.9422544535591442 16712.0922544535605994 12903.4824306603368314 13052.6324306603364676
326 18233.1129024386464152 18382.2629024386478704 12903.4824306603368314 13052.6324306603364676
327 21642.2646376889933890 21791.4146376889948442 12903.4824306603368314 13052.6324306603364676
328 15159.9805242736219952 15309.1305242736216314 12903.4824306603368314 13052.6324306603364676
329 33269.2025354015058838 33418.3525354015073390 12903.4824306603368314 13052.6324306603364676
330 91979.8440079776337370 92128.9940079776279163 12903.4824306603368314 13052.6324306603364676
331 18409.9590370619080204 18559.1090370619094756 12903.4824306603368314 13052.6324306603364676
332 15580.7531269978990167 15729.9031269978986529 12903.4824306603368314 13052.6324306603364676
333 15418.4432150237425958 15567.5932150237422320 12903.4824306603368314 13052.6324306603364676
334 117306.1684523318399442 117455.3184523318341235 12903.4824306603368314 13052.6324306603364676
335 14233.6666182297049090 14382.8166182297045452 12903.4824306603368314 13052.6324306603364676
336 50399.7659434439046890 50548.9159434439061442 12903.4824306603368314 13052.6324306603364676
337 61016.2550522011661087 61165.4050522011675639 12903.4824306603368314 13052.6324306603364676
338 21757.8570429702886031 21907.0070429702900583 12903.4824306603368314 13052.6324306603364676
339 22071.4439641185272194 22220.5939641185286746 12903.4824306603368314 13052.6324306603364676
340 14400.3112180064035783 14549.4612180064032145 12903.4824306603368314 13052.6324306603364676
341 46936.9626244233731995 47086.1126244233746547 12903.4824306603368314 13052.6324306603364676
342 13214.3849995918535569 13363.5349995918531931 12903.4824306603368314 13052.6324306603364676
343 47847.9877319623774383 47997.1377319623788935 12903.4824306603368314 13052.6324306603364676
344 27097.1177029644495633 27246.2677029644510185 12903.4824306603368314 13052.6324306603364676
345 31651.5996074210634106 31800.7496074210648658 12903.4824306603368314 13052.6324306603364676
346 37545.6936915152182337 37694.8436915152196889 12903.4824306603368314 13052.6324306603364676
347 41111.0207022448594216 41260.1707022448608768 12903.4824306603368314 13052.6324306603364676
348 17767.4308993591948820 17916.5808993591963372 12903.4824306603368314 13052.6324306603364676
349 74837.7366487714170944 74986.8866487714112736 12903.4824306603368314 13052.6324306603364676
350 13057.2811414681145834 13206.4311414681142196 12903.4824306603368314 13052.6324306603364676
351 17655.1849634690042876 17804.3349634690057428 12903.4824306603368314 13052.6324306603364676
352 36001.3809173523841309 36150.5309173523855861 12903.4824306603368314 13052.6324306603364676
353 38891.7969982847353094 39040.9469982847367646 12903.4824306603368314 13052.6324306603364676
354 23248.3956304484709108 23397.5456304484723660 12903.4824306603368314 13052.6324306603364676
355 63476.8894779565453064 63626.0394779565467616 12903.4824306603368314 13052.6324306603364676
356 99078.1347581825684756 99227.2847581825626548 12903.4824306603368314 13052.6324306603364676
357 29455.7175277079841180 29604.8675277079855732 12903.4824306603368314 13052.6324306603364676
358 17927.8710505160415778 18077.0210505160430330 12903.4824306603368314 13052.6324306603364676
359 19638.4419068680363125 19787.5919068680377677 12903.4824306603368314 13052.6324306603364676
360 13147.8016261089196632 13296.9516261089192994 12903.4824306603368314 13052.6324306603364676
361 21201.0033848126113298 21350.1533848126127850 12903.4824306603368314 13052.6324306603364676
362 40022.0846447345902561 40171.2346447345917113 12903.4824306603368314 13052.6324306603364676
363 40147.2528675272405962 40296.4028675272420514 12903.4824306603368314 13052.6324306603364676
364 28491.5492493964593450 28640.6992493964608002 12903.4824306603368314 13052.6324306603364676
365 13568.3879105757914658 13717.5379105757911020 12903.4824306603368314 13052.6324306603364676
366 60861.3156222687684931 61010.4656222687699483 12903.4824306603368314 13052.6324306603364676
367 22174.4447955748473760 22323.5947955748488312 12903.4824306603368314 13052.6324306603364676
368 81277.1004017821251182 81426.2504017821192974 12903.4824306603368314 13052.6324306603364676
369 13218.6437489589952747 13367.7937489589949109 12903.4824306603368314 13052.6324306603364676
370 21003.9757131355072488 21153.1257131355087040 12903.4824306603368314 13052.6324306603364676
371 13166.1263958016661491 13315.2763958016657853 12903.4824306603368314 13052.6324306603364676
372 23442.5621645006431208 23591.7121645006445760 12903.4824306603368314 13052.6324306603364676
373 13737.4485803818788554 13886.5985803818784916 12903.4824306603368314 13052.6324306603364676
374 12944.0819508359181782 13093.2319508359178144 12903.4824306603368314 13052.6324306603364676
375 17145.2098125159900519 17294.3598125159915071 12903.4824306603368314 13052.6324306603364676
376 14026.0947972816429683 14175.2447972816426045 12903.4824306603368314 13052.6324306603364676
377 12925.5750304147513816 13074.7250304147510178 12903.4824306603368314 13052.6324306603364676
378 14503.1279362106561166 14652.2779362106557528 12903.4824306603368314 13052.6324306603364676
379 38065.0000185790777323 38214.1500185790791875 12903.4824306603368314 13052.6324306603364676
380 21906.6201533860767086 22055.7701533860781637 12903.4824306603368314 13052.6324306603364676
381 26757.8979107030099840 26907.0479107030114392 12903.4824306603368314 13052.6324306603364676
382 44336.4383747610918363 44485.5883747610932915 12903.4824306603368314 13052.6324306603364676
383 22718.9575074910862895 22868.1075074910877447 12903.4824306603368314 13052.6324306603364676
384 32555.8257154254788475 32704.9757154254803027 12903.4824306603368314 13052.6324306603364676
385 156085.8335536447120830 156234.9835536447062623 12903.4824306603368314 13052.6324306603364676
386 99179.5114801003073808 99328.6614801003015600 12903.4824306603368314 13052.6324306603364676
387 12890.6691749865185557 13039.8191749865181919 12890.6691749865185557 13039.8191749865181919
388 20305.4120026355267328 20454.5620026355281880 12890.6691749865185557 13039.8191749865181919
389 30822.5023835812571633 30971.6523835812586185 12890.6691749865185557 13039.8191749865181919
390 31853.7438880086920108 32002.8938880086934660 12890.6691749865185557 13039.8191749865181919
391 13033.3913709928019671 13182.5413709928016033 12890.6691749865185557 13039.8191749865181919
392 13079.6180747756588971 13228.7680747756585333 12890.6691749865185557 13039.8191749865181919
393 34108.5038481415540446 34257.6538481415554998 12890.6691749865185557 13039.8191749865181919
394 45622.7593454712332459 45771.9093454712347011 12890.6691749865185557 13039.8191749865181919
395 70429.2643805903499015 70578.4143805903440807 12890.6691749865185557 13039.8191749865181919
396 13569.9509503224107902 13719.1009503224104265 12890.6691749865185557 13039.8191749865181919
397 27374.9893910016107839 27524.1393910016122391 12890.6691749865185557 13039.8191749865181919
398 15117.3534438382266671 15266.5034438382263033 12890.6691749865185557 13039.8191749865181919
399 44159.0674419632559875 44308.2174419632574427 12890.6691749865185557 13039.8191749865181919
400 18865.4204065432240895 19014.5704065432255447 12890.6691749865185557 13039.8191749865181919
401 13178.0940779705852037 13327.2440779705848399 12890.6691749865185557 13039.8191749865181919
402 44376.3898662698338740 44525.5398662698353291 12890.6691749865185557 13039.8191749865181919
403 17306.7103279591719911 17455.8603279591734463 12890.6691749865185557 13039.8191749865181919
404 18832.5908538994190167 18981.7408538994204719 12890.6691749865185557 13039.8191749865181919
405 16494.6099268894759007 16643.7599268894773559 12890.6691749865185557 13039.8191749865181919
406 14346.2395602776578016 14495.3895602776574378 12890.6691749865185557 13039.8191749865181919
407 14466.9161774804742890 14616.0661774804739252 12890.6691749865185557 13039.8191749865181919
408 16814.2242874862859026 16963.3742874862873578 12890.6691749865185557 13039.8191749865181919
409 13040.2364737073075958 13189.3864737073072320 12890.6691749865185557 13039.8191749865181919
410 15376.4552539572323440 15525.6052539572319802 12890.6691749865185557 13039.8191749865181919
411 16767.3840465338798822 16916.5340465338813374 12890.6691749865185557 13039.8191749865181919
412 14380.5829882715352142 14529.7329882715348504 12890.6691749865185557 13039.8191749865181919
413 13603.0400919710900780 13752.1900919710897142 12890.6691749865185557 13039.8191749865181919
414 15161.6126770831560862 15310.7626770831557224 12890.6691749865185557 13039.8191749865181919
415 13667.0802417632658035 13816.2302417632654397 12890.6691749865185557 13039.8191749865181919
416 13609.0685312328405416 13758.2185312328401778 12890.6691749865185557 13039.8191749865181919
417 13177.9827192747561639 13327.1327192747558001 12890.6691749865185557 13039.8191749865181919
418 15174.7304298281269439 15323.8804298281265801 12890.6691749865185557 13039.8191749865181919
419 13522.9991680641760468 13672.1491680641756830 12890.6691749865185557 13039.8191749865181919
420 13120.5389168984947901 13269.6889168984944263 12890.6691749865185557 13039.8191749865181919
421 49998.0302929639001377 50147.1802929639015929 12890.6691749865185557 13039.8191749865181919
422 14422.2918756975359429 14571.4418756975355791 12890.6691749865185557 13039.8191749865181919
423 26571.7473345740108925 26720.8973345740123477 12890.6691749865185557 13039.8191749865181919
424 19960.4310078614653321 20109.5810078614667873 12890.6691749865185557 13039.8191749865181919
425 17769.8067534338806581 17918.9567534338821133 12890.6691749865185557 13039.8191749865181919
426 14841.6434675674809114 14990.7934675674805476 12890.6691749865185557 13039.8191749865181919
427 32072.7352190707351838 32221.8852190707366390 12890.6691749865185557 13039.8191749865181919
428 13327.8604205840492796 13477.0104205840489158 12890.6691749865185557 13039.8191749865181919
429 36207.6228001232157112 36356.7728001232171664 12890.6691749865185557 13039.8191749865181919
430 49624.0215328065314679 49773.1715328065329231 12890.6691749865185557 13039.8191749865181919
431 18978.8380964563693851 19127.9880964563708403 12890.6691749865185557 13039.8191749865181919
432 15095.7127905281831772 15244.8627905281828134 12890.6691749865185557 13039.8191749865181919
433 13789.6723598635235248 13938.8223598635231610 12890.6691749865185557 13039.8191749865181919
434 29906.9150914597339579 30056.0650914597354131 12890.6691749865185557 13039.8191749865181919
435 13404.7524646687998029 13553.9024646687994391 12890.6691749865185557 13039.8191749865181919
436 16303.4990545670061692 16452.6490545670058054 12890.6691749865185557 13039.8191749865181919
437 14963.5790602515371575 15112.7290602515367937 12890.6691749865185557 13039.8191749865181919
438 14038.6244435854896437 14187.7744435854892799 12890.6691749865185557 13039.8191749865181919
439 15105.8672606025793357 15255.0172606025789719 12890.6691749865185557 13039.8191749865181919
440 13338.6940982880551019 13487.8440982880547381 12890.6691749865185557 13039.8191749865181919
441 34284.1916227942856494 34433.3416227942871046 12890.6691749865185557 13039.8191749865181919
442 13638.3939377400729427 13787.5439377400725789 12890.6691749865185557 13039.8191749865181919
443 18379.5248902733910654 18528.6748902733925206 12890.6691749865185557 13039.8191749865181919
444 31845.5035814396323985 31994.6535814396338537 12890.6691749865185557 13039.8191749865181919
445 39273.9731949041088228 39423.1231949041102780 12890.6691749865185557 13039.8191749865181919
446 14167.2351376350452483 14316.3851376350448845 12890.6691749865185557 13039.8191749865181919
447 13124.5638174676714698 13273.7138174676711060 12890.6691749865185557 13039.8191749865181919
448 13540.7821577684517251 13689.9321577684513613 12890.6691749865185557 13039.8191749865181919
449 19624.2665884012603783 19773.4165884012618335 12890.6691749865185557 13039.8191749865181919
450 22704.8359080095870013 22853.9859080095884565 12890.6691749865185557 13039.8191749865181919
451 13026.7913913139600481 13175.9413913139596843 12890.6691749865185557 13039.8191749865181919
452 13151.3315197109968722 13300.4815197109965084 12890.6691749865185557 13039.8191749865181919
453 19456.6948743305074458 19605.8448743305089010 12890.6691749865185557 13039.8191749865181919
454 29248.5801670457549335 29397.7301670457563887 12890.6691749865185557 13039.8191749865181919
455 26815.4071215737531020 26964.5571215737545572 12890.6691749865185557 13039.8191749865181919
456 14028.8743632412060833 14178.0243632412057195 12890.6691749865185557 13039.8191749865181919
457 14752.9801130982650648 14902.1301130982647010 12890.6691749865185557 13039.8191749865181919
458 13375.4749981427903549 13524.6249981427899911 12890.6691749865185557 13039.8191749865181919
459 69408.0731484573625494 69557.2231484573567286 12890.6691749865185557 13039.8191749865181919
460 13023.0860347687521426 13172.2360347687517788 12890.6691749865185557 13039.8191749865181919
461 17447.0879657327277528 17596.2379657327292080 12890.6691749865185557 13039.8191749865181919
462 15695.3433828792949498 15844.4933828792945860 12890.6691749865185557 13039.8191749865181919
463 62461.0951360553663108 62610.2451360553677659 12890.6691749865185557 13039.8191749865181919
464 28036.9949206680830684 28186.1449206680845236 12890.6691749865185557 13039.8191749865181919
465 21552.3999150276140426 21701.5499150276154978 12890.6691749865185557 13039.8191749865181919
466 32686.3220018233332667 32835.4720018233347218 12890.6691749865185557 13039.8191749865181919
467 30665.2995023922921973 30814.4495023922936525 12890.6691749865185557 13039.8191749865181919
468 19700.9048172531984164 19850.0548172531998716 12890.6691749865185557 13039.8191749865181919
469 23046.5841550445657049 23195.7341550445671601 12890.6691749865185557 13039.8191749865181919
470 14445.6048363390091254 14594.7548363390087616 12890.6691749865185557 13039.8191749865181919
471 13210.8435089926424553 13359.9935089926420915 12890.6691749865185557 13039.8191749865181919
472 12928.9701480535313749 13078.1201480535310111 12890.6691749865185557 13039.8191749865181919
473 65597.2563526459416607 65746.4063526459358400 12890.6691749865185557 13039.8191749865181919
474 16573.9313128937719739 16723.0813128937734291 12890.6691749865185557 13039.8191749865181919
475 16484.7663664491265081 16633.9163664491279633 12890.6691749865185557 13039.8191749865181919
476 19780.8418042710363807 19929.9918042710378359 12890.6691749865185557 13039.8191749865181919
477 19358.4532115336660354 19507.6032115336674906 12890.6691749865185557 13039.8191749865181919
478 17607.4903306040796451 17756.6403306040811003 12890.6691749865185557 13039.8191749865181919
479 13628.1720369348877284 13777.3220369348873646 12890.6691749865185557 13039.8191749865181919
480 75764.9619954240479274 75914.1119954240421066 12890.6691749865185557 13039.8191749865181919
481 13512.8088177491044917 13661.9588177491041279 12890.6691749865185557 13039.8191749865181919
482 29141.1313940664258553 29290.2813940664273105 12890.6691749865185557 13039.8191749865181919
483 23289.4006913199082192 23438.5506913199096743 12890.6691749865185557 13039.8191749865181919
484 17218.3287001508215326 17367.4787001508229878 12890.6691749865185557 13039.8191749865181919
485 15917.7874449043629284 16066.9374449043625646 12890.6691749865185557 13039.8191749865181919
486 13035.2121513121055614 13184.3621513121051976 12890.6691749865185557 13039.8191749865181919
487 30290.4356723160344700 30439.5856723160359252 12890.6691749865185557 13039.8191749865181919
488 20678.9167785262579855 20828.0667785262594407 12890.6691749865185557 13039.8191749865181919
489 13380.4108273719830322 13529.5608273719826684 12890.6691749865185557 13039.8191749865181919
490 13211.3039049529670592 13360.4539049529666954 12890.6691749865185557 13039.8191749865181919
491 14085.4934419819928735 14234.6434419819925097 12890.6691749865185557 13039.8191749865181919
492 13098.7804292650034768 13247.9304292650031130 12890.6691749865185557 13039.8191749865181919
493 13927.7548050378027256 14076.9048050378023618 12890.6691749865185557 13039.8191749865181919
494 13068.2448328606205905 13217.3948328606202267 12890.6691749865185557 13039.8191749865181919
495 13206.5644052760726481 13355.7144052760722843 12890.6691749865185557 13039.8191749865181919
496 12972.0338318753019848 13121.1838318753016210 12890.6691749865185557 13039.8191749865181919
497 13024.9605071077930916 13174.1105071077927278 12890.6691749865185557 13039.8191749865181919
498 13012.0118456488362426 13161.1618456488358788 12890.6691749865185557 13039.8191749865181919
499 42859.3161171417959849 43008.4661171417974401 12890.6691749865185557 13039.8191749865181919
500 17983.4747744324122323 18132.6247744324136875 12890.6691749865185557 13039.8191749865181919
