evaluations raw_y current_y raw_y_best current_y_best
1 8.2708147347454481 -991.7291852652545003 8.2708147347454481 -991.7291852652545003
2 20.7853293980114664 -979.2146706019885869 8.2708147347454481 -991.7291852652545003
3 37.6318620105121227 -962.3681379894878773 8.2708147347454481 -991.7291852652545003
4 12.3840481930691126 -987.6159518069308660 8.2708147347454481 -991.7291852652545003
5 51.9648273760684560 -948.0351726239315440 8.2708147347454481 -991.7291852652545003
6 5.3496331716914582 -994.6503668283085062 5.3496331716914582 -994.6503668283085062
7 37.0612851835905914 -962.9387148164094015 5.3496331716914582 -994.6503668283085062
8 14.3044021271483608 -985.6955978728516357 5.3496331716914582 -994.6503668283085062
9 5.6675221046934761 -994.3324778953065106 5.3496331716914582 -994.6503668283085062
10 11.2013310077141561 -988.7986689922857977 5.3496331716914582 -994.6503668283085062
11 11.6565060719427223 -988.3434939280572280 5.3496331716914582 -994.6503668283085062
12 71.0702651087062094 -928.9297348912938332 5.3496331716914582 -994.6503668283085062
13 59.0981255889995865 -940.9018744110004491 5.3496331716914582 -994.6503668283085062
14 16.0165366852723530 -983.9834633147276008 5.3496331716914582 -994.6503668283085062
15 12.2095152329949013 -987.7904847670050685 5.3496331716914582 -994.6503668283085062
16 13.7352100127868670 -986.2647899872131347 5.3496331716914582 -994.6503668283085062
17 11.9542674964980904 -988.0457325035018812 5.3496331716914582 -994.6503668283085062
18 32.0057833889744359 -967.9942166110255357 5.3496331716914582 -994.6503668283085062
19 9.0567838273291681 -990.9432161726708728 5.3496331716914582 -994.6503668283085062
20 7.4127426097992064 -992.5872573902007616 5.3496331716914582 -994.6503668283085062
21 4.0916710284254503 -995.9083289715745195 4.0916710284254503 -995.9083289715745195
22 12.8481194375324268 -987.1518805624675679 4.0916710284254503 -995.9083289715745195
23 42.0576602036507836 -957.9423397963491880 4.0916710284254503 -995.9083289715745195
24 20.0230011164852115 -979.9769988835147387 4.0916710284254503 -995.9083289715745195
25 22.5311766304175087 -977.4688233695825375 4.0916710284254503 -995.9083289715745195
26 2.0201412350439081 -997.9798587649561341 2.0201412350439081 -997.9798587649561341
27 2.1328648001372672 -997.8671351998627870 2.0201412350439081 -997.9798587649561341
28 2.4744657145687081 -997.5255342854312630 2.0201412350439081 -997.9798587649561341
29 2.0528771803810524 -997.9471228196189259 2.0201412350439081 -997.9798587649561341
30 10.1806315619910901 -989.8193684380089508 2.0201412350439081 -997.9798587649561341
31 19.9891085463715790 -980.0108914536284601 2.0201412350439081 -997.9798587649561341
32 35.7889310698003698 -964.2110689301996445 2.0201412350439081 -997.9798587649561341
33 23.2670092460220381 -976.7329907539780152 2.0201412350439081 -997.9798587649561341
34 63.0089419640720720 -936.9910580359279493 2.0201412350439081 -997.9798587649561341
35 70.5543496170375732 -929.4456503829624126 2.0201412350439081 -997.9798587649561341
36 1.9578703272925690 -998.0421296727074605 1.9578703272925690 -998.0421296727074605
37 22.1335462481698890 -977.8664537518301358 1.9578703272925690 -998.0421296727074605
38 15.8599891646676827 -984.1400108353323049 1.9578703272925690 -998.0421296727074605
39 1.9819815458679444 -998.0180184541320614 1.9578703272925690 -998.0421296727074605
40 5.7193897405401826 -994.2806102594597633 1.9578703272925690 -998.0421296727074605
41 6.9791727008760409 -993.0208272991239937 1.9578703272925690 -998.0421296727074605
42 2.4235594474728979 -997.5764405525270604 1.9578703272925690 -998.0421296727074605
43 2.1782232133040962 -997.8217767866958638 1.9578703272925690 -998.0421296727074605
44 5.4576624183260396 -994.5423375816739053 1.9578703272925690 -998.0421296727074605
45 8.3904147934345996 -991.6095852065653844 1.9578703272925690 -998.0421296727074605
46 7.3343124902137520 -992.6656875097862667 1.9578703272925690 -998.0421296727074605
47 2.4069167783984593 -997.5930832216015460 1.9578703272925690 -998.0421296727074605
48 2.0840689026986068 -997.9159310973013817 1.9578703272925690 -998.0421296727074605
49 8.0351998700821810 -991.9648001299178759 1.9578703272925690 -998.0421296727074605
50 7.2958957594214739 -992.7041042405785447 1.9578703272925690 -998.0421296727074605
51 8.2221259354002747 -991.7778740645997004 1.9578703272925690 -998.0421296727074605
52 25.5599030478944158 -974.4400969521055913 1.9578703272925690 -998.0421296727074605
53 14.3994487620467098 -985.6005512379532547 1.9578703272925690 -998.0421296727074605
54 13.2781831182548640 -986.7218168817450987 1.9578703272925690 -998.0421296727074605
55 5.3036057280935145 -994.6963942719064562 1.9578703272925690 -998.0421296727074605
56 13.5274507399992228 -986.4725492600007328 1.9578703272925690 -998.0421296727074605
57 23.5408588266485843 -976.4591411733514406 1.9578703272925690 -998.0421296727074605
58 6.8476511394455306 -993.1523488605545253 1.9578703272925690 -998.0421296727074605
59 2.0165631057157274 -997.9834368942842957 1.9578703272925690 -998.0421296727074605
60 7.4031713257696508 -992.5968286742303235 1.9578703272925690 -998.0421296727074605
61 12.8617995676575632 -987.1382004323423871 1.9578703272925690 -998.0421296727074605
62 9.6782096465232730 -990.3217903534766720 1.9578703272925690 -998.0421296727074605
63 20.9546548733018305 -979.0453451266981801 1.9578703272925690 -998.0421296727074605
64 12.4153948288573233 -987.5846051711426981 1.9578703272925690 -998.0421296727074605
65 13.4545014795055629 -986.5454985204944478 1.9578703272925690 -998.0421296727074605
66 4.2677220738023056 -995.7322779261976393 1.9578703272925690 -998.0421296727074605
67 14.6979658399652919 -985.3020341600347365 1.9578703272925690 -998.0421296727074605
68 7.9326169242358624 -992.0673830757641554 1.9578703272925690 -998.0421296727074605
69 56.5512947917194850 -943.4487052082805576 1.9578703272925690 -998.0421296727074605
70 59.2976833382215887 -940.7023166617784682 1.9578703272925690 -998.0421296727074605
71 32.3452026486992352 -967.6547973513007719 1.9578703272925690 -998.0421296727074605
72 14.6554862689176169 -985.3445137310824293 1.9578703272925690 -998.0421296727074605
73 68.3639731615222246 -931.6360268384777328 1.9578703272925690 -998.0421296727074605
74 17.9416927918615130 -982.0583072081384444 1.9578703272925690 -998.0421296727074605
75 59.0826496360903946 -940.9173503639095770 1.9578703272925690 -998.0421296727074605
76 16.5534068549170570 -983.4465931450829430 1.9578703272925690 -998.0421296727074605
77 2.0523639494341541 -997.9476360505658477 1.9578703272925690 -998.0421296727074605
78 7.4603917013826431 -992.5396082986173951 1.9578703272925690 -998.0421296727074605
79 0.4621479810434817 -999.5378520189565279 0.4621479810434817 -999.5378520189565279
80 0.1687540943001788 -999.8312459056998023 0.1687540943001788 -999.8312459056998023
81 8.3327263537024194 -991.6672736462975308 0.1687540943001788 -999.8312459056998023
82 2.5596221745974561 -997.4403778254024928 0.1687540943001788 -999.8312459056998023
83 1.0964117564932889 -998.9035882435067606 0.1687540943001788 -999.8312459056998023
84 3.3848766359841687 -996.6151233640158580 0.1687540943001788 -999.8312459056998023
85 0.1180198499640240 -999.8819801500359290 0.1180198499640240 -999.8819801500359290
86 3.3857425579221321 -996.6142574420778146 0.1180198499640240 -999.8819801500359290
87 2.0781516318259152 -997.9218483681740963 0.1180198499640240 -999.8819801500359290
88 32.1075983445093840 -967.8924016554906302 0.1180198499640240 -999.8819801500359290
89 2.9771025683483368 -997.0228974316516997 0.1180198499640240 -999.8819801500359290
90 2.2280915740416902 -997.7719084259582587 0.1180198499640240 -999.8819801500359290
91 1.8205810999982672 -998.1794189000016786 0.1180198499640240 -999.8819801500359290
92 0.0229622058577939 -999.9770377941422339 0.0229622058577939 -999.9770377941422339
93 8.8216407806636603 -991.1783592193363575 0.0229622058577939 -999.9770377941422339
94 0.1029092239105825 -999.8970907760893851 0.0229622058577939 -999.9770377941422339
95 5.2615790735434453 -994.7384209264565698 0.0229622058577939 -999.9770377941422339
96 0.0000185130448836 -999.9999814869551074 0.0000185130448836 -999.9999814869551074
97 12.6782535080425554 -987.3217464919574695 0.0000185130448836 -999.9999814869551074
98 2.0246427224228523 -997.9753572775771318 0.0000185130448836 -999.9999814869551074
99 6.1493957602122702 -993.8506042397876854 0.0000185130448836 -999.9999814869551074
100 0.0000981778552870 -999.9999018221446931 0.0000185130448836 -999.9999814869551074
