evaluations raw_y current_y raw_y_best current_y_best
1 30659117.1234333738684654 30658907.2434333749115467 30659117.1234333738684654 30658907.2434333749115467
2 21395885.8498414084315300 21395675.9698414094746113 21395885.8498414084315300 21395675.9698414094746113
3 17465222.6716410480439663 17465012.7916410490870476 17465222.6716410480439663 17465012.7916410490870476
4 4991750.5010964469984174 4991540.6210964471101761 4991750.5010964469984174 4991540.6210964471101761
5 35914559.1471233069896698 35914349.2671233043074608 4991750.5010964469984174 4991540.6210964471101761
6 37576753.9362499937415123 37576544.0562499910593033 4991750.5010964469984174 4991540.6210964471101761
7 25062535.8082661181688309 25062325.9282661192119122 4991750.5010964469984174 4991540.6210964471101761
8 50700268.1820140630006790 50700058.3020140603184700 4991750.5010964469984174 4991540.6210964471101761
9 12920552.4145771749317646 12920342.5345771741122007 4991750.5010964469984174 4991540.6210964471101761
10 11542863.6511419266462326 11542653.7711419258266687 4991750.5010964469984174 4991540.6210964471101761
11 16539787.0380904749035835 16539577.1580904740840197 4991750.5010964469984174 4991540.6210964471101761
12 5537345.4314530715346336 5537135.5514530716463923 4991750.5010964469984174 4991540.6210964471101761
13 25883408.6352297216653824 25883198.7552297227084637 4991750.5010964469984174 4991540.6210964471101761
14 49619004.2465971112251282 49618794.3665971085429192 4991750.5010964469984174 4991540.6210964471101761
15 8447403.5750579200685024 8447193.6950579192489386 4991750.5010964469984174 4991540.6210964471101761
16 22156904.1782357878983021 22156694.2982357889413834 4991750.5010964469984174 4991540.6210964471101761
17 42860450.8437895849347115 42860240.9637895822525024 4991750.5010964469984174 4991540.6210964471101761
18 13977005.6436974983662367 13976795.7636974975466728 4991750.5010964469984174 4991540.6210964471101761
19 6288249.0433841543272138 6288039.1633841544389725 4991750.5010964469984174 4991540.6210964471101761
20 23826023.8951064683496952 23825814.0151064693927765 4991750.5010964469984174 4991540.6210964471101761
21 47663187.0109169036149979 47662977.1309169009327888 4991750.5010964469984174 4991540.6210964471101761
22 33413926.4167104288935661 33413716.5367104299366474 4991750.5010964469984174 4991540.6210964471101761
23 67461040.3484390974044800 67460830.4684391021728516 4991750.5010964469984174 4991540.6210964471101761
24 25878302.1000294759869576 25878092.2200294770300388 4991750.5010964469984174 4991540.6210964471101761
25 13239994.1445737816393375 13239784.2645737808197737 4991750.5010964469984174 4991540.6210964471101761
26 10748878.1177387293428183 10748668.2377387285232544 4991750.5010964469984174 4991540.6210964471101761
27 6859572.8503300184383988 6859362.9703300185501575 4991750.5010964469984174 4991540.6210964471101761
28 7535357.4500797670334578 7535147.5700797671452165 4991750.5010964469984174 4991540.6210964471101761
29 43162940.2956869751214981 43162730.4156869724392891 4991750.5010964469984174 4991540.6210964471101761
30 11902140.0255353003740311 11901930.1455352995544672 4991750.5010964469984174 4991540.6210964471101761
31 16555795.2967804931104183 16555585.4167804922908545 4991750.5010964469984174 4991540.6210964471101761
32 24362095.0825140960514545 24361885.2025140970945358 4991750.5010964469984174 4991540.6210964471101761
33 23854474.4660515077412128 23854264.5860515087842941 4991750.5010964469984174 4991540.6210964471101761
34 19739525.1480283141136169 19739315.2680283151566982 4991750.5010964469984174 4991540.6210964471101761
35 42337909.4028169587254524 42337699.5228169560432434 4991750.5010964469984174 4991540.6210964471101761
36 18355823.3454511761665344 18355613.4654511772096157 4991750.5010964469984174 4991540.6210964471101761
37 5679971.9315990358591080 5679762.0515990359708667 4991750.5010964469984174 4991540.6210964471101761
38 35465110.3761347904801369 35464900.4961347877979279 4991750.5010964469984174 4991540.6210964471101761
39 57484247.5876496136188507 57484037.7076496109366417 4991750.5010964469984174 4991540.6210964471101761
40 12904114.7180657703429461 12903904.8380657695233822 4991750.5010964469984174 4991540.6210964471101761
41 33241051.9674212895333767 33240842.0874212905764580 4991750.5010964469984174 4991540.6210964471101761
42 53269399.5682366192340851 53269189.6882366165518761 4991750.5010964469984174 4991540.6210964471101761
43 19655127.2720779031515121 19654917.3920779041945934 4991750.5010964469984174 4991540.6210964471101761
44 55052663.1817255765199661 55052453.3017255738377571 4991750.5010964469984174 4991540.6210964471101761
45 10176124.1003894396126270 10175914.2203894387930632 4991750.5010964469984174 4991540.6210964471101761
46 35265242.7960075810551643 35265032.9160075783729553 4991750.5010964469984174 4991540.6210964471101761
47 49846648.2318068891763687 49846438.3518068864941597 4991750.5010964469984174 4991540.6210964471101761
48 13242477.0954756196588278 13242267.2154756188392639 4991750.5010964469984174 4991540.6210964471101761
49 27853502.2227240875363350 27853292.3427240885794163 4991750.5010964469984174 4991540.6210964471101761
50 11328666.2836983390152454 11328456.4036983381956816 4991750.5010964469984174 4991540.6210964471101761
51 17901426.8101769015192986 17901216.9301769025623798 4991750.5010964469984174 4991540.6210964471101761
52 9182509.4782884679734707 9182299.5982884671539068 4991750.5010964469984174 4991540.6210964471101761
53 19198516.6543129161000252 19198306.7743129171431065 4991750.5010964469984174 4991540.6210964471101761
54 29133172.2630060650408268 29132962.3830060660839081 4991750.5010964469984174 4991540.6210964471101761
55 4721724.3572375560179353 4721514.4772375561296940 4721724.3572375560179353 4721514.4772375561296940
56 11271664.1146502606570721 11271454.2346502598375082 4721724.3572375560179353 4721514.4772375561296940
57 33895419.3151571303606033 33895209.4351571276783943 4721724.3572375560179353 4721514.4772375561296940
58 39188358.1381417810916901 39188148.2581417784094810 4721724.3572375560179353 4721514.4772375561296940
59 17434670.4283166490495205 17434460.5483166500926018 4721724.3572375560179353 4721514.4772375561296940
60 6963926.0279102772474289 6963716.1479102773591876 4721724.3572375560179353 4721514.4772375561296940
61 33732321.5665565878152847 33732111.6865565851330757 4721724.3572375560179353 4721514.4772375561296940
62 21424414.2412155792117119 21424204.3612155802547932 4721724.3572375560179353 4721514.4772375561296940
63 22768226.7489211671054363 22768016.8689211681485176 4721724.3572375560179353 4721514.4772375561296940
64 5314810.2349380822852254 5314600.3549380823969841 4721724.3572375560179353 4721514.4772375561296940
65 11430312.8733985796570778 11430102.9933985788375139 4721724.3572375560179353 4721514.4772375561296940
66 26701217.4391136616468430 26701007.5591136626899242 4721724.3572375560179353 4721514.4772375561296940
67 29056922.1354882754385471 29056712.2554882764816284 4721724.3572375560179353 4721514.4772375561296940
68 14366558.6319475285708904 14366348.7519475277513266 4721724.3572375560179353 4721514.4772375561296940
69 8645386.5966693684458733 8645176.7166693676263094 4721724.3572375560179353 4721514.4772375561296940
70 5982680.0251616919413209 5982470.1451616920530796 4721724.3572375560179353 4721514.4772375561296940
71 6176322.1303263269364834 6176112.2503263270482421 4721724.3572375560179353 4721514.4772375561296940
72 17202729.8693987801671028 17202519.9893987812101841 4721724.3572375560179353 4721514.4772375561296940
73 16167901.2284959629178047 16167691.3484959620982409 4721724.3572375560179353 4721514.4772375561296940
74 18870312.2412874512374401 18870102.3612874522805214 4721724.3572375560179353 4721514.4772375561296940
75 45280541.4880012422800064 45280331.6080012395977974 4721724.3572375560179353 4721514.4772375561296940
76 14093267.5062574874609709 14093057.6262574866414070 4721724.3572375560179353 4721514.4772375561296940
77 18955537.3911324590444565 18955327.5111324600875378 4721724.3572375560179353 4721514.4772375561296940
78 10962981.7047999911010265 10962771.8247999902814627 4721724.3572375560179353 4721514.4772375561296940
79 9299038.5890013538300991 9298828.7090013530105352 4721724.3572375560179353 4721514.4772375561296940
80 26697552.3991698026657104 26697342.5191698037087917 4721724.3572375560179353 4721514.4772375561296940
81 8068333.7887030011042953 8068123.9087030012160540 4721724.3572375560179353 4721514.4772375561296940
82 30416343.3520269282162189 30416133.4720269292593002 4721724.3572375560179353 4721514.4772375561296940
83 58999213.2010956928133965 58999003.3210956901311874 4721724.3572375560179353 4721514.4772375561296940
84 35984417.4518099799752235 35984207.5718099772930145 4721724.3572375560179353 4721514.4772375561296940
85 59879175.1688102185726166 59878965.2888102158904076 4721724.3572375560179353 4721514.4772375561296940
86 34697574.3880030661821365 34697364.5080030634999275 4721724.3572375560179353 4721514.4772375561296940
87 56486238.1734389513731003 56486028.2934389486908913 4721724.3572375560179353 4721514.4772375561296940
88 10802560.0921027287840843 10802350.2121027279645205 4721724.3572375560179353 4721514.4772375561296940
89 15848183.4567668996751308 15847973.5767668988555670 4721724.3572375560179353 4721514.4772375561296940
90 46379276.5080220177769661 46379066.6280220150947571 4721724.3572375560179353 4721514.4772375561296940
91 629865.3939983914606273 629655.5139983914559707 629865.3939983914606273 629655.5139983914559707
92 12481884.6837447807192802 12481674.8037447798997164 629865.3939983914606273 629655.5139983914559707
93 11086860.5302248392254114 11086650.6502248384058475 629865.3939983914606273 629655.5139983914559707
94 44114069.9112646728754044 44113860.0312646701931953 629865.3939983914606273 629655.5139983914559707
95 14928716.0587821118533611 14928506.1787821110337973 629865.3939983914606273 629655.5139983914559707
96 6249634.4204080253839493 6249424.5404080254957080 629865.3939983914606273 629655.5139983914559707
97 45027654.7364790067076683 45027444.8564790040254593 629865.3939983914606273 629655.5139983914559707
98 21541350.9111065156757832 21541141.0311065167188644 629865.3939983914606273 629655.5139983914559707
99 61547048.2876682803034782 61546838.4076682776212692 629865.3939983914606273 629655.5139983914559707
100 23950404.7810738533735275 23950194.9010738544166088 629865.3939983914606273 629655.5139983914559707
101 12300699.1678659971803427 12300489.2878659963607788 629865.3939983914606273 629655.5139983914559707
102 46565879.1188993304967880 46565669.2388993278145790 629865.3939983914606273 629655.5139983914559707
103 32232385.8713734447956085 32232175.9913734458386898 629865.3939983914606273 629655.5139983914559707
104 13429982.0655726175755262 13429772.1855726167559624 629865.3939983914606273 629655.5139983914559707
105 5708456.7247149441391230 5708246.8447149442508817 629865.3939983914606273 629655.5139983914559707
106 7922486.0040939059108496 7922276.1240939060226083 629865.3939983914606273 629655.5139983914559707
107 30502131.6334888264536858 30501921.7534888274967670 629865.3939983914606273 629655.5139983914559707
108 22988455.6493060365319252 22988245.7693060375750065 629865.3939983914606273 629655.5139983914559707
109 37665063.7516001611948013 37664853.8716001585125923 629865.3939983914606273 629655.5139983914559707
110 10565872.8912935480475426 10565663.0112935472279787 629865.3939983914606273 629655.5139983914559707
111 7500057.5628585601225495 7499847.6828585602343082 629865.3939983914606273 629655.5139983914559707
112 48136117.3613728210330009 48135907.4813728183507919 629865.3939983914606273 629655.5139983914559707
113 3078092.0960952262394130 3077882.2160952263511717 629865.3939983914606273 629655.5139983914559707
114 5002665.3307595783844590 5002455.4507595784962177 629865.3939983914606273 629655.5139983914559707
115 37315659.5087572783231735 37315449.6287572756409645 629865.3939983914606273 629655.5139983914559707
116 40829636.5279375165700912 40829426.6479375138878822 629865.3939983914606273 629655.5139983914559707
117 6795666.8874799190089107 6795457.0074799191206694 629865.3939983914606273 629655.5139983914559707
118 15121263.8777704983949661 15121053.9977704975754023 629865.3939983914606273 629655.5139983914559707
119 28273494.5598913542926311 28273284.6798913553357124 629865.3939983914606273 629655.5139983914559707
120 34773122.3184875994920731 34772912.4384875968098640 629865.3939983914606273 629655.5139983914559707
121 44399070.2409852892160416 44398860.3609852865338326 629865.3939983914606273 629655.5139983914559707
122 53332147.5158651620149612 53331937.6358651593327522 629865.3939983914606273 629655.5139983914559707
123 15454112.8734793663024902 15453902.9934793654829264 629865.3939983914606273 629655.5139983914559707
124 33576511.8710083812475204 33576301.9910083785653114 629865.3939983914606273 629655.5139983914559707
125 5388451.8590211961418390 5388241.9790211962535977 629865.3939983914606273 629655.5139983914559707
126 15709335.0572863426059484 15709125.1772863417863846 629865.3939983914606273 629655.5139983914559707
127 7903512.5894244983792305 7903302.7094244984909892 629865.3939983914606273 629655.5139983914559707
128 32431865.9153658077120781 32431656.0353658087551594 629865.3939983914606273 629655.5139983914559707
129 29480739.1133513636887074 29480529.2333513647317886 629865.3939983914606273 629655.5139983914559707
130 33729733.3540959209203720 33729523.4740959182381630 629865.3939983914606273 629655.5139983914559707
131 7259776.3450628519058228 7259566.4650628520175815 629865.3939983914606273 629655.5139983914559707
132 17754372.4560712426900864 17754162.5760712437331676 629865.3939983914606273 629655.5139983914559707
133 25049926.9203021973371506 25049717.0403021983802319 629865.3939983914606273 629655.5139983914559707
134 31054484.6704526096582413 31054274.7904526107013226 629865.3939983914606273 629655.5139983914559707
135 60188884.3879293203353882 60188674.5079293176531792 629865.3939983914606273 629655.5139983914559707
136 32874443.2404183484613895 32874233.3604183495044708 629865.3939983914606273 629655.5139983914559707
137 47982017.0937590226531029 47981807.2137590199708939 629865.3939983914606273 629655.5139983914559707
138 17346277.7189105860888958 17346067.8389105871319771 629865.3939983914606273 629655.5139983914559707
139 34870956.9412417709827423 34870747.0612417683005333 629865.3939983914606273 629655.5139983914559707
140 24856621.5916345864534378 24856411.7116345874965191 629865.3939983914606273 629655.5139983914559707
141 32017817.3603429719805717 32017607.4803429730236530 629865.3939983914606273 629655.5139983914559707
142 29895889.0904265940189362 29895679.2104265950620174 629865.3939983914606273 629655.5139983914559707
143 60245790.3091385960578918 60245580.4291385933756828 629865.3939983914606273 629655.5139983914559707
144 19477628.2303794547915459 19477418.3503794558346272 629865.3939983914606273 629655.5139983914559707
145 23846570.7014986388385296 23846360.8214986398816109 629865.3939983914606273 629655.5139983914559707
146 23179824.4337648674845695 23179614.5537648685276508 629865.3939983914606273 629655.5139983914559707
147 23462623.4622830525040627 23462413.5822830535471439 629865.3939983914606273 629655.5139983914559707
148 34246883.2915108576416969 34246673.4115108549594879 629865.3939983914606273 629655.5139983914559707
149 42047344.9156651794910431 42047135.0356651768088341 629865.3939983914606273 629655.5139983914559707
150 7905981.0357463574036956 7905771.1557463575154543 629865.3939983914606273 629655.5139983914559707
151 23905950.9361235201358795 23905741.0561235211789608 629865.3939983914606273 629655.5139983914559707
152 36412375.1861597001552582 36412165.3061596974730492 629865.3939983914606273 629655.5139983914559707
153 17607053.8005074597895145 17606843.9205074608325958 629865.3939983914606273 629655.5139983914559707
154 25209695.4435206502676010 25209485.5635206513106823 629865.3939983914606273 629655.5139983914559707
155 13938629.8744574114680290 13938419.9944574106484652 629865.3939983914606273 629655.5139983914559707
156 15347635.2682965248823166 15347425.3882965240627527 629865.3939983914606273 629655.5139983914559707
157 30129451.0013746693730354 30129241.1213746704161167 629865.3939983914606273 629655.5139983914559707
158 12573257.4271974004805088 12573047.5471973996609449 629865.3939983914606273 629655.5139983914559707
159 44523551.5825731009244919 44523341.7025730982422829 629865.3939983914606273 629655.5139983914559707
160 31059909.1700635589659214 31059699.2900635600090027 629865.3939983914606273 629655.5139983914559707
161 39183002.7159183472394943 39182792.8359183445572853 629865.3939983914606273 629655.5139983914559707
162 27745139.6957770362496376 27744929.8157770372927189 629865.3939983914606273 629655.5139983914559707
163 26813129.0523349419236183 26812919.1723349429666996 629865.3939983914606273 629655.5139983914559707
164 43612805.0656343698501587 43612595.1856343671679497 629865.3939983914606273 629655.5139983914559707
165 48583561.8993861451745033 48583352.0193861424922943 629865.3939983914606273 629655.5139983914559707
166 9668162.3865825943648815 9667952.5065825935453176 629865.3939983914606273 629655.5139983914559707
167 15950529.6125912182033062 15950319.7325912173837423 629865.3939983914606273 629655.5139983914559707
168 58189925.4968152791261673 58189715.6168152764439583 629865.3939983914606273 629655.5139983914559707
169 20946861.2039802297949791 20946651.3239802308380604 629865.3939983914606273 629655.5139983914559707
170 31502455.2832093760371208 31502245.4032093770802021 629865.3939983914606273 629655.5139983914559707
171 19875327.5771826431155205 19875117.6971826441586018 629865.3939983914606273 629655.5139983914559707
172 20300975.2837696224451065 20300765.4037696234881878 629865.3939983914606273 629655.5139983914559707
173 52439617.0648786425590515 52439407.1848786398768425 629865.3939983914606273 629655.5139983914559707
174 37081506.4148212447762489 37081296.5348212420940399 629865.3939983914606273 629655.5139983914559707
175 38219357.8999112397432327 38219148.0199112370610237 629865.3939983914606273 629655.5139983914559707
176 42094335.9709959626197815 42094126.0909959599375725 629865.3939983914606273 629655.5139983914559707
177 21835523.9291452951729298 21835314.0491452962160110 629865.3939983914606273 629655.5139983914559707
178 16767923.3859963286668062 16767713.5059963278472424 629865.3939983914606273 629655.5139983914559707
179 47838839.6768476888537407 47838629.7968476861715317 629865.3939983914606273 629655.5139983914559707
180 35940130.6361115574836731 35939920.7561115548014641 629865.3939983914606273 629655.5139983914559707
181 32853420.1808203719556332 32853210.3008203729987144 629865.3939983914606273 629655.5139983914559707
182 47090131.6268381327390671 47089921.7468381300568581 629865.3939983914606273 629655.5139983914559707
183 14334805.6848982051014900 14334595.8048982042819262 629865.3939983914606273 629655.5139983914559707
184 29530221.8167209923267365 29530011.9367209933698177 629865.3939983914606273 629655.5139983914559707
185 36144690.4513357207179070 36144480.5713357180356979 629865.3939983914606273 629655.5139983914559707
186 26979477.4629876278340816 26979267.5829876288771629 629865.3939983914606273 629655.5139983914559707
187 32173818.8447985574603081 32173608.9647985585033894 629865.3939983914606273 629655.5139983914559707
188 923592.5751733289798722 923382.6951733289752156 629865.3939983914606273 629655.5139983914559707
189 13086772.8217486478388309 13086562.9417486470192671 629865.3939983914606273 629655.5139983914559707
190 8977085.7209022901952267 8976875.8409022893756628 629865.3939983914606273 629655.5139983914559707
191 27231016.7675753608345985 27230806.8875753618776798 629865.3939983914606273 629655.5139983914559707
192 9907139.1859048809856176 9906929.3059048801660538 629865.3939983914606273 629655.5139983914559707
193 23785422.6751114763319492 23785212.7951114773750305 629865.3939983914606273 629655.5139983914559707
194 39807677.7787515372037888 39807467.8987515345215797 629865.3939983914606273 629655.5139983914559707
195 11355889.1045556515455246 11355679.2245556507259607 629865.3939983914606273 629655.5139983914559707
196 13841153.6416347082704306 13840943.7616347074508667 629865.3939983914606273 629655.5139983914559707
197 5572987.8596162395551801 5572777.9796162396669388 629865.3939983914606273 629655.5139983914559707
198 17047079.2605977654457092 17046869.3805977664887905 629865.3939983914606273 629655.5139983914559707
199 5403548.9226887021213770 5403339.0426887022331357 629865.3939983914606273 629655.5139983914559707
200 41869423.3140138685703278 41869213.4340138658881187 629865.3939983914606273 629655.5139983914559707
201 26682116.3933137208223343 26681906.5133137218654156 629865.3939983914606273 629655.5139983914559707
202 36884924.0143713429570198 36884714.1343713402748108 629865.3939983914606273 629655.5139983914559707
203 18439827.2890159115195274 18439617.4090159125626087 629865.3939983914606273 629655.5139983914559707
204 6852198.7769262138754129 6851988.8969262139871716 629865.3939983914606273 629655.5139983914559707
205 11149188.4174467995762825 11148978.5374467987567186 629865.3939983914606273 629655.5139983914559707
206 9277145.5025478396564722 9276935.6225478388369083 629865.3939983914606273 629655.5139983914559707
207 12597669.2049848604947329 12597459.3249848596751690 629865.3939983914606273 629655.5139983914559707
208 20462780.1198568195104599 20462570.2398568205535412 629865.3939983914606273 629655.5139983914559707
209 21771934.6762190982699394 21771724.7962190993130207 629865.3939983914606273 629655.5139983914559707
210 3996563.1972786579281092 3996353.3172786580398679 629865.3939983914606273 629655.5139983914559707
211 38044184.4484219998121262 38043974.5684219971299171 629865.3939983914606273 629655.5139983914559707
212 16206791.4960458539426327 16206581.6160458531230688 629865.3939983914606273 629655.5139983914559707
213 47216074.2497422248125076 47215864.3697422221302986 629865.3939983914606273 629655.5139983914559707
214 8450482.9560017473995686 8450273.0760017465800047 629865.3939983914606273 629655.5139983914559707
215 5388176.3789671193808317 5387966.4989671194925904 629865.3939983914606273 629655.5139983914559707
216 10671291.0635968334972858 10671081.1835968326777220 629865.3939983914606273 629655.5139983914559707
217 6145365.3609809884801507 6145155.4809809885919094 629865.3939983914606273 629655.5139983914559707
218 24256599.1817262396216393 24256389.3017262406647205 629865.3939983914606273 629655.5139983914559707
219 55396855.7399890720844269 55396645.8599890694022179 629865.3939983914606273 629655.5139983914559707
220 4238225.8755865143612027 4238015.9955865144729614 629865.3939983914606273 629655.5139983914559707
221 22920773.0609982982277870 22920563.1809982992708683 629865.3939983914606273 629655.5139983914559707
222 41668140.6881076321005821 41667930.8081076294183731 629865.3939983914606273 629655.5139983914559707
223 32399595.0734148249030113 32399385.1934148259460926 629865.3939983914606273 629655.5139983914559707
224 5293030.0216354280710220 5292820.1416354281827807 629865.3939983914606273 629655.5139983914559707
225 15611979.9642520248889923 15611770.0842520240694284 629865.3939983914606273 629655.5139983914559707
226 19952060.0064984411001205 19951850.1264984421432018 629865.3939983914606273 629655.5139983914559707
227 14452497.7482261005789042 14452287.8682260997593403 629865.3939983914606273 629655.5139983914559707
228 14227010.8592994716018438 14226800.9792994707822800 629865.3939983914606273 629655.5139983914559707
229 7772372.7669943934306502 7772162.8869943935424089 629865.3939983914606273 629655.5139983914559707
230 7113361.5732586178928614 7113151.6932586180046201 629865.3939983914606273 629655.5139983914559707
231 37583604.1636154800653458 37583394.2836154773831367 629865.3939983914606273 629655.5139983914559707
232 17841468.6220231018960476 17841258.7420231029391289 629865.3939983914606273 629655.5139983914559707
233 34647155.4552079811692238 34646945.5752079784870148 629865.3939983914606273 629655.5139983914559707
234 35304682.3728466182947159 35304472.4928466156125069 629865.3939983914606273 629655.5139983914559707
235 31715658.1764465272426605 31715448.2964465282857418 629865.3939983914606273 629655.5139983914559707
236 22421385.1148488335311413 22421175.2348488345742226 629865.3939983914606273 629655.5139983914559707
237 37587898.6538990288972855 37587688.7738990262150764 629865.3939983914606273 629655.5139983914559707
238 8718402.2887832876294851 8718192.4087832868099213 629865.3939983914606273 629655.5139983914559707
239 16334350.3427617624402046 16334140.4627617616206408 629865.3939983914606273 629655.5139983914559707
240 7221712.9887726111337543 7221503.1087726112455130 629865.3939983914606273 629655.5139983914559707
241 13146529.1278093606233597 13146319.2478093598037958 629865.3939983914606273 629655.5139983914559707
242 20912419.0130454264581203 20912209.1330454275012016 629865.3939983914606273 629655.5139983914559707
243 5131752.0722818737849593 5131542.1922818738967180 629865.3939983914606273 629655.5139983914559707
244 26328948.6008095182478428 26328738.7208095192909241 629865.3939983914606273 629655.5139983914559707
245 21048307.1838782615959644 21048097.3038782626390457 629865.3939983914606273 629655.5139983914559707
246 5963942.8254740182310343 5963732.9454740183427930 629865.3939983914606273 629655.5139983914559707
247 9661152.2230272870510817 9660942.3430272862315178 629865.3939983914606273 629655.5139983914559707
248 44002705.1868015602231026 44002495.3068015575408936 629865.3939983914606273 629655.5139983914559707
249 22448092.5382243618369102 22447882.6582243628799915 629865.3939983914606273 629655.5139983914559707
250 33018369.5393284782767296 33018159.6593284793198109 629865.3939983914606273 629655.5139983914559707
251 25618781.1125603765249252 25618571.2325603775680065 629865.3939983914606273 629655.5139983914559707
252 24700234.1727871000766754 24700024.2927871011197567 629865.3939983914606273 629655.5139983914559707
253 26852555.4192835502326488 26852345.5392835512757301 629865.3939983914606273 629655.5139983914559707
254 18575659.3010861799120903 18575449.4210861809551716 629865.3939983914606273 629655.5139983914559707
255 21269337.3643709048628807 21269127.4843709059059620 629865.3939983914606273 629655.5139983914559707
256 71099310.8309074640274048 71099100.9509074687957764 629865.3939983914606273 629655.5139983914559707
257 6847493.2627202961593866 6847283.3827202962711453 629865.3939983914606273 629655.5139983914559707
258 56477348.3427829742431641 56477138.4627829715609550 629865.3939983914606273 629655.5139983914559707
259 20488884.0801188424229622 20488674.2001188434660435 629865.3939983914606273 629655.5139983914559707
260 45157959.0357118248939514 45157749.1557118222117424 629865.3939983914606273 629655.5139983914559707
261 19646191.4122137874364853 19645981.5322137884795666 629865.3939983914606273 629655.5139983914559707
262 18131474.8686972521245480 18131264.9886972531676292 629865.3939983914606273 629655.5139983914559707
263 16989978.3597606271505356 16989768.4797606281936169 629865.3939983914606273 629655.5139983914559707
264 6577265.9927849248051643 6577056.1127849249169230 629865.3939983914606273 629655.5139983914559707
265 52102340.1935114562511444 52102130.3135114535689354 629865.3939983914606273 629655.5139983914559707
266 33625834.8171554133296013 33625624.9371554106473923 629865.3939983914606273 629655.5139983914559707
267 17988530.6148507669568062 17988320.7348507679998875 629865.3939983914606273 629655.5139983914559707
268 10352262.6533107589930296 10352052.7733107581734657 629865.3939983914606273 629655.5139983914559707
269 20385671.0813070535659790 20385461.2013070546090603 629865.3939983914606273 629655.5139983914559707
270 8479120.3036796506494284 8478910.4236796498298645 629865.3939983914606273 629655.5139983914559707
271 18491348.0194417983293533 18491138.1394417993724346 629865.3939983914606273 629655.5139983914559707
272 16422777.7964582145214081 16422567.9164582137018442 629865.3939983914606273 629655.5139983914559707
273 17137753.4952346906065941 17137543.6152346916496754 629865.3939983914606273 629655.5139983914559707
274 7881051.8626922760158777 7880841.9826922761276364 629865.3939983914606273 629655.5139983914559707
275 33791646.0488798990845680 33791436.1688798964023590 629865.3939983914606273 629655.5139983914559707
276 53121312.6522371917963028 53121102.7722371891140938 629865.3939983914606273 629655.5139983914559707
277 21564301.9771765843033791 21564092.0971765853464603 629865.3939983914606273 629655.5139983914559707
278 9576353.7156613823026419 9576143.8356613814830780 629865.3939983914606273 629655.5139983914559707
279 22315010.3805410936474800 22314800.5005410946905613 629865.3939983914606273 629655.5139983914559707
280 9850128.1876592990010977 9849918.3076592981815338 629865.3939983914606273 629655.5139983914559707
281 15967530.7576356306672096 15967320.8776356298476458 629865.3939983914606273 629655.5139983914559707
282 10308693.4722870811820030 10308483.5922870803624392 629865.3939983914606273 629655.5139983914559707
283 49903076.6548995822668076 49902866.7748995795845985 629865.3939983914606273 629655.5139983914559707
284 17993998.3487155586481094 17993788.4687155596911907 629865.3939983914606273 629655.5139983914559707
285 23059976.2880578041076660 23059766.4080578051507473 629865.3939983914606273 629655.5139983914559707
286 31861906.7111395895481110 31861696.8311395905911922 629865.3939983914606273 629655.5139983914559707
287 11987868.4942245464771986 11987658.6142245456576347 629865.3939983914606273 629655.5139983914559707
288 5006601.7791876327246428 5006391.8991876328364015 629865.3939983914606273 629655.5139983914559707
289 14525350.0059739276766777 14525140.1259739268571138 629865.3939983914606273 629655.5139983914559707
290 16261120.8759126998484135 16260910.9959126990288496 629865.3939983914606273 629655.5139983914559707
291 8704945.7879006490111351 8704735.9079006481915712 629865.3939983914606273 629655.5139983914559707
292 32550544.3090845309197903 32550334.4290845319628716 629865.3939983914606273 629655.5139983914559707
293 5611557.9633588921278715 5611348.0833588922396302 629865.3939983914606273 629655.5139983914559707
294 13170869.5659202523529530 13170659.6859202515333891 629865.3939983914606273 629655.5139983914559707
295 9111196.6123442053794861 9110986.7323442045599222 629865.3939983914606273 629655.5139983914559707
296 23220877.1257529705762863 23220667.2457529716193676 629865.3939983914606273 629655.5139983914559707
297 25662950.1578392013907433 25662740.2778392024338245 629865.3939983914606273 629655.5139983914559707
298 8536811.6272189468145370 8536601.7472189459949732 629865.3939983914606273 629655.5139983914559707
299 9328209.9939974602311850 9328000.1139974594116211 629865.3939983914606273 629655.5139983914559707
300 7391260.3422970287501812 7391050.4622970288619399 629865.3939983914606273 629655.5139983914559707
301 15250823.2732390314340591 15250613.3932390306144953 629865.3939983914606273 629655.5139983914559707
302 27249209.9073060825467110 27249000.0273060835897923 629865.3939983914606273 629655.5139983914559707
303 11620313.4445554092526436 11620103.5645554084330797 629865.3939983914606273 629655.5139983914559707
304 14044404.4716973118484020 14044194.5916973110288382 629865.3939983914606273 629655.5139983914559707
305 46512463.6028846204280853 46512253.7228846177458763 629865.3939983914606273 629655.5139983914559707
306 61932670.1286743730306625 61932460.2486743703484535 629865.3939983914606273 629655.5139983914559707
307 17641077.0717293694615364 17640867.1917293705046177 629865.3939983914606273 629655.5139983914559707
308 22722028.1204786673188210 22721818.2404786683619022 629865.3939983914606273 629655.5139983914559707
309 6237822.0789534673094749 6237612.1989534674212337 629865.3939983914606273 629655.5139983914559707
310 24034980.2589181065559387 24034770.3789181075990200 629865.3939983914606273 629655.5139983914559707
311 14609521.8150552976876497 14609311.9350552968680859 629865.3939983914606273 629655.5139983914559707
312 24817875.9488491527736187 24817666.0688491538167000 629865.3939983914606273 629655.5139983914559707
313 11326055.1433770433068275 11325845.2633770424872637 629865.3939983914606273 629655.5139983914559707
314 12919067.3489311188459396 12918857.4689311180263758 629865.3939983914606273 629655.5139983914559707
315 10787406.6261095516383648 10787196.7461095508188009 629865.3939983914606273 629655.5139983914559707
316 6617905.6338143264874816 6617695.7538143265992403 629865.3939983914606273 629655.5139983914559707
317 14628435.9858583640307188 14628226.1058583632111549 629865.3939983914606273 629655.5139983914559707
318 6585085.3926241341978312 6584875.5126241343095899 629865.3939983914606273 629655.5139983914559707
319 17119270.0023237802088261 17119060.1223237812519073 629865.3939983914606273 629655.5139983914559707
320 9218407.0848639551550150 9218197.2048639543354511 629865.3939983914606273 629655.5139983914559707
321 14225489.9365040641278028 14225280.0565040633082390 629865.3939983914606273 629655.5139983914559707
322 5995703.6087033888325095 5995493.7287033889442682 629865.3939983914606273 629655.5139983914559707
323 26610341.6241546683013439 26610131.7441546693444252 629865.3939983914606273 629655.5139983914559707
324 6523879.7212795186787844 6523669.8412795187905431 629865.3939983914606273 629655.5139983914559707
325 26503579.9756599366664886 26503370.0956599377095699 629865.3939983914606273 629655.5139983914559707
326 48053452.6603254973888397 48053242.7803254947066307 629865.3939983914606273 629655.5139983914559707
327 44351222.8629077076911926 44351012.9829077050089836 629865.3939983914606273 629655.5139983914559707
328 16826836.5388849526643753 16826626.6588849537074566 629865.3939983914606273 629655.5139983914559707
329 24114560.7419657409191132 24114350.8619657419621944 629865.3939983914606273 629655.5139983914559707
330 34121099.1968313828110695 34120889.3168313801288605 629865.3939983914606273 629655.5139983914559707
331 49005308.7170607671141624 49005098.8370607644319534 629865.3939983914606273 629655.5139983914559707
332 47251389.2762704938650131 47251179.3962704911828041 629865.3939983914606273 629655.5139983914559707
333 21974141.1770780608057976 21973931.2970780618488789 629865.3939983914606273 629655.5139983914559707
334 13075351.1668896004557610 13075141.2868895996361971 629865.3939983914606273 629655.5139983914559707
335 7086573.7201137524098158 7086363.8401137525215745 629865.3939983914606273 629655.5139983914559707
336 20798893.0198492333292961 20798683.1398492343723774 629865.3939983914606273 629655.5139983914559707
337 8285879.4170581195503473 8285669.5370581196621060 629865.3939983914606273 629655.5139983914559707
338 6393599.5818051733076572 6393389.7018051734194160 629865.3939983914606273 629655.5139983914559707
339 4187621.6734720221720636 4187411.7934720222838223 629865.3939983914606273 629655.5139983914559707
340 36026206.9742953628301620 36025997.0942953601479530 629865.3939983914606273 629655.5139983914559707
341 12432014.2381475865840912 12431804.3581475857645273 629865.3939983914606273 629655.5139983914559707
342 10506884.7030044943094254 10506674.8230044934898615 629865.3939983914606273 629655.5139983914559707
343 25034959.9405577853322029 25034750.0605577863752842 629865.3939983914606273 629655.5139983914559707
344 19759869.2518833726644516 19759659.3718833737075329 629865.3939983914606273 629655.5139983914559707
345 19600624.7207700014114380 19600414.8407700024545193 629865.3939983914606273 629655.5139983914559707
346 16680809.2238060534000397 16680599.3438060525804758 629865.3939983914606273 629655.5139983914559707
347 18603246.9952375553548336 18603037.1152375563979149 629865.3939983914606273 629655.5139983914559707
348 48730658.9081048369407654 48730449.0281048342585564 629865.3939983914606273 629655.5139983914559707
349 49517214.0105717405676842 49517004.1305717378854752 629865.3939983914606273 629655.5139983914559707
350 20253295.2045501358807087 20253085.3245501369237900 629865.3939983914606273 629655.5139983914559707
351 54077069.4241981804370880 54076859.5441981777548790 629865.3939983914606273 629655.5139983914559707
352 6687034.8022695751860738 6686824.9222695752978325 629865.3939983914606273 629655.5139983914559707
353 5572994.2087396355345845 5572784.3287396356463432 629865.3939983914606273 629655.5139983914559707
354 55865979.7286518290638924 55865769.8486518263816833 629865.3939983914606273 629655.5139983914559707
355 39303377.5257313698530197 39303167.6457313671708107 629865.3939983914606273 629655.5139983914559707
356 20418123.9011361002922058 20417914.0211361013352871 629865.3939983914606273 629655.5139983914559707
357 22107956.6698928289115429 22107746.7898928299546242 629865.3939983914606273 629655.5139983914559707
358 29343442.1209388598799706 29343232.2409388609230518 629865.3939983914606273 629655.5139983914559707
359 12456966.5457908064126968 12456756.6657908055931330 629865.3939983914606273 629655.5139983914559707
360 21878518.5254361033439636 21878308.6454361043870449 629865.3939983914606273 629655.5139983914559707
361 28396766.6541214473545551 28396556.7741214483976364 629865.3939983914606273 629655.5139983914559707
362 20339932.3243332207202911 20339722.4443332217633724 629865.3939983914606273 629655.5139983914559707
363 42913278.3841532841324806 42913068.5041532814502716 629865.3939983914606273 629655.5139983914559707
364 8960190.7320447135716677 8959980.8520447127521038 629865.3939983914606273 629655.5139983914559707
365 3634687.9471849985420704 3634478.0671849986538291 629865.3939983914606273 629655.5139983914559707
366 21344934.6419108472764492 21344724.7619108483195305 629865.3939983914606273 629655.5139983914559707
367 11556949.6812316551804543 11556739.8012316543608904 629865.3939983914606273 629655.5139983914559707
368 12493403.9635017998516560 12493194.0835017990320921 629865.3939983914606273 629655.5139983914559707
369 30041430.9519728198647499 30041221.0719728209078312 629865.3939983914606273 629655.5139983914559707
370 2375623.7040385128930211 2375413.8240385130047798 629865.3939983914606273 629655.5139983914559707
371 25025493.2164512798190117 25025283.3364512808620930 629865.3939983914606273 629655.5139983914559707
372 27936875.0204860381782055 27936665.1404860392212868 629865.3939983914606273 629655.5139983914559707
373 7168956.2110428912565112 7168746.3310428913682699 629865.3939983914606273 629655.5139983914559707
374 12793136.5879230648279190 12792926.7079230640083551 629865.3939983914606273 629655.5139983914559707
375 21551453.6122308894991875 21551243.7322308905422688 629865.3939983914606273 629655.5139983914559707
376 38452950.5404424071311951 38452740.6604424044489861 629865.3939983914606273 629655.5139983914559707
377 40097903.4517964348196983 40097693.5717964321374893 629865.3939983914606273 629655.5139983914559707
378 34080049.5686063319444656 34079839.6886063292622566 629865.3939983914606273 629655.5139983914559707
379 13120873.8711066469550133 13120663.9911066461354494 629865.3939983914606273 629655.5139983914559707
380 12818178.2469993364065886 12817968.3669993355870247 629865.3939983914606273 629655.5139983914559707
381 62750432.9099745452404022 62750223.0299745425581932 629865.3939983914606273 629655.5139983914559707
382 9486942.4351611938327551 9486732.5551611930131912 629865.3939983914606273 629655.5139983914559707
383 8358014.9409313779324293 8357805.0609313780441880 629865.3939983914606273 629655.5139983914559707
384 26824201.2730212174355984 26823991.3930212184786797 629865.3939983914606273 629655.5139983914559707
385 36443963.6250944435596466 36443753.7450944408774376 629865.3939983914606273 629655.5139983914559707
386 7496691.3194383513182402 7496481.4394383514299989 629865.3939983914606273 629655.5139983914559707
387 11738270.3789179176092148 11738060.4989179167896509 629865.3939983914606273 629655.5139983914559707
388 27450747.5156353004276752 27450537.6356353014707565 629865.3939983914606273 629655.5139983914559707
389 24895491.9451508559286594 24895282.0651508569717407 629865.3939983914606273 629655.5139983914559707
390 20319910.4163913205265999 20319700.5363913215696812 629865.3939983914606273 629655.5139983914559707
391 12072005.3594639822840691 12071795.4794639814645052 629865.3939983914606273 629655.5139983914559707
392 27892966.3262391462922096 27892756.4462391473352909 629865.3939983914606273 629655.5139983914559707
393 24683896.5197569765150547 24683686.6397569775581360 629865.3939983914606273 629655.5139983914559707
394 11746103.0592759810388088 11745893.1792759802192450 629865.3939983914606273 629655.5139983914559707
395 20473221.6116966605186462 20473011.7316966615617275 629865.3939983914606273 629655.5139983914559707
396 8835600.9059356190264225 8835391.0259356182068586 629865.3939983914606273 629655.5139983914559707
397 15052032.9137535057961941 15051823.0337535049766302 629865.3939983914606273 629655.5139983914559707
398 19733222.4211959689855576 19733012.5411959700286388 629865.3939983914606273 629655.5139983914559707
399 31085599.5654848068952560 31085389.6854848079383373 629865.3939983914606273 629655.5139983914559707
400 40583167.4017876610159874 40582957.5217876583337784 629865.3939983914606273 629655.5139983914559707
401 46162447.5951287001371384 46162237.7151286974549294 629865.3939983914606273 629655.5139983914559707
402 16684898.1770666167140007 16684688.2970666158944368 629865.3939983914606273 629655.5139983914559707
403 17272034.5871880389750004 17271824.7071880400180817 629865.3939983914606273 629655.5139983914559707
404 23709390.5499485097825527 23709180.6699485108256340 629865.3939983914606273 629655.5139983914559707
405 24084735.3616939149796963 24084525.4816939160227776 629865.3939983914606273 629655.5139983914559707
406 30585545.2322724871337414 30585335.3522724881768227 629865.3939983914606273 629655.5139983914559707
407 12278306.3022787682712078 12278096.4222787674516439 629865.3939983914606273 629655.5139983914559707
408 19668628.7593885734677315 19668418.8793885745108128 629865.3939983914606273 629655.5139983914559707
409 47250795.6680623143911362 47250585.7880623117089272 629865.3939983914606273 629655.5139983914559707
410 14122160.8754279911518097 14121950.9954279903322458 629865.3939983914606273 629655.5139983914559707
411 12861759.2900841496884823 12861549.4100841488689184 629865.3939983914606273 629655.5139983914559707
412 19339248.8064982853829861 19339038.9264982864260674 629865.3939983914606273 629655.5139983914559707
413 18061862.3285371176898479 18061652.4485371187329292 629865.3939983914606273 629655.5139983914559707
414 13779462.4645703900605440 13779252.5845703892409801 629865.3939983914606273 629655.5139983914559707
415 33846684.3362130075693130 33846474.4562130048871040 629865.3939983914606273 629655.5139983914559707
416 12312651.4776699896901846 12312441.5976699888706207 629865.3939983914606273 629655.5139983914559707
417 36980130.7716024816036224 36979920.8916024789214134 629865.3939983914606273 629655.5139983914559707
418 12557727.4493655227124691 12557517.5693655218929052 629865.3939983914606273 629655.5139983914559707
419 19648231.2531890347599983 19648021.3731890358030796 629865.3939983914606273 629655.5139983914559707
420 26603571.3074198067188263 26603361.4274198077619076 629865.3939983914606273 629655.5139983914559707
421 8340650.3203741181641817 8340440.4403741182759404 629865.3939983914606273 629655.5139983914559707
422 11012563.2450900636613369 11012353.3650900628417730 629865.3939983914606273 629655.5139983914559707
423 22374362.7235392890870571 22374152.8435392901301384 629865.3939983914606273 629655.5139983914559707
424 27067770.9054616093635559 27067561.0254616104066372 629865.3939983914606273 629655.5139983914559707
425 36836744.1604021862149239 36836534.2804021835327148 629865.3939983914606273 629655.5139983914559707
426 22027554.3608137145638466 22027344.4808137156069279 629865.3939983914606273 629655.5139983914559707
427 42808575.6239175423979759 42808365.7439175397157669 629865.3939983914606273 629655.5139983914559707
428 15927126.1675569843500853 15926916.2875569835305214 629865.3939983914606273 629655.5139983914559707
429 7069485.9086748557165265 7069276.0286748558282852 629865.3939983914606273 629655.5139983914559707
430 33601413.8882589042186737 33601204.0082589015364647 629865.3939983914606273 629655.5139983914559707
431 40131263.9187588989734650 40131054.0387588962912560 629865.3939983914606273 629655.5139983914559707
432 38231017.8481476679444313 38230807.9681476652622223 629865.3939983914606273 629655.5139983914559707
433 9370552.7271478343755007 9370342.8471478335559368 629865.3939983914606273 629655.5139983914559707
434 21392628.7645501233637333 21392418.8845501244068146 629865.3939983914606273 629655.5139983914559707
435 19562733.9812721982598305 19562524.1012721993029118 629865.3939983914606273 629655.5139983914559707
436 28702265.4966030418872833 28702055.6166030429303646 629865.3939983914606273 629655.5139983914559707
437 14764321.6711805388331413 14764111.7911805380135775 629865.3939983914606273 629655.5139983914559707
438 13833934.2190058585256338 13833724.3390058577060699 629865.3939983914606273 629655.5139983914559707
439 16643539.1383898090571165 16643329.2583898082375526 629865.3939983914606273 629655.5139983914559707
440 17984962.3483785726130009 17984752.4683785736560822 629865.3939983914606273 629655.5139983914559707
441 17102696.7062253504991531 17102486.8262253515422344 629865.3939983914606273 629655.5139983914559707
442 17101431.2780619710683823 17101221.3980619721114635 629865.3939983914606273 629655.5139983914559707
443 7012971.8485922133550048 7012761.9685922134667635 629865.3939983914606273 629655.5139983914559707
444 19188113.9584765918552876 19187904.0784765928983688 629865.3939983914606273 629655.5139983914559707
445 19552508.2917587161064148 19552298.4117587171494961 629865.3939983914606273 629655.5139983914559707
446 28708333.8293923251330853 28708123.9493923261761665 629865.3939983914606273 629655.5139983914559707
447 7395442.1101503688842058 7395232.2301503689959645 629865.3939983914606273 629655.5139983914559707
448 21144863.1197465583682060 21144653.2397465594112873 629865.3939983914606273 629655.5139983914559707
449 45116546.1081851869821548 45116336.2281851842999458 629865.3939983914606273 629655.5139983914559707
450 61678727.8056431412696838 61678517.9256431385874748 629865.3939983914606273 629655.5139983914559707
451 22788589.0238015018403530 22788379.1438015028834343 629865.3939983914606273 629655.5139983914559707
452 14640644.3658917360007763 14640434.4858917351812124 629865.3939983914606273 629655.5139983914559707
453 21936595.1133013889193535 21936385.2333013899624348 629865.3939983914606273 629655.5139983914559707
454 2705049.6163755995221436 2704839.7363755996339023 629865.3939983914606273 629655.5139983914559707
455 28973507.7213478386402130 28973297.8413478396832943 629865.3939983914606273 629655.5139983914559707
456 13945284.0990580767393112 13945074.2190580759197474 629865.3939983914606273 629655.5139983914559707
457 2570190.6809881255030632 2569980.8009881256148219 629865.3939983914606273 629655.5139983914559707
458 11528026.1983570531010628 11527816.3183570522814989 629865.3939983914606273 629655.5139983914559707
459 12444139.3393322303891182 12443929.4593322295695543 629865.3939983914606273 629655.5139983914559707
460 55863884.2291491702198982 55863674.3491491675376892 629865.3939983914606273 629655.5139983914559707
461 38802655.0426782220602036 38802445.1626782193779945 629865.3939983914606273 629655.5139983914559707
462 39562518.9183996394276619 39562309.0383996367454529 629865.3939983914606273 629655.5139983914559707
463 15240876.3488221466541290 15240666.4688221458345652 629865.3939983914606273 629655.5139983914559707
464 7738539.1875974927097559 7738329.3075974928215146 629865.3939983914606273 629655.5139983914559707
465 7215044.2354972288012505 7214834.3554972289130092 629865.3939983914606273 629655.5139983914559707
466 18567241.1079313457012177 18567031.2279313467442989 629865.3939983914606273 629655.5139983914559707
467 7657987.0876632118597627 7657777.2076632119715214 629865.3939983914606273 629655.5139983914559707
468 14945995.9647947587072849 14945786.0847947578877211 629865.3939983914606273 629655.5139983914559707
469 15509179.1925974693149328 15508969.3125974684953690 629865.3939983914606273 629655.5139983914559707
470 8891181.2142109572887421 8890971.3342109564691782 629865.3939983914606273 629655.5139983914559707
471 15742676.2939098142087460 15742466.4139098133891821 629865.3939983914606273 629655.5139983914559707
472 11266808.2063573170453310 11266598.3263573162257671 629865.3939983914606273 629655.5139983914559707
473 5316461.8743210285902023 5316251.9943210287019610 629865.3939983914606273 629655.5139983914559707
474 10654979.8312779422849417 10654769.9512779414653778 629865.3939983914606273 629655.5139983914559707
475 8286106.0713143907487392 8285896.1913143908604980 629865.3939983914606273 629655.5139983914559707
476 26176839.0931407883763313 26176629.2131407894194126 629865.3939983914606273 629655.5139983914559707
477 6675654.5654340134933591 6675444.6854340136051178 629865.3939983914606273 629655.5139983914559707
478 5338191.0220397179946303 5337981.1420397181063890 629865.3939983914606273 629655.5139983914559707
479 15065287.2174707315862179 15065077.3374707307666540 629865.3939983914606273 629655.5139983914559707
480 18528057.5261724740266800 18527847.6461724750697613 629865.3939983914606273 629655.5139983914559707
481 50282842.1458288878202438 50282632.2658288851380348 629865.3939983914606273 629655.5139983914559707
482 2849400.8683190569281578 2849190.9883190570399165 629865.3939983914606273 629655.5139983914559707
483 21033036.6835776343941689 21032826.8035776354372501 629865.3939983914606273 629655.5139983914559707
484 5891155.7081898059695959 5890945.8281898060813546 629865.3939983914606273 629655.5139983914559707
485 17567892.0909140333533287 17567682.2109140343964100 629865.3939983914606273 629655.5139983914559707
486 15253587.8305513039231300 15253377.9505513031035662 629865.3939983914606273 629655.5139983914559707
487 31062490.0026718080043793 31062280.1226718090474606 629865.3939983914606273 629655.5139983914559707
488 21121523.3614063933491707 21121313.4814063943922520 629865.3939983914606273 629655.5139983914559707
489 13593877.6863206401467323 13593667.8063206393271685 629865.3939983914606273 629655.5139983914559707
490 9191714.0764713920652866 9191504.1964713912457228 629865.3939983914606273 629655.5139983914559707
491 6400890.9848571792244911 6400681.1048571793362498 629865.3939983914606273 629655.5139983914559707
492 18442059.3980657085776329 18441849.5180657096207142 629865.3939983914606273 629655.5139983914559707
493 38067568.6756474971771240 38067358.7956474944949150 629865.3939983914606273 629655.5139983914559707
494 19959408.1974302753806114 19959198.3174302764236927 629865.3939983914606273 629655.5139983914559707
495 15274972.4461773559451103 15274762.5661773551255465 629865.3939983914606273 629655.5139983914559707
496 13076812.4540612883865833 13076602.5740612875670195 629865.3939983914606273 629655.5139983914559707
497 24573859.4376732297241688 24573649.5576732307672501 629865.3939983914606273 629655.5139983914559707
498 11268216.0100040510296822 11268006.1300040502101183 629865.3939983914606273 629655.5139983914559707
499 15647054.6956479139626026 15646844.8156479131430387 629865.3939983914606273 629655.5139983914559707
500 9563189.4127228781580925 9562979.5327228773385286 629865.3939983914606273 629655.5139983914559707
