evaluations raw_y current_y raw_y_best current_y_best
1 919010.6476859122049063 919159.7976859122281894 919010.6476859122049063 919159.7976859122281894
2 590885.0092405637260526 591034.1592405637493357 590885.0092405637260526 591034.1592405637493357
3 162132.4014556474867277 162281.5514556474809069 162132.4014556474867277 162281.5514556474809069
4 468464.1923226127400994 468613.3423226127633825 162132.4014556474867277 162281.5514556474809069
5 395211.8035223878687248 395360.9535223878920078 162132.4014556474867277 162281.5514556474809069
6 339780.6199047272093594 339929.7699047272326425 162132.4014556474867277 162281.5514556474809069
7 760127.4204246607841924 760276.5704246608074754 162132.4014556474867277 162281.5514556474809069
8 923385.3523510049562901 923534.5023510049795732 162132.4014556474867277 162281.5514556474809069
9 35613.0415755273497780 35762.1915755273512332 35613.0415755273497780 35762.1915755273512332
10 26884.8390002546730102 27033.9890002546744654 26884.8390002546730102 27033.9890002546744654
11 32518.1469262987484399 32667.2969262987498951 26884.8390002546730102 27033.9890002546744654
12 27782.7758381317944441 27931.9258381317958992 26884.8390002546730102 27033.9890002546744654
13 28407.4983239130779111 28556.6483239130793663 26884.8390002546730102 27033.9890002546744654
14 30130.7703936087491456 30279.9203936087506008 26884.8390002546730102 27033.9890002546744654
15 34603.9701161142947967 34753.1201161142962519 26884.8390002546730102 27033.9890002546744654
16 29791.1285231471993029 29940.2785231472007581 26884.8390002546730102 27033.9890002546744654
17 25339.2648651294075535 25488.4148651294090087 25339.2648651294075535 25488.4148651294090087
18 21469.7820325081629562 21618.9320325081644114 21469.7820325081629562 21618.9320325081644114
19 55150.6944724534841953 55299.8444724534856505 21469.7820325081629562 21618.9320325081644114
20 26218.8014270831990871 26367.9514270832005423 21469.7820325081629562 21618.9320325081644114
21 25782.0274815203156322 25931.1774815203170874 21469.7820325081629562 21618.9320325081644114
22 23378.5746079483687936 23527.7246079483702488 21469.7820325081629562 21618.9320325081644114
23 23772.7167832398226892 23921.8667832398241444 21469.7820325081629562 21618.9320325081644114
24 21173.7576285957002256 21322.9076285957016808 21173.7576285957002256 21322.9076285957016808
25 25402.1833082165067026 25551.3333082165081578 21173.7576285957002256 21322.9076285957016808
26 22008.9268652449645742 22158.0768652449660294 21173.7576285957002256 21322.9076285957016808
27 21039.8375768310470448 21188.9875768310485000 21039.8375768310470448 21188.9875768310485000
28 35807.4033929266734049 35956.5533929266748601 21039.8375768310470448 21188.9875768310485000
29 36868.6474569691490615 37017.7974569691505167 21039.8375768310470448 21188.9875768310485000
30 24291.4678747050311358 24440.6178747050325910 21039.8375768310470448 21188.9875768310485000
31 31179.6767488529476395 31328.8267488529490947 21039.8375768310470448 21188.9875768310485000
32 26400.6787440294574481 26549.8287440294589032 21039.8375768310470448 21188.9875768310485000
33 28475.5259167326075840 28624.6759167326090392 21039.8375768310470448 21188.9875768310485000
34 25671.2905896927877620 25820.4405896927892172 21039.8375768310470448 21188.9875768310485000
35 23713.4841324327935581 23862.6341324327950133 21039.8375768310470448 21188.9875768310485000
36 36433.7737017767285579 36582.9237017767300131 21039.8375768310470448 21188.9875768310485000
37 31766.5485825010000553 31915.6985825010015105 21039.8375768310470448 21188.9875768310485000
38 24874.9632269849280419 25024.1132269849294971 21039.8375768310470448 21188.9875768310485000
39 22240.2607832175781368 22389.4107832175795920 21039.8375768310470448 21188.9875768310485000
40 45996.5077841283928137 46145.6577841283942689 21039.8375768310470448 21188.9875768310485000
41 38264.2371130745450500 38413.3871130745465052 21039.8375768310470448 21188.9875768310485000
42 23844.1907046132801042 23993.3407046132815594 21039.8375768310470448 21188.9875768310485000
43 27400.0767165887191368 27549.2267165887205920 21039.8375768310470448 21188.9875768310485000
44 28047.4615854673502326 28196.6115854673516878 21039.8375768310470448 21188.9875768310485000
45 33618.4538932365467190 33767.6038932365481742 21039.8375768310470448 21188.9875768310485000
46 25737.2602486663054151 25886.4102486663068703 21039.8375768310470448 21188.9875768310485000
47 23388.3268925586053228 23537.4768925586067780 21039.8375768310470448 21188.9875768310485000
48 27666.7890853196622629 27815.9390853196637181 21039.8375768310470448 21188.9875768310485000
49 30784.9148703282044153 30934.0648703282058705 21039.8375768310470448 21188.9875768310485000
50 36206.2793821096784086 36355.4293821096798638 21039.8375768310470448 21188.9875768310485000
51 26980.0088398614061589 27129.1588398614076141 21039.8375768310470448 21188.9875768310485000
52 24549.6535084866482066 24698.8035084866496618 21039.8375768310470448 21188.9875768310485000
53 24485.8303535456761892 24634.9803535456776444 21039.8375768310470448 21188.9875768310485000
54 28758.2945938488992397 28907.4445938489006949 21039.8375768310470448 21188.9875768310485000
55 24555.6401767673887662 24704.7901767673902214 21039.8375768310470448 21188.9875768310485000
56 43310.2162240123871015 43459.3662240123885567 21039.8375768310470448 21188.9875768310485000
57 39001.0808313699453720 39150.2308313699468272 21039.8375768310470448 21188.9875768310485000
58 47944.2972184940517764 48093.4472184940532316 21039.8375768310470448 21188.9875768310485000
59 26762.1721232227864675 26911.3221232227879227 21039.8375768310470448 21188.9875768310485000
60 23352.8130083535797894 23501.9630083535812446 21039.8375768310470448 21188.9875768310485000
61 20528.3270274756796425 20677.4770274756810977 20528.3270274756796425 20677.4770274756810977
62 43873.6952423394905054 44022.8452423394919606 20528.3270274756796425 20677.4770274756810977
63 29611.5759709981721244 29760.7259709981735796 20528.3270274756796425 20677.4770274756810977
64 33506.0263210268240073 33655.1763210268254625 20528.3270274756796425 20677.4770274756810977
65 38540.2696804807783337 38689.4196804807797889 20528.3270274756796425 20677.4770274756810977
66 39855.6585346987994853 40004.8085346988009405 20528.3270274756796425 20677.4770274756810977
67 31780.7567776845971821 31929.9067776845986373 20528.3270274756796425 20677.4770274756810977
68 20345.2522528641784447 20494.4022528641798999 20345.2522528641784447 20494.4022528641798999
69 41959.5439776896018884 42108.6939776896033436 20345.2522528641784447 20494.4022528641798999
70 26855.1452203162843944 27004.2952203162858495 20345.2522528641784447 20494.4022528641798999
71 37818.8648210982355522 37968.0148210982370074 20345.2522528641784447 20494.4022528641798999
72 34399.5900652250420535 34548.7400652250435087 20345.2522528641784447 20494.4022528641798999
73 21728.8663785062017269 21878.0163785062031820 20345.2522528641784447 20494.4022528641798999
74 35903.6123585281675332 36052.7623585281689884 20345.2522528641784447 20494.4022528641798999
75 37035.1656962044144166 37184.3156962044158718 20345.2522528641784447 20494.4022528641798999
76 41226.9167715108706034 41376.0667715108720586 20345.2522528641784447 20494.4022528641798999
77 38512.1008043097026530 38661.2508043097041082 20345.2522528641784447 20494.4022528641798999
78 23931.3482982332971005 24080.4982982332985557 20345.2522528641784447 20494.4022528641798999
79 46277.0681292035515071 46426.2181292035529623 20345.2522528641784447 20494.4022528641798999
80 22807.3562428525510768 22956.5062428525525320 20345.2522528641784447 20494.4022528641798999
81 35731.8081566493638093 35880.9581566493652645 20345.2522528641784447 20494.4022528641798999
82 37668.3681159520565416 37817.5181159520579968 20345.2522528641784447 20494.4022528641798999
83 20000.1056628628830367 20149.2556628628844919 20000.1056628628830367 20149.2556628628844919
84 34711.5688276807704824 34860.7188276807719376 20000.1056628628830367 20149.2556628628844919
85 22011.5450352237494371 22160.6950352237508923 20000.1056628628830367 20149.2556628628844919
86 37952.2234404659902793 38101.3734404659917345 20000.1056628628830367 20149.2556628628844919
87 28630.8172638829200878 28779.9672638829215430 20000.1056628628830367 20149.2556628628844919
88 37549.3110170121071860 37698.4610170121086412 20000.1056628628830367 20149.2556628628844919
89 35238.4636749402343412 35387.6136749402357964 20000.1056628628830367 20149.2556628628844919
90 44374.2728501051824423 44523.4228501051838975 20000.1056628628830367 20149.2556628628844919
91 38627.6605777689983370 38776.8105777689997922 20000.1056628628830367 20149.2556628628844919
92 34927.0444040016591316 35076.1944040016605868 20000.1056628628830367 20149.2556628628844919
93 22633.4504771054998855 22782.6004771055013407 20000.1056628628830367 20149.2556628628844919
94 21957.4115208761322720 22106.5615208761337271 20000.1056628628830367 20149.2556628628844919
95 27085.2066644271399127 27234.3566644271413679 20000.1056628628830367 20149.2556628628844919
96 22377.0154599146117107 22526.1654599146131659 20000.1056628628830367 20149.2556628628844919
97 20606.9519520786270732 20756.1019520786285284 20000.1056628628830367 20149.2556628628844919
98 40260.3141333971143467 40409.4641333971158019 20000.1056628628830367 20149.2556628628844919
99 35055.2558662798328442 35204.4058662798342993 20000.1056628628830367 20149.2556628628844919
100 23252.9243418065743754 23402.0743418065758306 20000.1056628628830367 20149.2556628628844919
101 28926.8134877933916869 29075.9634877933931421 20000.1056628628830367 20149.2556628628844919
102 21410.8485053625845467 21559.9985053625860019 20000.1056628628830367 20149.2556628628844919
103 30808.2147503165579110 30957.3647503165593662 20000.1056628628830367 20149.2556628628844919
104 27956.1424087481718743 28105.2924087481733295 20000.1056628628830367 20149.2556628628844919
105 39987.8489253019215539 40136.9989253019230091 20000.1056628628830367 20149.2556628628844919
106 41444.9920754487393424 41594.1420754487407976 20000.1056628628830367 20149.2556628628844919
107 34325.1952006343999528 34474.3452006344014080 20000.1056628628830367 20149.2556628628844919
108 23590.4092273024252790 23739.5592273024267342 20000.1056628628830367 20149.2556628628844919
109 27806.8768016426620306 27956.0268016426634858 20000.1056628628830367 20149.2556628628844919
110 19983.9092309402440151 20133.0592309402454703 19983.9092309402440151 20133.0592309402454703
111 24873.0621942588077218 25022.2121942588091770 19983.9092309402440151 20133.0592309402454703
112 52016.0588268804640393 52165.2088268804654945 19983.9092309402440151 20133.0592309402454703
113 24375.4881906114314916 24524.6381906114329468 19983.9092309402440151 20133.0592309402454703
114 23039.7505096613749629 23188.9005096613764181 19983.9092309402440151 20133.0592309402454703
115 29077.4700808482921275 29226.6200808482935827 19983.9092309402440151 20133.0592309402454703
116 24649.1978261519034277 24798.3478261519048829 19983.9092309402440151 20133.0592309402454703
117 20612.9067210491230071 20762.0567210491244623 19983.9092309402440151 20133.0592309402454703
118 20242.7617904954386177 20391.9117904954400728 19983.9092309402440151 20133.0592309402454703
119 34899.8903329801178188 35049.0403329801192740 19983.9092309402440151 20133.0592309402454703
120 25182.0005982495786157 25331.1505982495800708 19983.9092309402440151 20133.0592309402454703
121 21175.2752208879392128 21324.4252208879406680 19983.9092309402440151 20133.0592309402454703
122 22245.7070647848886438 22394.8570647848900990 19983.9092309402440151 20133.0592309402454703
123 20370.2061535106076917 20519.3561535106091469 19983.9092309402440151 20133.0592309402454703
124 28734.4414263410835702 28883.5914263410850253 19983.9092309402440151 20133.0592309402454703
125 23143.0437916759983636 23292.1937916759998188 19983.9092309402440151 20133.0592309402454703
126 26467.9557735011803743 26617.1057735011818295 19983.9092309402440151 20133.0592309402454703
127 39115.3866147007283871 39264.5366147007298423 19983.9092309402440151 20133.0592309402454703
128 35561.8281716984420200 35710.9781716984434752 19983.9092309402440151 20133.0592309402454703
129 25445.1541622843069490 25594.3041622843084042 19983.9092309402440151 20133.0592309402454703
130 28589.7817938972148113 28738.9317938972162665 19983.9092309402440151 20133.0592309402454703
131 30296.7301108469473547 30445.8801108469488099 19983.9092309402440151 20133.0592309402454703
132 21636.5359513566145324 21785.6859513566159876 19983.9092309402440151 20133.0592309402454703
133 21161.9663938023550145 21311.1163938023564697 19983.9092309402440151 20133.0592309402454703
134 20374.5239247353274550 20523.6739247353289102 19983.9092309402440151 20133.0592309402454703
135 21175.9776682031006203 21325.1276682031020755 19983.9092309402440151 20133.0592309402454703
136 36585.1839963747042930 36734.3339963747057482 19983.9092309402440151 20133.0592309402454703
137 19752.2278161479589471 19901.3778161479604023 19752.2278161479589471 19901.3778161479604023
138 26987.9486441723020107 27137.0986441723034659 19752.2278161479589471 19901.3778161479604023
139 24682.0297807168899453 24831.1797807168914005 19752.2278161479589471 19901.3778161479604023
140 33366.8003106829128228 33515.9503106829142780 19752.2278161479589471 19901.3778161479604023
141 30224.2361121830035700 30373.3861121830050251 19752.2278161479589471 19901.3778161479604023
142 44113.6391858345668879 44262.7891858345683431 19752.2278161479589471 19901.3778161479604023
143 35551.9809373281314038 35701.1309373281328590 19752.2278161479589471 19901.3778161479604023
144 28835.5580333445068391 28984.7080333445082942 19752.2278161479589471 19901.3778161479604023
145 20989.0525947441856260 21138.2025947441870812 19752.2278161479589471 19901.3778161479604023
146 42011.3488255320335156 42160.4988255320349708 19752.2278161479589471 19901.3778161479604023
147 28144.7051263173816551 28293.8551263173831103 19752.2278161479589471 19901.3778161479604023
148 27975.6691180951456772 28124.8191180951471324 19752.2278161479589471 19901.3778161479604023
149 38439.7529818784823874 38588.9029818784838426 19752.2278161479589471 19901.3778161479604023
150 22770.5275910310374456 22919.6775910310389008 19752.2278161479589471 19901.3778161479604023
151 22341.2432254891318735 22490.3932254891333287 19752.2278161479589471 19901.3778161479604023
152 20181.7091007921080745 20330.8591007921095297 19752.2278161479589471 19901.3778161479604023
153 56315.0191265594985452 56464.1691265595000004 19752.2278161479589471 19901.3778161479604023
154 19843.7550696749131021 19992.9050696749145573 19752.2278161479589471 19901.3778161479604023
155 32245.0283495997828140 32394.1783495997842692 19752.2278161479589471 19901.3778161479604023
156 22873.1988410776502860 23022.3488410776517412 19752.2278161479589471 19901.3778161479604023
157 28339.3685825378961454 28488.5185825378976006 19752.2278161479589471 19901.3778161479604023
158 20238.1357089302182430 20387.2857089302196982 19752.2278161479589471 19901.3778161479604023
159 24434.3289568104337377 24583.4789568104351929 19752.2278161479589471 19901.3778161479604023
160 21183.5509662632539403 21332.7009662632553955 19752.2278161479589471 19901.3778161479604023
161 63860.0392228287091712 64009.1892228287106263 19752.2278161479589471 19901.3778161479604023
162 46133.9614545898584765 46283.1114545898599317 19752.2278161479589471 19901.3778161479604023
163 56706.9799261053194641 56856.1299261053209193 19752.2278161479589471 19901.3778161479604023
164 20717.4227116666479560 20866.5727116666494112 19752.2278161479589471 19901.3778161479604023
165 24540.1829053738256334 24689.3329053738270886 19752.2278161479589471 19901.3778161479604023
166 36826.4441427505225874 36975.5941427505240426 19752.2278161479589471 19901.3778161479604023
167 26666.7105403294553980 26815.8605403294568532 19752.2278161479589471 19901.3778161479604023
168 23615.6990366876561893 23764.8490366876576445 19752.2278161479589471 19901.3778161479604023
169 35950.6854030144895660 36099.8354030144910212 19752.2278161479589471 19901.3778161479604023
170 37561.9597788820610731 37711.1097788820625283 19752.2278161479589471 19901.3778161479604023
171 21670.7842150355354534 21819.9342150355369085 19752.2278161479589471 19901.3778161479604023
172 25484.8604064394567104 25634.0104064394581656 19752.2278161479589471 19901.3778161479604023
173 21023.5799502354784636 21172.7299502354799188 19752.2278161479589471 19901.3778161479604023
174 20095.4623579601720849 20244.6123579601735401 19752.2278161479589471 19901.3778161479604023
175 20038.5048262994860124 20187.6548262994874676 19752.2278161479589471 19901.3778161479604023
176 20167.3915672338080185 20316.5415672338094737 19752.2278161479589471 19901.3778161479604023
177 36415.5749520469762501 36564.7249520469777053 19752.2278161479589471 19901.3778161479604023
178 27110.8460129766644968 27259.9960129766659520 19752.2278161479589471 19901.3778161479604023
179 22292.2485959292498592 22441.3985959292513144 19752.2278161479589471 19901.3778161479604023
180 21215.9197332213698246 21365.0697332213712798 19752.2278161479589471 19901.3778161479604023
181 27388.4999973006706568 27537.6499973006721120 19752.2278161479589471 19901.3778161479604023
182 38211.7605970253644045 38360.9105970253658597 19752.2278161479589471 19901.3778161479604023
183 21324.9901506738169701 21474.1401506738184253 19752.2278161479589471 19901.3778161479604023
184 20911.9213342608381936 21061.0713342608396488 19752.2278161479589471 19901.3778161479604023
185 21734.0853041954651417 21883.2353041954665969 19752.2278161479589471 19901.3778161479604023
186 28955.6411184643802699 29104.7911184643817251 19752.2278161479589471 19901.3778161479604023
187 21268.2052762791390705 21417.3552762791405257 19752.2278161479589471 19901.3778161479604023
188 33426.3952825778760598 33575.5452825778775150 19752.2278161479589471 19901.3778161479604023
189 20721.6539751119416906 20870.8039751119431457 19752.2278161479589471 19901.3778161479604023
190 35886.2913217949244427 36035.4413217949258978 19752.2278161479589471 19901.3778161479604023
191 21127.4553633489231288 21276.6053633489245840 19752.2278161479589471 19901.3778161479604023
192 52725.3361862599413143 52874.4861862599427695 19752.2278161479589471 19901.3778161479604023
193 34833.9816865631291876 34983.1316865631306428 19752.2278161479589471 19901.3778161479604023
194 38267.3288902532949578 38416.4788902532964130 19752.2278161479589471 19901.3778161479604023
195 20067.5921662909277075 20216.7421662909291626 19752.2278161479589471 19901.3778161479604023
196 67161.0641016662120819 67310.2141016662062611 19752.2278161479589471 19901.3778161479604023
197 22140.7680061213832232 22289.9180061213846784 19752.2278161479589471 19901.3778161479604023
198 27123.8547640483993746 27273.0047640484008298 19752.2278161479589471 19901.3778161479604023
199 38052.2435550020090886 38201.3935550020105438 19752.2278161479589471 19901.3778161479604023
200 42863.5992339235308464 43012.7492339235323016 19752.2278161479589471 19901.3778161479604023
201 20734.6430104559076426 20883.7930104559090978 19752.2278161479589471 19901.3778161479604023
202 20800.9059576402723906 20950.0559576402738458 19752.2278161479589471 19901.3778161479604023
203 20642.9399614375142846 20792.0899614375157398 19752.2278161479589471 19901.3778161479604023
204 27664.3048373637175246 27813.4548373637189798 19752.2278161479589471 19901.3778161479604023
205 46202.7989332029028446 46351.9489332029042998 19752.2278161479589471 19901.3778161479604023
206 39647.2388368469837587 39796.3888368469852139 19752.2278161479589471 19901.3778161479604023
207 31040.1513258340928587 31189.3013258340943139 19752.2278161479589471 19901.3778161479604023
208 32842.9572438115646946 32992.1072438115661498 19752.2278161479589471 19901.3778161479604023
209 19858.0549663924284687 20007.2049663924299239 19752.2278161479589471 19901.3778161479604023
210 19905.1635229660860205 20054.3135229660874757 19752.2278161479589471 19901.3778161479604023
211 26714.5112553018261679 26863.6612553018276230 19752.2278161479589471 19901.3778161479604023
212 20801.0095236489760282 20950.1595236489774834 19752.2278161479589471 19901.3778161479604023
213 20923.5221804969551158 21072.6721804969565710 19752.2278161479589471 19901.3778161479604023
214 19781.9422940306940291 19931.0922940306954843 19752.2278161479589471 19901.3778161479604023
215 47983.4702522256120574 48132.6202522256135126 19752.2278161479589471 19901.3778161479604023
216 21236.3229632532711548 21385.4729632532726100 19752.2278161479589471 19901.3778161479604023
217 35884.0027736204574467 36033.1527736204589019 19752.2278161479589471 19901.3778161479604023
218 23412.6287609480714309 23561.7787609480728861 19752.2278161479589471 19901.3778161479604023
219 26182.6894634101154224 26331.8394634101168776 19752.2278161479589471 19901.3778161479604023
220 24064.7586286607074726 24213.9086286607089278 19752.2278161479589471 19901.3778161479604023
221 20034.0559515116874536 20183.2059515116889088 19752.2278161479589471 19901.3778161479604023
222 19932.7189326237567002 20081.8689326237581554 19752.2278161479589471 19901.3778161479604023
223 20061.2180641730083153 20210.3680641730097705 19752.2278161479589471 19901.3778161479604023
224 20070.6556194919576228 20219.8056194919590780 19752.2278161479589471 19901.3778161479604023
225 22179.1201033377838030 22328.2701033377852582 19752.2278161479589471 19901.3778161479604023
226 46789.3646765302328276 46938.5146765302342828 19752.2278161479589471 19901.3778161479604023
227 19915.4926555038291554 20064.6426555038306105 19752.2278161479589471 19901.3778161479604023
228 24486.4896053282900539 24635.6396053282915091 19752.2278161479589471 19901.3778161479604023
229 21180.3005188030874706 21329.4505188030889258 19752.2278161479589471 19901.3778161479604023
230 20380.7627064908920147 20529.9127064908934699 19752.2278161479589471 19901.3778161479604023
231 19850.6660085901930870 19999.8160085901945422 19752.2278161479589471 19901.3778161479604023
232 37681.0528786074501113 37830.2028786074515665 19752.2278161479589471 19901.3778161479604023
233 32566.2647471834206954 32715.4147471834221506 19752.2278161479589471 19901.3778161479604023
234 45824.2722807566678966 45973.4222807566693518 19752.2278161479589471 19901.3778161479604023
235 41955.1946863361372380 42104.3446863361386932 19752.2278161479589471 19901.3778161479604023
236 28187.1171839072667353 28336.2671839072681905 19752.2278161479589471 19901.3778161479604023
237 19919.3928674662711273 20068.5428674662725825 19752.2278161479589471 19901.3778161479604023
238 40246.7748575846489985 40395.9248575846504536 19752.2278161479589471 19901.3778161479604023
239 20297.2852447215918801 20446.4352447215933353 19752.2278161479589471 19901.3778161479604023
240 19980.3602745963653433 20129.5102745963667985 19752.2278161479589471 19901.3778161479604023
241 19890.6434275529318256 20039.7934275529332808 19752.2278161479589471 19901.3778161479604023
242 25409.3718143999649328 25558.5218143999663880 19752.2278161479589471 19901.3778161479604023
243 22252.3365713205894281 22401.4865713205908833 19752.2278161479589471 19901.3778161479604023
244 21147.8498107676023210 21296.9998107676037762 19752.2278161479589471 19901.3778161479604023
245 22588.3476783184305532 22737.4976783184320084 19752.2278161479589471 19901.3778161479604023
246 21904.0839977573559736 22053.2339977573574288 19752.2278161479589471 19901.3778161479604023
247 25031.5210303589265095 25180.6710303589279647 19752.2278161479589471 19901.3778161479604023
248 32743.7602715693792561 32892.9102715693807113 19752.2278161479589471 19901.3778161479604023
249 29988.4334204960323405 30137.5834204960337956 19752.2278161479589471 19901.3778161479604023
250 20526.1078258922680106 20675.2578258922694658 19752.2278161479589471 19901.3778161479604023
251 19885.2194609545949788 20034.3694609545964340 19752.2278161479589471 19901.3778161479604023
252 20283.5013479438894137 20432.6513479438908689 19752.2278161479589471 19901.3778161479604023
253 21202.4894716100607184 21351.6394716100621736 19752.2278161479589471 19901.3778161479604023
254 19895.4065081985318102 20044.5565081985332654 19752.2278161479589471 19901.3778161479604023
255 23526.3392135761532700 23675.4892135761547252 19752.2278161479589471 19901.3778161479604023
256 20352.4311146967957029 20501.5811146967971581 19752.2278161479589471 19901.3778161479604023
257 22189.2750766530371038 22338.4250766530385590 19752.2278161479589471 19901.3778161479604023
258 19910.5779813881490554 20059.7279813881505106 19752.2278161479589471 19901.3778161479604023
259 21399.8136105323246738 21548.9636105323261290 19752.2278161479589471 19901.3778161479604023
260 20257.6527990210961434 20406.8027990210975986 19752.2278161479589471 19901.3778161479604023
261 19752.7193687155522639 19901.8693687155537191 19752.2278161479589471 19901.3778161479604023
262 20742.8455203980047372 20891.9955203980061924 19752.2278161479589471 19901.3778161479604023
263 20609.9414755424404575 20759.0914755424419127 19752.2278161479589471 19901.3778161479604023
264 32009.5919589617442398 32158.7419589617456950 19752.2278161479589471 19901.3778161479604023
265 20224.2344384027637716 20373.3844384027652268 19752.2278161479589471 19901.3778161479604023
266 21181.1693286658737634 21330.3193286658752186 19752.2278161479589471 19901.3778161479604023
267 19927.7625483310112031 20076.9125483310126583 19752.2278161479589471 19901.3778161479604023
268 27047.6471073163447727 27196.7971073163462279 19752.2278161479589471 19901.3778161479604023
269 20205.9302893447602401 20355.0802893447616952 19752.2278161479589471 19901.3778161479604023
270 22817.7277213388006203 22966.8777213388020755 19752.2278161479589471 19901.3778161479604023
271 22162.1947298133745790 22311.3447298133760341 19752.2278161479589471 19901.3778161479604023
272 19784.0010543948701525 19933.1510543948716077 19752.2278161479589471 19901.3778161479604023
273 19846.0675405805777700 19995.2175405805792252 19752.2278161479589471 19901.3778161479604023
274 19796.1951638532518700 19945.3451638532533252 19752.2278161479589471 19901.3778161479604023
275 19848.0425024784308334 19997.1925024784322886 19752.2278161479589471 19901.3778161479604023
276 34692.0756524570097099 34841.2256524570111651 19752.2278161479589471 19901.3778161479604023
277 22242.4441318428944214 22391.5941318428958766 19752.2278161479589471 19901.3778161479604023
278 20148.5875542927897186 20297.7375542927911738 19752.2278161479589471 19901.3778161479604023
279 20404.0360316267251619 20553.1860316267266171 19752.2278161479589471 19901.3778161479604023
280 24089.3126193323078041 24238.4626193323092593 19752.2278161479589471 19901.3778161479604023
281 21040.0894985908380477 21189.2394985908395029 19752.2278161479589471 19901.3778161479604023
282 19787.1540786323093926 19936.3040786323108478 19752.2278161479589471 19901.3778161479604023
283 20150.3656663213259890 20299.5156663213274442 19752.2278161479589471 19901.3778161479604023
284 20332.8153709334001178 20481.9653709334015730 19752.2278161479589471 19901.3778161479604023
285 24244.3575732751778560 24393.5075732751793112 19752.2278161479589471 19901.3778161479604023
286 19899.0156760412573931 20048.1656760412588483 19752.2278161479589471 19901.3778161479604023
287 19855.3137169469919172 20004.4637169469933724 19752.2278161479589471 19901.3778161479604023
288 19802.5568043678322283 19951.7068043678336835 19752.2278161479589471 19901.3778161479604023
289 60365.1396349830101826 60514.2896349830116378 19752.2278161479589471 19901.3778161479604023
290 45231.6520162636079476 45380.8020162636094028 19752.2278161479589471 19901.3778161479604023
291 21817.1805613741962588 21966.3305613741977140 19752.2278161479589471 19901.3778161479604023
292 77635.4779568396916147 77784.6279568396857940 19752.2278161479589471 19901.3778161479604023
293 19886.4906764688894327 20035.6406764688908879 19752.2278161479589471 19901.3778161479604023
294 58090.5329874439776177 58239.6829874439790729 19752.2278161479589471 19901.3778161479604023
295 19778.1443706234858837 19927.2943706234873389 19752.2278161479589471 19901.3778161479604023
296 20112.5719958515510370 20261.7219958515524922 19752.2278161479589471 19901.3778161479604023
297 19789.6916724169423105 19938.8416724169437657 19752.2278161479589471 19901.3778161479604023
298 25541.1990408688106982 25690.3490408688121533 19752.2278161479589471 19901.3778161479604023
299 22391.3607408199022757 22540.5107408199037309 19752.2278161479589471 19901.3778161479604023
300 29810.9470463098550681 29960.0970463098565233 19752.2278161479589471 19901.3778161479604023
301 19833.4278850014852651 19982.5778850014867203 19752.2278161479589471 19901.3778161479604023
302 32968.3802693501638714 33117.5302693501653266 19752.2278161479589471 19901.3778161479604023
303 20288.1804824126447784 20437.3304824126462336 19752.2278161479589471 19901.3778161479604023
304 20037.4998303447027865 20186.6498303447042417 19752.2278161479589471 19901.3778161479604023
305 19879.8999368127078924 20029.0499368127093476 19752.2278161479589471 19901.3778161479604023
306 19785.3593602591899980 19934.5093602591914532 19752.2278161479589471 19901.3778161479604023
307 21080.2634670439256297 21229.4134670439270849 19752.2278161479589471 19901.3778161479604023
308 20001.4174835429221275 20150.5674835429235827 19752.2278161479589471 19901.3778161479604023
309 40967.3734707275943947 41116.5234707275958499 19752.2278161479589471 19901.3778161479604023
310 19810.8744846292975126 19960.0244846292989678 19752.2278161479589471 19901.3778161479604023
311 45798.1914694692168268 45947.3414694692182820 19752.2278161479589471 19901.3778161479604023
312 22849.2602358412732428 22998.4102358412746980 19752.2278161479589471 19901.3778161479604023
313 19811.6021846517505764 19960.7521846517520316 19752.2278161479589471 19901.3778161479604023
314 21715.7644332739218953 21864.9144332739233505 19752.2278161479589471 19901.3778161479604023
315 19744.3591522739807260 19893.5091522739821812 19744.3591522739807260 19893.5091522739821812
316 48118.3430034851990058 48267.4930034852004610 19744.3591522739807260 19893.5091522739821812
317 19934.6973473317630123 20083.8473473317644675 19744.3591522739807260 19893.5091522739821812
318 19848.1503932875784812 19997.3003932875799364 19744.3591522739807260 19893.5091522739821812
319 20843.5362636750760430 20992.6862636750774982 19744.3591522739807260 19893.5091522739821812
320 20318.0453574926868896 20467.1953574926883448 19744.3591522739807260 19893.5091522739821812
321 19843.9309322015069483 19993.0809322015084035 19744.3591522739807260 19893.5091522739821812
322 19768.5229726965008012 19917.6729726965022564 19744.3591522739807260 19893.5091522739821812
323 22990.8833919346252515 23140.0333919346267066 19744.3591522739807260 19893.5091522739821812
324 20057.1534232237318065 20206.3034232237332617 19744.3591522739807260 19893.5091522739821812
325 19811.0159246559269377 19960.1659246559283929 19744.3591522739807260 19893.5091522739821812
326 30173.1034579745173687 30322.2534579745188239 19744.3591522739807260 19893.5091522739821812
327 19850.2124457155186974 19999.3624457155201526 19744.3591522739807260 19893.5091522739821812
328 19841.3960478297267400 19990.5460478297281952 19744.3591522739807260 19893.5091522739821812
329 62665.7150134645708022 62814.8650134645722574 19744.3591522739807260 19893.5091522739821812
330 43269.0280803483328782 43418.1780803483343334 19744.3591522739807260 19893.5091522739821812
331 19741.1785158190723450 19890.3285158190738002 19741.1785158190723450 19890.3285158190738002
332 20071.9360072573363141 20221.0860072573377693 19741.1785158190723450 19890.3285158190738002
333 19875.9744408922524599 20025.1244408922539151 19741.1785158190723450 19890.3285158190738002
334 19862.0835491393299890 20011.2335491393314442 19741.1785158190723450 19890.3285158190738002
335 19977.3469855604635086 20126.4969855604649638 19741.1785158190723450 19890.3285158190738002
336 19773.6411905843306158 19922.7911905843320710 19741.1785158190723450 19890.3285158190738002
337 20066.4076373410207452 20215.5576373410222004 19741.1785158190723450 19890.3285158190738002
338 20008.3486033714216319 20157.4986033714230871 19741.1785158190723450 19890.3285158190738002
339 20688.5910791671813058 20837.7410791671827610 19741.1785158190723450 19890.3285158190738002
340 19827.9704036334696866 19977.1204036334711418 19741.1785158190723450 19890.3285158190738002
341 19854.4192237977986224 20003.5692237978000776 19741.1785158190723450 19890.3285158190738002
342 20384.2601519471536449 20533.4101519471551001 19741.1785158190723450 19890.3285158190738002
343 20423.2075511491384532 20572.3575511491399084 19741.1785158190723450 19890.3285158190738002
344 19989.3227557106329186 20138.4727557106343738 19741.1785158190723450 19890.3285158190738002
345 19746.9474641601191252 19896.0974641601205803 19741.1785158190723450 19890.3285158190738002
346 19929.8322436952112184 20078.9822436952126736 19741.1785158190723450 19890.3285158190738002
347 19989.0774720235021960 20138.2274720235036511 19741.1785158190723450 19890.3285158190738002
348 19912.1033516224306368 20061.2533516224320920 19741.1785158190723450 19890.3285158190738002
349 19758.6822265290174983 19907.8322265290189534 19741.1785158190723450 19890.3285158190738002
350 34590.2232021428499138 34739.3732021428513690 19741.1785158190723450 19890.3285158190738002
351 19757.3686835932676331 19906.5186835932690883 19741.1785158190723450 19890.3285158190738002
352 25300.9054748730341089 25450.0554748730355641 19741.1785158190723450 19890.3285158190738002
353 19933.9696360048656061 20083.1196360048670613 19741.1785158190723450 19890.3285158190738002
354 19779.5325196594458248 19928.6825196594472800 19741.1785158190723450 19890.3285158190738002
355 23015.2252909613271186 23164.3752909613285738 19741.1785158190723450 19890.3285158190738002
356 19867.9219839340476028 20017.0719839340490580 19741.1785158190723450 19890.3285158190738002
357 34483.0865902150035254 34632.2365902150049806 19741.1785158190723450 19890.3285158190738002
358 19780.4515757554872835 19929.6015757554887387 19741.1785158190723450 19890.3285158190738002
359 20605.4889855146648188 20754.6389855146662740 19741.1785158190723450 19890.3285158190738002
360 20285.9428295086108847 20435.0928295086123399 19741.1785158190723450 19890.3285158190738002
361 26220.1751835300565290 26369.3251835300579842 19741.1785158190723450 19890.3285158190738002
362 28446.2022820462261734 28595.3522820462276286 19741.1785158190723450 19890.3285158190738002
363 20384.5016933210936259 20533.6516933210950810 19741.1785158190723450 19890.3285158190738002
364 21350.3045408479883918 21499.4545408479898470 19741.1785158190723450 19890.3285158190738002
365 19766.1083413518754242 19915.2583413518768793 19741.1785158190723450 19890.3285158190738002
366 22336.9843380864767823 22486.1343380864782375 19741.1785158190723450 19890.3285158190738002
367 23329.2215402491965506 23478.3715402491980058 19741.1785158190723450 19890.3285158190738002
368 20576.7000171712752490 20725.8500171712767042 19741.1785158190723450 19890.3285158190738002
369 23440.2782389165549830 23589.4282389165564382 19741.1785158190723450 19890.3285158190738002
370 19815.3250843321875436 19964.4750843321889988 19741.1785158190723450 19890.3285158190738002
371 19927.3248944255683455 20076.4748944255698007 19741.1785158190723450 19890.3285158190738002
372 25089.6934311160075595 25238.8434311160090147 19741.1785158190723450 19890.3285158190738002
373 19760.4067934652339318 19909.5567934652353870 19741.1785158190723450 19890.3285158190738002
374 21328.1893575303874968 21477.3393575303889520 19741.1785158190723450 19890.3285158190738002
375 20041.5105591990759422 20190.6605591990773974 19741.1785158190723450 19890.3285158190738002
376 19886.4909799276028934 20035.6409799276043486 19741.1785158190723450 19890.3285158190738002
377 22674.4504687560292950 22823.6004687560307502 19741.1785158190723450 19890.3285158190738002
378 19781.9673305993383110 19931.1173305993397662 19741.1785158190723450 19890.3285158190738002
379 19749.9230703872635786 19899.0730703872650338 19741.1785158190723450 19890.3285158190738002
380 19886.6043273271752696 20035.7543273271767248 19741.1785158190723450 19890.3285158190738002
381 19764.9933158130334050 19914.1433158130348602 19741.1785158190723450 19890.3285158190738002
382 21824.1263203907874413 21973.2763203907888965 19741.1785158190723450 19890.3285158190738002
383 20455.8678951117944962 20605.0178951117959514 19741.1785158190723450 19890.3285158190738002
384 19771.4117974863729614 19920.5617974863744166 19741.1785158190723450 19890.3285158190738002
385 19801.3329132460239634 19950.4829132460254186 19741.1785158190723450 19890.3285158190738002
386 20274.7183207781199599 20423.8683207781214151 19741.1785158190723450 19890.3285158190738002
387 21174.0584353607700905 21323.2084353607715457 19741.1785158190723450 19890.3285158190738002
388 33622.9811397973971907 33772.1311397973986459 19741.1785158190723450 19890.3285158190738002
389 21876.2617499492553179 22025.4117499492567731 19741.1785158190723450 19890.3285158190738002
390 21149.8755978898188914 21299.0255978898203466 19741.1785158190723450 19890.3285158190738002
391 21023.7551757641303993 21172.9051757641318545 19741.1785158190723450 19890.3285158190738002
392 30239.9120632250596827 30389.0620632250611379 19741.1785158190723450 19890.3285158190738002
393 19877.1749438340411871 20026.3249438340426423 19741.1785158190723450 19890.3285158190738002
394 19852.2226428479698370 20001.3726428479712922 19741.1785158190723450 19890.3285158190738002
395 19940.9011211440811167 20090.0511211440825718 19741.1785158190723450 19890.3285158190738002
396 19788.8161729470739374 19937.9661729470753926 19741.1785158190723450 19890.3285158190738002
397 20677.5938876199579681 20826.7438876199594233 19741.1785158190723450 19890.3285158190738002
398 20731.8241128587615094 20880.9741128587629646 19741.1785158190723450 19890.3285158190738002
399 19836.6123432563799724 19985.7623432563814276 19741.1785158190723450 19890.3285158190738002
400 19804.7626555967617605 19953.9126555967632157 19741.1785158190723450 19890.3285158190738002
401 20240.8299340509838657 20389.9799340509853209 19741.1785158190723450 19890.3285158190738002
402 19811.0037850233020436 19960.1537850233034987 19741.1785158190723450 19890.3285158190738002
403 20073.9877911916519224 20223.1377911916533776 19741.1785158190723450 19890.3285158190738002
404 19856.4861881225078832 20005.6361881225093384 19741.1785158190723450 19890.3285158190738002
405 20406.9975439043191727 20556.1475439043206279 19741.1785158190723450 19890.3285158190738002
406 36856.4343795151726226 37005.5843795151740778 19741.1785158190723450 19890.3285158190738002
407 20006.8377579297848570 20155.9877579297863122 19741.1785158190723450 19890.3285158190738002
408 20172.4962434551671322 20321.6462434551685874 19741.1785158190723450 19890.3285158190738002
409 19880.3877508188488719 20029.5377508188503271 19741.1785158190723450 19890.3285158190738002
410 25350.4365251273920876 25499.5865251273935428 19741.1785158190723450 19890.3285158190738002
411 19774.6140659814955143 19923.7640659814969695 19741.1785158190723450 19890.3285158190738002
412 19809.7922239768595318 19958.9422239768609870 19741.1785158190723450 19890.3285158190738002
413 24221.9108080049300042 24371.0608080049314594 19741.1785158190723450 19890.3285158190738002
414 19771.6465733359618753 19920.7965733359633305 19741.1785158190723450 19890.3285158190738002
415 19857.0303226381329296 20006.1803226381343848 19741.1785158190723450 19890.3285158190738002
416 25784.1127833676255250 25933.2627833676269802 19741.1785158190723450 19890.3285158190738002
417 19869.7461765383122838 20018.8961765383137390 19741.1785158190723450 19890.3285158190738002
418 19773.5072694482514635 19922.6572694482529187 19741.1785158190723450 19890.3285158190738002
419 31992.6826731408582418 32141.8326731408596970 19741.1785158190723450 19890.3285158190738002
420 19748.5794238888156542 19897.7294238888171094 19741.1785158190723450 19890.3285158190738002
421 19801.3966379530793347 19950.5466379530807899 19741.1785158190723450 19890.3285158190738002
422 19940.9659299970880966 20090.1159299970895518 19741.1785158190723450 19890.3285158190738002
423 19781.3778519654442789 19930.5278519654457341 19741.1785158190723450 19890.3285158190738002
424 19751.3225729893783864 19900.4725729893798416 19741.1785158190723450 19890.3285158190738002
425 19877.0069542161400022 20026.1569542161414574 19741.1785158190723450 19890.3285158190738002
426 34452.0815113674616441 34601.2315113674630993 19741.1785158190723450 19890.3285158190738002
427 55280.2526813331205631 55429.4026813331220183 19741.1785158190723450 19890.3285158190738002
428 20774.7775599741798942 20923.9275599741813494 19741.1785158190723450 19890.3285158190738002
429 19792.5295054008456646 19941.6795054008471197 19741.1785158190723450 19890.3285158190738002
430 19869.0489495164547407 20018.1989495164561959 19741.1785158190723450 19890.3285158190738002
431 20057.7802649057630333 20206.9302649057644885 19741.1785158190723450 19890.3285158190738002
432 19861.0791265844127338 20010.2291265844141890 19741.1785158190723450 19890.3285158190738002
433 19870.2920072431334120 20019.4420072431348672 19741.1785158190723450 19890.3285158190738002
434 21891.6301714989858738 22040.7801714989873290 19741.1785158190723450 19890.3285158190738002
435 19757.4456201838365814 19906.5956201838380366 19741.1785158190723450 19890.3285158190738002
436 19823.3494956888243905 19972.4994956888258457 19741.1785158190723450 19890.3285158190738002
437 19821.1065558967748075 19970.2565558967762627 19741.1785158190723450 19890.3285158190738002
438 20247.8884414096573892 20397.0384414096588443 19741.1785158190723450 19890.3285158190738002
439 19982.0467191469178942 20131.1967191469193494 19741.1785158190723450 19890.3285158190738002
440 34734.2427784207757213 34883.3927784207771765 19741.1785158190723450 19890.3285158190738002
441 24041.5676140904324711 24190.7176140904339263 19741.1785158190723450 19890.3285158190738002
442 19950.2355160823135520 20099.3855160823150072 19741.1785158190723450 19890.3285158190738002
443 19753.4752557567226177 19902.6252557567240729 19741.1785158190723450 19890.3285158190738002
444 19771.6924212346275453 19920.8424212346290005 19741.1785158190723450 19890.3285158190738002
445 19746.2606837400053337 19895.4106837400067889 19741.1785158190723450 19890.3285158190738002
446 19789.4640095105933142 19938.6140095105947694 19741.1785158190723450 19890.3285158190738002
447 19764.7516581590098212 19913.9016581590112764 19741.1785158190723450 19890.3285158190738002
448 19812.3154991829615028 19961.4654991829629580 19741.1785158190723450 19890.3285158190738002
449 19760.5829115360829746 19909.7329115360844298 19741.1785158190723450 19890.3285158190738002
450 19986.2483436120273836 20135.3983436120288388 19741.1785158190723450 19890.3285158190738002
451 20069.0895476410041738 20218.2395476410056290 19741.1785158190723450 19890.3285158190738002
452 19793.6816355762821331 19942.8316355762835883 19741.1785158190723450 19890.3285158190738002
453 19786.3245563526434125 19935.4745563526448677 19741.1785158190723450 19890.3285158190738002
454 19878.4789142082954641 20027.6289142082969192 19741.1785158190723450 19890.3285158190738002
455 19830.0643696648658079 19979.2143696648672631 19741.1785158190723450 19890.3285158190738002
456 23371.1639972914999817 23520.3139972915014368 19741.1785158190723450 19890.3285158190738002
457 21105.2603809521278890 21254.4103809521293442 19741.1785158190723450 19890.3285158190738002
458 19843.8134822839601838 19992.9634822839616390 19741.1785158190723450 19890.3285158190738002
459 19759.3085940235396265 19908.4585940235410817 19741.1785158190723450 19890.3285158190738002
460 20569.6506115882075392 20718.8006115882089944 19741.1785158190723450 19890.3285158190738002
461 19768.3703303040492756 19917.5203303040507308 19741.1785158190723450 19890.3285158190738002
462 19847.5909890526781965 19996.7409890526796516 19741.1785158190723450 19890.3285158190738002
463 19844.0546378789440496 19993.2046378789455048 19741.1785158190723450 19890.3285158190738002
464 19752.1829879957695084 19901.3329879957709636 19741.1785158190723450 19890.3285158190738002
465 19847.6226769835557207 19996.7726769835571758 19741.1785158190723450 19890.3285158190738002
466 21357.6427950136712752 21506.7927950136727304 19741.1785158190723450 19890.3285158190738002
467 19787.2112265550676966 19936.3612265550691518 19741.1785158190723450 19890.3285158190738002
468 19822.3344894707770436 19971.4844894707784988 19741.1785158190723450 19890.3285158190738002
469 19752.0672811518925300 19901.2172811518939852 19741.1785158190723450 19890.3285158190738002
470 19801.5503948865843995 19950.7003948865858547 19741.1785158190723450 19890.3285158190738002
471 19842.9036002144785016 19992.0536002144799568 19741.1785158190723450 19890.3285158190738002
472 24752.1999640220019501 24901.3499640220034053 19741.1785158190723450 19890.3285158190738002
473 19841.4309698177603423 19990.5809698177617975 19741.1785158190723450 19890.3285158190738002
474 21714.0879065155168064 21863.2379065155182616 19741.1785158190723450 19890.3285158190738002
475 19833.9455434188748768 19983.0955434188763320 19741.1785158190723450 19890.3285158190738002
476 19753.1942239173440612 19902.3442239173455164 19741.1785158190723450 19890.3285158190738002
477 19916.8519130711829348 20066.0019130711843900 19741.1785158190723450 19890.3285158190738002
478 19786.7494860369552043 19935.8994860369566595 19741.1785158190723450 19890.3285158190738002
479 28609.4999838953408471 28758.6499838953423023 19741.1785158190723450 19890.3285158190738002
480 20670.9856829178243061 20820.1356829178257613 19741.1785158190723450 19890.3285158190738002
481 19763.6728194071874896 19912.8228194071889448 19741.1785158190723450 19890.3285158190738002
482 19940.5459650850280013 20089.6959650850294565 19741.1785158190723450 19890.3285158190738002
483 19796.0131617746374104 19945.1631617746388656 19741.1785158190723450 19890.3285158190738002
484 19955.3802062210052100 20104.5302062210066651 19741.1785158190723450 19890.3285158190738002
485 20369.3020721727698401 20518.4520721727712953 19741.1785158190723450 19890.3285158190738002
486 19851.0494794547812489 20000.1994794547827041 19741.1785158190723450 19890.3285158190738002
487 40693.9793068283033790 40843.1293068283048342 19741.1785158190723450 19890.3285158190738002
488 19830.1644740652809560 19979.3144740652824112 19741.1785158190723450 19890.3285158190738002
489 19751.9927805704464845 19901.1427805704479397 19741.1785158190723450 19890.3285158190738002
490 19760.4795777180224832 19909.6295777180239384 19741.1785158190723450 19890.3285158190738002
491 22249.8581834123870067 22399.0081834123884619 19741.1785158190723450 19890.3285158190738002
492 25155.8656253072222171 25305.0156253072236723 19741.1785158190723450 19890.3285158190738002
493 24669.5441624693521590 24818.6941624693536141 19741.1785158190723450 19890.3285158190738002
494 19836.8660141981054039 19986.0160141981068591 19741.1785158190723450 19890.3285158190738002
495 19900.0655707522018929 20049.2155707522033481 19741.1785158190723450 19890.3285158190738002
496 19943.0318540556327207 20092.1818540556341759 19741.1785158190723450 19890.3285158190738002
497 19782.0969273737464391 19931.2469273737478943 19741.1785158190723450 19890.3285158190738002
498 20386.9213126042595832 20536.0713126042610384 19741.1785158190723450 19890.3285158190738002
499 20070.1039770399438567 20219.2539770399453118 19741.1785158190723450 19890.3285158190738002
500 19822.4834819890529616 19971.6334819890544168 19741.1785158190723450 19890.3285158190738002
