evaluations raw_y current_y raw_y_best current_y_best
1 12751004.2935045696794987 12750794.4135045688599348 12751004.2935045696794987 12750794.4135045688599348
2 208132.4010729087749496 207922.5210729087702930 208132.4010729087749496 207922.5210729087702930
3 17889861.8578657209873199 17889651.9778657220304012 208132.4010729087749496 207922.5210729087702930
4 16623030.3108116406947374 16622820.4308116398751736 208132.4010729087749496 207922.5210729087702930
5 4073393.0507224290631711 4073183.1707224291749299 208132.4010729087749496 207922.5210729087702930
6 7066484.5699167940765619 7066274.6899167941883206 208132.4010729087749496 207922.5210729087702930
7 2744606.4977412135340273 2744396.6177412136457860 208132.4010729087749496 207922.5210729087702930
8 2913658.2272212244570255 2913448.3472212245687842 208132.4010729087749496 207922.5210729087702930
9 76648.9852561138250167 76439.1052561138203600 76648.9852561138250167 76439.1052561138203600
10 566217.9588554949732497 566008.0788554949685931 76648.9852561138250167 76439.1052561138203600
11 6819.3736930588247560 6609.4936930588246469 6819.3736930588247560 6609.4936930588246469
12 78246.7974542693700641 78036.9174542693654075 6819.3736930588247560 6609.4936930588246469
13 13408.3906976517391740 13198.5106976517399744 6819.3736930588247560 6609.4936930588246469
14 67477.3591568207193632 67267.4791568207147066 6819.3736930588247560 6609.4936930588246469
15 12535.2958836599791539 12325.4158836599799542 6819.3736930588247560 6609.4936930588246469
16 11179.7739160320561496 10969.8939160320569499 6819.3736930588247560 6609.4936930588246469
17 13676.7427477105557045 13466.8627477105565049 6819.3736930588247560 6609.4936930588246469
18 14203.5455556388787954 13993.6655556388795958 6819.3736930588247560 6609.4936930588246469
19 144.1702741805507628 -65.7097258194492326 144.1702741805507628 -65.7097258194492326
20 40.0137396651421540 -169.8662603348578273 40.0137396651421540 -169.8662603348578273
21 6814.1602036148005936 6604.2802036148004845 40.0137396651421540 -169.8662603348578273
22 77.0612534847696509 -132.8187465152303446 40.0137396651421540 -169.8662603348578273
23 61.1685887143079654 -148.7114112856920372 40.0137396651421540 -169.8662603348578273
24 3974.1580228398643158 3764.2780228398642066 40.0137396651421540 -169.8662603348578273
25 27562632.4595002941787243 27562422.5795002952218056 40.0137396651421540 -169.8662603348578273
26 1673.4922206631024437 1463.6122206631025620 40.0137396651421540 -169.8662603348578273
27 1702.5306171672461915 1492.6506171672463097 40.0137396651421540 -169.8662603348578273
28 1714.3918971604127819 1504.5118971604129001 40.0137396651421540 -169.8662603348578273
29 1708.2234329404898290 1498.3434329404899472 40.0137396651421540 -169.8662603348578273
30 1682.7280558367663161 1472.8480558367664344 40.0137396651421540 -169.8662603348578273
31 1712.7918114610329212 1502.9118114610328121 40.0137396651421540 -169.8662603348578273
32 1560.4231612929113453 1350.5431612929114635 40.0137396651421540 -169.8662603348578273
33 1456.9375414429500779 1247.0575414429499688 40.0137396651421540 -169.8662603348578273
34 1321.1342461515218929 1111.2542461515217838 40.0137396651421540 -169.8662603348578273
35 1157.4616143192947675 947.5816143192947720 40.0137396651421540 -169.8662603348578273
36 1005.6312361192464095 795.7512361192464141 40.0137396651421540 -169.8662603348578273
37 917.1884178749772900 707.3084178749772946 40.0137396651421540 -169.8662603348578273
38 624.3189914985425730 414.4389914985425776 40.0137396651421540 -169.8662603348578273
39 284.5258390513488393 74.6458390513488439 40.0137396651421540 -169.8662603348578273
40 129.3203808686822356 -80.5596191313177599 40.0137396651421540 -169.8662603348578273
41 41.1430627662481783 -168.7369372337518030 40.0137396651421540 -169.8662603348578273
42 47.3686561503510433 -162.5113438496489380 40.0137396651421540 -169.8662603348578273
43 79.2492086482355944 -130.6307913517644010 40.0137396651421540 -169.8662603348578273
44 253.0278628574965865 43.1478628574965910 40.0137396651421540 -169.8662603348578273
45 405.4400217429312079 195.5600217429312124 40.0137396651421540 -169.8662603348578273
46 572.9788219477929943 363.0988219477929988 40.0137396651421540 -169.8662603348578273
47 780.4005450208136381 570.5205450208136426 40.0137396651421540 -169.8662603348578273
48 1015.4167190961284177 805.5367190961284223 40.0137396651421540 -169.8662603348578273
49 1257.1987366106516220 1047.3187366106517402 40.0137396651421540 -169.8662603348578273
50 1469.8819308595745952 1260.0019308595747134 40.0137396651421540 -169.8662603348578273
51 1662.0197733886307105 1452.1397733886306014 40.0137396651421540 -169.8662603348578273
52 1822.0533011640136465 1612.1733011640135373 40.0137396651421540 -169.8662603348578273
53 1961.3261422380676322 1751.4461422380677504 40.0137396651421540 -169.8662603348578273
54 2078.4013913345420406 1868.5213913345419314 40.0137396651421540 -169.8662603348578273
55 2175.4535593775517555 1965.5735593775516463 40.0137396651421540 -169.8662603348578273
56 2255.6976539550369125 2045.8176539550368034 40.0137396651421540 -169.8662603348578273
57 2325.0684069332437502 2115.1884069332436411 40.0137396651421540 -169.8662603348578273
58 2383.3925831757210290 2173.5125831757209198 40.0137396651421540 -169.8662603348578273
59 2433.6322473702698517 2223.7522473702697425 40.0137396651421540 -169.8662603348578273
60 2477.2759451854926738 2267.3959451854925646 40.0137396651421540 -169.8662603348578273
61 2514.3641851737679644 2304.4841851737678553 40.0137396651421540 -169.8662603348578273
62 2547.7905595193392401 2337.9105595193391309 40.0137396651421540 -169.8662603348578273
63 2363.0282582098984676 2153.1482582098983585 40.0137396651421540 -169.8662603348578273
64 2618.4474489430626818 2408.5674489430625727 40.0137396651421540 -169.8662603348578273
65 2665.3005810754325466 2455.4205810754324375 40.0137396651421540 -169.8662603348578273
66 805.6712278289652431 595.7912278289652477 40.0137396651421540 -169.8662603348578273
67 2769.5814293405874196 2559.7014293405873104 40.0137396651421540 -169.8662603348578273
68 720.7465725292350953 510.8665725292350999 40.0137396651421540 -169.8662603348578273
69 583.5807021765156151 373.7007021765156196 40.0137396651421540 -169.8662603348578273
70 2962.1115728557265356 2752.2315728557264265 40.0137396651421540 -169.8662603348578273
71 2843.9525187446010932 2634.0725187446009841 40.0137396651421540 -169.8662603348578273
72 549.5754384620338442 339.6954384620338487 40.0137396651421540 -169.8662603348578273
73 443.4435257193222810 233.5635257193222856 40.0137396651421540 -169.8662603348578273
74 361.6646810162483803 151.7846810162483848 40.0137396651421540 -169.8662603348578273
75 3151.3494885109325878 2941.4694885109324787 40.0137396651421540 -169.8662603348578273
76 333.4740475915940578 123.5940475915940624 40.0137396651421540 -169.8662603348578273
77 294.4477239766823686 84.5677239766823732 40.0137396651421540 -169.8662603348578273
78 263.3601004896660811 53.4801004896660857 40.0137396651421540 -169.8662603348578273
79 238.1339725375376304 28.2539725375376349 40.0137396651421540 -169.8662603348578273
80 3336.9251530322135295 3127.0451530322134204 40.0137396651421540 -169.8662603348578273
81 236.7480938992733002 26.8680938992733047 40.0137396651421540 -169.8662603348578273
82 205.3217598286922509 -4.5582401713077445 40.0137396651421540 -169.8662603348578273
83 173.1131189067173750 -36.7668810932826204 40.0137396651421540 -169.8662603348578273
84 144.5186028608601987 -65.3613971391397968 40.0137396651421540 -169.8662603348578273
85 3446.4390059960082908 3236.5590059960081817 40.0137396651421540 -169.8662603348578273
86 2971.2020353678276479 2761.3220353678275387 40.0137396651421540 -169.8662603348578273
87 182.4423432103370430 -27.4376567896629524 40.0137396651421540 -169.8662603348578273
88 156.5681244735965834 -53.3118755264034121 40.0137396651421540 -169.8662603348578273
89 135.5248023600371710 -74.3551976399628245 40.0137396651421540 -169.8662603348578273
90 119.1062834880262642 -90.7737165119737313 40.0137396651421540 -169.8662603348578273
91 105.3014736871600121 -104.5785263128399833 40.0137396651421540 -169.8662603348578273
92 94.3963760520935011 -115.4836239479064943 40.0137396651421540 -169.8662603348578273
93 74.4873684351733942 -135.3926315648266154 40.0137396651421540 -169.8662603348578273
94 60.3789908428210254 -149.5010091571789701 40.0137396651421540 -169.8662603348578273
95 52.6219293709738167 -157.2580706290261787 40.0137396651421540 -169.8662603348578273
96 49.7747024245311849 -160.1052975754687964 40.0137396651421540 -169.8662603348578273
97 3590.6231874087488904 3380.7431874087487813 40.0137396651421540 -169.8662603348578273
98 59.8049538634644691 -150.0750461365355193 40.0137396651421540 -169.8662603348578273
99 38.5944901312151742 -171.2855098687848283 38.5944901312151742 -171.2855098687848283
100 48.0751776396164772 -161.8048223603835254 38.5944901312151742 -171.2855098687848283
