evaluations raw_y current_y raw_y_best current_y_best
1 34371884.0064133033156395 34371674.1264133006334305 34371884.0064133033156395 34371674.1264133006334305
2 21514863.2251150906085968 21514653.3451150916516781 21514863.2251150906085968 21514653.3451150916516781
3 33296799.0077326931059361 33296589.1277326941490173 21514863.2251150906085968 21514653.3451150916516781
4 16673946.0506770238280296 16673736.1706770230084658 16673946.0506770238280296 16673736.1706770230084658
5 46184236.5535178631544113 46184026.6735178604722023 16673946.0506770238280296 16673736.1706770230084658
6 31663960.9058460518717766 31663751.0258460529148579 16673946.0506770238280296 16673736.1706770230084658
7 11986793.2917907796800137 11986583.4117907788604498 11986793.2917907796800137 11986583.4117907788604498
8 7516049.8491798872128129 7515839.9691798873245716 7516049.8491798872128129 7515839.9691798873245716
9 4707170.1628722865134478 4706960.2828722866252065 4707170.1628722865134478 4706960.2828722866252065
10 15425050.2118619047105312 15424840.3318619038909674 4707170.1628722865134478 4706960.2828722866252065
11 43133371.5091112628579140 43133161.6291112601757050 4707170.1628722865134478 4706960.2828722866252065
12 36663415.8519231155514717 36663205.9719231128692627 4707170.1628722865134478 4706960.2828722866252065
13 46576900.9638569355010986 46576691.0838569328188896 4707170.1628722865134478 4706960.2828722866252065
14 34807284.2092782035470009 34807074.3292782008647919 4707170.1628722865134478 4706960.2828722866252065
15 20583460.3345228582620621 20583250.4545228593051434 4707170.1628722865134478 4706960.2828722866252065
16 18082221.8284358009696007 18082011.9484358020126820 4707170.1628722865134478 4706960.2828722866252065
17 11346536.1960154268890619 11346326.3160154260694981 4707170.1628722865134478 4706960.2828722866252065
18 11747342.9334424380213022 11747133.0534424372017384 4707170.1628722865134478 4706960.2828722866252065
19 7907708.4709439324215055 7907498.5909439325332642 4707170.1628722865134478 4706960.2828722866252065
20 27468507.9329901039600372 27468298.0529901050031185 4707170.1628722865134478 4706960.2828722866252065
21 7407244.0329240262508392 7407034.1529240263625979 4707170.1628722865134478 4706960.2828722866252065
22 16755166.9725985694676638 16754957.0925985686480999 4707170.1628722865134478 4706960.2828722866252065
23 40132074.9788971245288849 40131865.0988971218466759 4707170.1628722865134478 4706960.2828722866252065
24 19680927.0487718880176544 19680717.1687718890607357 4707170.1628722865134478 4706960.2828722866252065
25 20503593.3865129053592682 20503383.5065129064023495 4707170.1628722865134478 4706960.2828722866252065
26 8055738.1148844948038459 8055528.2348844949156046 4707170.1628722865134478 4706960.2828722866252065
27 43807484.1618636399507523 43807274.2818636372685432 4707170.1628722865134478 4706960.2828722866252065
28 20354588.7085851505398750 20354378.8285851515829563 4707170.1628722865134478 4706960.2828722866252065
29 21115161.1688791476190090 21114951.2888791486620903 4707170.1628722865134478 4706960.2828722866252065
30 20575226.3289501518011093 20575016.4489501528441906 4707170.1628722865134478 4706960.2828722866252065
31 32883812.4352360218763351 32883602.5552360229194164 4707170.1628722865134478 4706960.2828722866252065
32 40661390.6366635411977768 40661180.7566635385155678 4707170.1628722865134478 4706960.2828722866252065
33 19594163.9723586775362492 19593954.0923586785793304 4707170.1628722865134478 4706960.2828722866252065
34 44162429.7578369528055191 44162219.8778369501233101 4707170.1628722865134478 4706960.2828722866252065
35 40883308.4449710994958878 40883098.5649710968136787 4707170.1628722865134478 4706960.2828722866252065
36 20893297.0673550032079220 20893087.1873550042510033 4707170.1628722865134478 4706960.2828722866252065
37 15821662.4240993503481150 15821452.5440993495285511 4707170.1628722865134478 4706960.2828722866252065
38 34170920.7387355864048004 34170710.8587355837225914 4707170.1628722865134478 4706960.2828722866252065
39 46945822.0395176932215691 46945612.1595176905393600 4707170.1628722865134478 4706960.2828722866252065
40 29853031.6241341382265091 29852821.7441341392695904 4707170.1628722865134478 4706960.2828722866252065
41 48065549.1776611655950546 48065339.2976611629128456 4707170.1628722865134478 4706960.2828722866252065
42 15416641.2269965093582869 15416431.3469965085387230 4707170.1628722865134478 4706960.2828722866252065
43 23323575.2169734984636307 23323365.3369734995067120 4707170.1628722865134478 4706960.2828722866252065
44 56687959.7150923609733582 56687749.8350923582911491 4707170.1628722865134478 4706960.2828722866252065
45 16346486.4010461121797562 16346276.5210461113601923 4707170.1628722865134478 4706960.2828722866252065
46 23014916.4587408602237701 23014706.5787408612668514 4707170.1628722865134478 4706960.2828722866252065
47 33935622.6459002569317818 33935412.7659002542495728 4707170.1628722865134478 4706960.2828722866252065
48 29952217.3371006771922112 29952007.4571006782352924 4707170.1628722865134478 4706960.2828722866252065
49 56885946.7677827179431915 56885736.8877827152609825 4707170.1628722865134478 4706960.2828722866252065
50 20794766.7791469320654869 20794556.8991469331085682 4707170.1628722865134478 4706960.2828722866252065
51 46454658.5056703835725784 46454448.6256703808903694 4707170.1628722865134478 4706960.2828722866252065
52 15939551.3565535508096218 15939341.4765535499900579 4707170.1628722865134478 4706960.2828722866252065
53 7947061.2450422029942274 7946851.3650422031059861 4707170.1628722865134478 4706960.2828722866252065
54 31357458.4526995792984962 31357248.5726995803415775 4707170.1628722865134478 4706960.2828722866252065
55 9074566.1593327112495899 9074356.2793327104300261 4707170.1628722865134478 4706960.2828722866252065
56 35160033.9812389463186264 35159824.1012389436364174 4707170.1628722865134478 4706960.2828722866252065
57 9305733.9318069107830524 9305524.0518069099634886 4707170.1628722865134478 4706960.2828722866252065
58 25962424.2694508098065853 25962214.3894508108496666 4707170.1628722865134478 4706960.2828722866252065
59 20716991.8672499954700470 20716781.9872499965131283 4707170.1628722865134478 4706960.2828722866252065
60 34810065.7286654189229012 34809855.8486654162406921 4707170.1628722865134478 4706960.2828722866252065
61 20078202.1916999742388725 20077992.3116999752819538 4707170.1628722865134478 4706960.2828722866252065
62 30340257.3551686778664589 30340047.4751686789095402 4707170.1628722865134478 4706960.2828722866252065
63 15175842.3706182055175304 15175632.4906182046979666 4707170.1628722865134478 4706960.2828722866252065
64 22653228.4844171330332756 22653018.6044171340763569 4707170.1628722865134478 4706960.2828722866252065
65 11160524.5604707989841700 11160314.6804707981646061 4707170.1628722865134478 4706960.2828722866252065
66 14442803.9694710727781057 14442594.0894710719585419 4707170.1628722865134478 4706960.2828722866252065
67 8507050.4881056956946850 8506840.6081056948751211 4707170.1628722865134478 4706960.2828722866252065
68 14055717.3922378905117512 14055507.5122378896921873 4707170.1628722865134478 4706960.2828722866252065
69 47157555.8959247469902039 47157346.0159247443079948 4707170.1628722865134478 4706960.2828722866252065
70 40599826.0547108277678490 40599616.1747108250856400 4707170.1628722865134478 4706960.2828722866252065
71 44994029.8241973519325256 44993819.9441973492503166 4707170.1628722865134478 4706960.2828722866252065
72 45620043.8698966875672340 45619833.9898966848850250 4707170.1628722865134478 4706960.2828722866252065
73 15173545.6119273509830236 15173335.7319273501634598 4707170.1628722865134478 4706960.2828722866252065
74 36029212.3654678612947464 36029002.4854678586125374 4707170.1628722865134478 4706960.2828722866252065
75 26335441.9351573884487152 26335232.0551573894917965 4707170.1628722865134478 4706960.2828722866252065
76 34048854.1221288815140724 34048644.2421288788318634 4707170.1628722865134478 4706960.2828722866252065
77 56577751.8080439865589142 56577541.9280439838767052 4707170.1628722865134478 4706960.2828722866252065
78 11949343.2290787920355797 11949133.3490787912160158 4707170.1628722865134478 4706960.2828722866252065
79 13989190.0402158796787262 13988980.1602158788591623 4707170.1628722865134478 4706960.2828722866252065
80 3758559.3619992258027196 3758349.4819992259144783 3758559.3619992258027196 3758349.4819992259144783
81 19330804.7108124047517776 19330594.8308124057948589 3758559.3619992258027196 3758349.4819992259144783
82 14459676.0701785720884800 14459466.1901785712689161 3758559.3619992258027196 3758349.4819992259144783
83 49000418.4650529846549034 49000208.5850529819726944 3758559.3619992258027196 3758349.4819992259144783
84 24001679.8165532201528549 24001469.9365532211959362 3758559.3619992258027196 3758349.4819992259144783
85 14197558.0899635441601276 14197348.2099635433405638 3758559.3619992258027196 3758349.4819992259144783
86 15270303.9292420335114002 15270094.0492420326918364 3758559.3619992258027196 3758349.4819992259144783
87 11145604.8458104804158211 11145394.9658104795962572 3758559.3619992258027196 3758349.4819992259144783
88 29083139.6784190721809864 29082929.7984190732240677 3758559.3619992258027196 3758349.4819992259144783
89 25745868.5122235976159573 25745658.6322235986590385 3758559.3619992258027196 3758349.4819992259144783
90 8293993.0669152019545436 8293783.1869152020663023 3758559.3619992258027196 3758349.4819992259144783
91 23955457.2883679568767548 23955247.4083679579198360 3758559.3619992258027196 3758349.4819992259144783
92 6056073.1005805097520351 6055863.2205805098637938 3758559.3619992258027196 3758349.4819992259144783
93 10619134.1434477996081114 10618924.2634477987885475 3758559.3619992258027196 3758349.4819992259144783
94 14159763.1763736866414547 14159553.2963736858218908 3758559.3619992258027196 3758349.4819992259144783
95 3321005.1928167748264968 3320795.3128167749382555 3321005.1928167748264968 3320795.3128167749382555
96 42076725.2713593393564224 42076515.3913593366742134 3321005.1928167748264968 3320795.3128167749382555
97 56282034.2189426496624947 56281824.3389426469802856 3321005.1928167748264968 3320795.3128167749382555
98 60623723.5750751048326492 60623513.6950751021504402 3321005.1928167748264968 3320795.3128167749382555
99 35584908.0026926621794701 35584698.1226926594972610 3321005.1928167748264968 3320795.3128167749382555
100 50818182.3060243949294090 50817972.4260243922472000 3321005.1928167748264968 3320795.3128167749382555
101 14199495.9614130407571793 14199286.0814130399376154 3321005.1928167748264968 3320795.3128167749382555
102 22711745.9173853807151318 22711536.0373853817582130 3321005.1928167748264968 3320795.3128167749382555
103 14196055.5318970829248428 14195845.6518970821052790 3321005.1928167748264968 3320795.3128167749382555
104 5031068.6291607953608036 5030858.7491607954725623 3321005.1928167748264968 3320795.3128167749382555
105 18912100.2814250253140926 18911890.4014250263571739 3321005.1928167748264968 3320795.3128167749382555
106 22089341.9158089272677898 22089132.0358089283108711 3321005.1928167748264968 3320795.3128167749382555
107 15356577.7246903255581856 15356367.8446903247386217 3321005.1928167748264968 3320795.3128167749382555
108 10859473.3737826123833656 10859263.4937826115638018 3321005.1928167748264968 3320795.3128167749382555
109 7621788.1580457324162126 7621578.2780457325279713 3321005.1928167748264968 3320795.3128167749382555
110 14204520.8343823663890362 14204310.9543823655694723 3321005.1928167748264968 3320795.3128167749382555
111 19530283.2129053324460983 19530073.3329053334891796 3321005.1928167748264968 3320795.3128167749382555
112 12817712.6181705202907324 12817502.7381705194711685 3321005.1928167748264968 3320795.3128167749382555
113 33569773.2446741238236427 33569563.3646741211414337 3321005.1928167748264968 3320795.3128167749382555
114 8145012.1241919165477157 8144802.2441919166594744 3321005.1928167748264968 3320795.3128167749382555
115 19878098.0812502056360245 19877888.2012502066791058 3321005.1928167748264968 3320795.3128167749382555
116 21482721.9740267582237720 21482512.0940267592668533 3321005.1928167748264968 3320795.3128167749382555
117 43192867.6644515246152878 43192657.7844515219330788 3321005.1928167748264968 3320795.3128167749382555
118 8600629.4445050321519375 8600419.5645050313323736 3321005.1928167748264968 3320795.3128167749382555
119 28458979.9024837501347065 28458770.0224837511777878 3321005.1928167748264968 3320795.3128167749382555
120 15794285.1385303419083357 15794075.2585303410887718 3321005.1928167748264968 3320795.3128167749382555
121 22396135.4025033861398697 22395925.5225033871829510 3321005.1928167748264968 3320795.3128167749382555
122 7666057.9006439773365855 7665848.0206439774483442 3321005.1928167748264968 3320795.3128167749382555
123 33496900.5622569695115089 33496690.6822569705545902 3321005.1928167748264968 3320795.3128167749382555
124 15840618.9234077688306570 15840409.0434077680110931 3321005.1928167748264968 3320795.3128167749382555
125 7490061.6229711910709739 7489851.7429711911827326 3321005.1928167748264968 3320795.3128167749382555
126 17868568.9647264331579208 17868359.0847264342010021 3321005.1928167748264968 3320795.3128167749382555
127 13869460.9825569968670607 13869251.1025569960474968 3321005.1928167748264968 3320795.3128167749382555
128 2209876.6458056941628456 2209666.7658056942746043 2209876.6458056941628456 2209666.7658056942746043
129 54062847.7100434377789497 54062637.8300434350967407 2209876.6458056941628456 2209666.7658056942746043
130 15233968.1111057102680206 15233758.2311057094484568 2209876.6458056941628456 2209666.7658056942746043
131 22657425.6321548260748386 22657215.7521548271179199 2209876.6458056941628456 2209666.7658056942746043
132 12415821.4779275059700012 12415611.5979275051504374 2209876.6458056941628456 2209666.7658056942746043
133 34902000.3081298694014549 34901790.4281298667192459 2209876.6458056941628456 2209666.7658056942746043
134 16184416.3231900651007891 16184206.4431900642812252 2209876.6458056941628456 2209666.7658056942746043
135 15629197.7311887554824352 15628987.8511887546628714 2209876.6458056941628456 2209666.7658056942746043
136 22428944.2168177701532841 22428734.3368177711963654 2209876.6458056941628456 2209666.7658056942746043
137 24068995.4030194729566574 24068785.5230194739997387 2209876.6458056941628456 2209666.7658056942746043
138 25800431.7080841846764088 25800221.8280841857194901 2209876.6458056941628456 2209666.7658056942746043
139 10798653.8978074826300144 10798444.0178074818104506 2209876.6458056941628456 2209666.7658056942746043
140 19807954.8084336519241333 19807744.9284336529672146 2209876.6458056941628456 2209666.7658056942746043
141 38962813.1982592642307281 38962603.3182592615485191 2209876.6458056941628456 2209666.7658056942746043
142 30469655.7038543336093426 30469445.8238543346524239 2209876.6458056941628456 2209666.7658056942746043
143 15126790.5110146366059780 15126580.6310146357864141 2209876.6458056941628456 2209666.7658056942746043
144 9313176.4109749440103769 9312966.5309749431908131 2209876.6458056941628456 2209666.7658056942746043
145 7867744.0863470798358321 7867534.2063470799475908 2209876.6458056941628456 2209666.7658056942746043
146 14240122.8216813895851374 14239912.9416813887655735 2209876.6458056941628456 2209666.7658056942746043
147 47431781.2927127480506897 47431571.4127127453684807 2209876.6458056941628456 2209666.7658056942746043
148 11694411.2202157825231552 11694201.3402157817035913 2209876.6458056941628456 2209666.7658056942746043
149 57623784.0480545014142990 57623574.1680544987320900 2209876.6458056941628456 2209666.7658056942746043
150 14517747.6505371145904064 14517537.7705371137708426 2209876.6458056941628456 2209666.7658056942746043
151 26076586.2789656184613705 26076376.3989656195044518 2209876.6458056941628456 2209666.7658056942746043
152 13491924.7848305162042379 13491714.9048305153846741 2209876.6458056941628456 2209666.7658056942746043
153 18950043.3844852223992348 18949833.5044852234423161 2209876.6458056941628456 2209666.7658056942746043
154 26370141.7086963206529617 26369931.8286963216960430 2209876.6458056941628456 2209666.7658056942746043
155 50254311.2629428505897522 50254101.3829428479075432 2209876.6458056941628456 2209666.7658056942746043
156 48085872.1767457425594330 48085662.2967457398772240 2209876.6458056941628456 2209666.7658056942746043
157 10208044.4439384974539280 10207834.5639384966343641 2209876.6458056941628456 2209666.7658056942746043
158 47522022.2322737872600555 47521812.3522737845778465 2209876.6458056941628456 2209666.7658056942746043
159 19128489.7804671376943588 19128279.9004671387374401 2209876.6458056941628456 2209666.7658056942746043
160 33644447.7747022956609726 33644237.8947022929787636 2209876.6458056941628456 2209666.7658056942746043
161 32896384.2334911748766899 32896174.3534911759197712 2209876.6458056941628456 2209666.7658056942746043
162 47288285.2586479932069778 47288075.3786479905247688 2209876.6458056941628456 2209666.7658056942746043
163 15983326.2068006042391062 15983116.3268006034195423 2209876.6458056941628456 2209666.7658056942746043
164 30573013.1297552548348904 30572803.2497552558779716 2209876.6458056941628456 2209666.7658056942746043
165 6236994.4574492815881968 6236784.5774492816999555 2209876.6458056941628456 2209666.7658056942746043
166 8823001.2861143853515387 8822791.4061143845319748 2209876.6458056941628456 2209666.7658056942746043
167 10777724.0406123008579016 10777514.1606123000383377 2209876.6458056941628456 2209666.7658056942746043
168 4656621.6354965539649129 4656411.7554965540766716 2209876.6458056941628456 2209666.7658056942746043
169 7303029.9051858093589544 7302820.0251858094707131 2209876.6458056941628456 2209666.7658056942746043
170 19932199.6199878826737404 19931989.7399878837168217 2209876.6458056941628456 2209666.7658056942746043
171 35327971.7627940028905869 35327761.8827940002083778 2209876.6458056941628456 2209666.7658056942746043
172 36612801.0808870345354080 36612591.2008870318531990 2209876.6458056941628456 2209666.7658056942746043
173 20095350.4364513866603374 20095140.5564513877034187 2209876.6458056941628456 2209666.7658056942746043
174 17621108.9002999849617481 17620899.0202999860048294 2209876.6458056941628456 2209666.7658056942746043
175 17047352.6415352858603001 17047142.7615352869033813 2209876.6458056941628456 2209666.7658056942746043
176 24744829.3760298676788807 24744619.4960298687219620 2209876.6458056941628456 2209666.7658056942746043
177 8705066.5160773154348135 8704856.6360773146152496 2209876.6458056941628456 2209666.7658056942746043
178 20068446.1630776375532150 20068236.2830776385962963 2209876.6458056941628456 2209666.7658056942746043
179 39514806.5184605345129967 39514596.6384605318307877 2209876.6458056941628456 2209666.7658056942746043
180 50349603.9758639410138130 50349394.0958639383316040 2209876.6458056941628456 2209666.7658056942746043
181 29437630.1756131649017334 29437420.2956131659448147 2209876.6458056941628456 2209666.7658056942746043
182 41796637.4320848658680916 41796427.5520848631858826 2209876.6458056941628456 2209666.7658056942746043
183 27612798.6024101041257381 27612588.7224101051688194 2209876.6458056941628456 2209666.7658056942746043
184 35150552.1496829986572266 35150342.2696829959750175 2209876.6458056941628456 2209666.7658056942746043
185 11398943.7174535077065229 11398733.8374535068869591 2209876.6458056941628456 2209666.7658056942746043
186 2204175.7963782013393939 2203965.9163782014511526 2204175.7963782013393939 2203965.9163782014511526
187 16836330.8903944231569767 16836121.0103944242000580 2204175.7963782013393939 2203965.9163782014511526
188 7750855.2357569737359881 7750645.3557569738477468 2204175.7963782013393939 2203965.9163782014511526
189 27378061.3302651420235634 27377851.4502651430666447 2204175.7963782013393939 2203965.9163782014511526
190 9113709.7218484152108431 9113499.8418484143912792 2204175.7963782013393939 2203965.9163782014511526
191 36103828.7589211165904999 36103618.8789211139082909 2204175.7963782013393939 2203965.9163782014511526
192 24253455.6945521160960197 24253245.8145521171391010 2204175.7963782013393939 2203965.9163782014511526
193 23063070.7249647080898285 23062860.8449647091329098 2204175.7963782013393939 2203965.9163782014511526
194 46085445.8633412867784500 46085235.9833412840962410 2204175.7963782013393939 2203965.9163782014511526
195 46369908.1863498166203499 46369698.3063498139381409 2204175.7963782013393939 2203965.9163782014511526
196 23747948.7496058978140354 23747738.8696058988571167 2204175.7963782013393939 2203965.9163782014511526
197 17991575.8504884280264378 17991365.9704884290695190 2204175.7963782013393939 2203965.9163782014511526
198 5406252.9221775233745575 5406043.0421775234863162 2204175.7963782013393939 2203965.9163782014511526
199 54790560.4192102029919624 54790350.5392102003097534 2204175.7963782013393939 2203965.9163782014511526
200 21505162.6455684453248978 21504952.7655684463679790 2204175.7963782013393939 2203965.9163782014511526
201 22619674.1972981467843056 22619464.3172981478273869 2204175.7963782013393939 2203965.9163782014511526
202 3035373.3327240543439984 3035163.4527240544557571 2204175.7963782013393939 2203965.9163782014511526
203 37180363.2613251730799675 37180153.3813251703977585 2204175.7963782013393939 2203965.9163782014511526
204 13449437.4010244123637676 13449227.5210244115442038 2204175.7963782013393939 2203965.9163782014511526
205 11008800.4872583188116550 11008590.6072583179920912 2204175.7963782013393939 2203965.9163782014511526
206 2934969.9314793632365763 2934760.0514793633483350 2204175.7963782013393939 2203965.9163782014511526
207 19017896.8671974539756775 19017686.9871974550187588 2204175.7963782013393939 2203965.9163782014511526
208 33658680.9317545071244240 33658471.0517545044422150 2204175.7963782013393939 2203965.9163782014511526
209 42415733.2048374190926552 42415523.3248374164104462 2204175.7963782013393939 2203965.9163782014511526
210 22249238.6925904005765915 22249028.8125904016196728 2204175.7963782013393939 2203965.9163782014511526
211 17338407.6388902179896832 17338197.7588902190327644 2204175.7963782013393939 2203965.9163782014511526
212 9095382.3935670163482428 9095172.5135670155286789 2204175.7963782013393939 2203965.9163782014511526
213 11347384.3472586609423161 11347174.4672586601227522 2204175.7963782013393939 2203965.9163782014511526
214 9615786.8912794645875692 9615577.0112794637680054 2204175.7963782013393939 2203965.9163782014511526
215 26716889.3193906918168068 26716679.4393906928598881 2204175.7963782013393939 2203965.9163782014511526
216 19030728.5569548197090626 19030518.6769548207521439 2204175.7963782013393939 2203965.9163782014511526
217 8514214.6037632822990417 8514004.7237632814794779 2204175.7963782013393939 2203965.9163782014511526
218 15632321.4144245199859142 15632111.5344245191663504 2204175.7963782013393939 2203965.9163782014511526
219 23602767.7419742792844772 23602557.8619742803275585 2204175.7963782013393939 2203965.9163782014511526
220 50670988.1644410640001297 50670778.2844410613179207 2204175.7963782013393939 2203965.9163782014511526
221 74918365.9137124419212341 74918156.0337124466896057 2204175.7963782013393939 2203965.9163782014511526
222 14563433.1556495670229197 14563223.2756495662033558 2204175.7963782013393939 2203965.9163782014511526
223 22845359.8463002480566502 22845149.9663002490997314 2204175.7963782013393939 2203965.9163782014511526
224 16906636.7238300293684006 16906426.8438300304114819 2204175.7963782013393939 2203965.9163782014511526
225 25121954.2691441774368286 25121744.3891441784799099 2204175.7963782013393939 2203965.9163782014511526
226 37349372.9298855289816856 37349163.0498855262994766 2204175.7963782013393939 2203965.9163782014511526
227 25784415.5195332877337933 25784205.6395332887768745 2204175.7963782013393939 2203965.9163782014511526
228 31632447.9810213670134544 31632238.1010213680565357 2204175.7963782013393939 2203965.9163782014511526
229 5325867.7662227060645819 5325657.8862227061763406 2204175.7963782013393939 2203965.9163782014511526
230 12417572.8900898229330778 12417363.0100898221135139 2204175.7963782013393939 2203965.9163782014511526
231 50582815.8923088684678078 50582606.0123088657855988 2204175.7963782013393939 2203965.9163782014511526
232 37682589.5205042064189911 37682379.6405042037367821 2204175.7963782013393939 2203965.9163782014511526
233 12726527.0205906946212053 12726317.1405906938016415 2204175.7963782013393939 2203965.9163782014511526
234 13486187.4584304392337799 13485977.5784304384142160 2204175.7963782013393939 2203965.9163782014511526
235 9020570.2896311469376087 9020360.4096311461180449 2204175.7963782013393939 2203965.9163782014511526
236 40797593.6580626890063286 40797383.7780626863241196 2204175.7963782013393939 2203965.9163782014511526
237 4104078.8813577415421605 4103869.0013577416539192 2204175.7963782013393939 2203965.9163782014511526
238 27972685.9506824985146523 27972476.0706824995577335 2204175.7963782013393939 2203965.9163782014511526
239 20170443.2047075033187866 20170233.3247075043618679 2204175.7963782013393939 2203965.9163782014511526
240 33893698.1281463429331779 33893488.2481463402509689 2204175.7963782013393939 2203965.9163782014511526
241 23135784.5992478616535664 23135574.7192478626966476 2204175.7963782013393939 2203965.9163782014511526
242 20522335.3070027455687523 20522125.4270027466118336 2204175.7963782013393939 2203965.9163782014511526
243 8561267.8898968063294888 8561058.0098968055099249 2204175.7963782013393939 2203965.9163782014511526
244 11905905.9884558431804180 11905696.1084558423608541 2204175.7963782013393939 2203965.9163782014511526
245 24667372.0297003090381622 24667162.1497003100812435 2204175.7963782013393939 2203965.9163782014511526
246 26844631.4944111965596676 26844421.6144111976027489 2204175.7963782013393939 2203965.9163782014511526
247 12571973.4336541965603828 12571763.5536541957408190 2204175.7963782013393939 2203965.9163782014511526
248 26022999.4533048458397388 26022789.5733048468828201 2204175.7963782013393939 2203965.9163782014511526
249 14078588.6724896878004074 14078378.7924896869808435 2204175.7963782013393939 2203965.9163782014511526
250 28690951.8435748107731342 28690741.9635748118162155 2204175.7963782013393939 2203965.9163782014511526
251 47506050.0599087774753571 47505840.1799087747931480 2204175.7963782013393939 2203965.9163782014511526
252 29416375.7208145558834076 29416165.8408145569264889 2204175.7963782013393939 2203965.9163782014511526
253 10926727.7470515146851540 10926517.8670515138655901 2204175.7963782013393939 2203965.9163782014511526
254 19826217.7382004968822002 19826007.8582004979252815 2204175.7963782013393939 2203965.9163782014511526
255 11279608.2890372797846794 11279398.4090372789651155 2204175.7963782013393939 2203965.9163782014511526
256 16733851.0596162453293800 16733641.1796162445098162 2204175.7963782013393939 2203965.9163782014511526
257 51989713.0294990241527557 51989503.1494990214705467 2204175.7963782013393939 2203965.9163782014511526
258 5339701.5205857865512371 5339491.6405857866629958 2204175.7963782013393939 2203965.9163782014511526
259 17265358.7039730362594128 17265148.8239730373024940 2204175.7963782013393939 2203965.9163782014511526
260 10982014.0299033634364605 10981804.1499033626168966 2204175.7963782013393939 2203965.9163782014511526
261 9808538.2343142032623291 9808328.3543142024427652 2204175.7963782013393939 2203965.9163782014511526
262 17930842.2434293739497662 17930632.3634293749928474 2204175.7963782013393939 2203965.9163782014511526
263 26165428.4937536604702473 26165218.6137536615133286 2204175.7963782013393939 2203965.9163782014511526
264 6790633.6957441661506891 6790423.8157441662624478 2204175.7963782013393939 2203965.9163782014511526
265 25749850.0934631414711475 25749640.2134631425142288 2204175.7963782013393939 2203965.9163782014511526
266 12572952.3858097866177559 12572742.5058097857981920 2204175.7963782013393939 2203965.9163782014511526
267 20066405.3432140201330185 20066195.4632140211760998 2204175.7963782013393939 2203965.9163782014511526
268 40583135.9133854955434799 40582926.0333854928612709 2204175.7963782013393939 2203965.9163782014511526
269 8534528.4397361408919096 8534318.5597361400723457 2204175.7963782013393939 2203965.9163782014511526
270 11069423.3352568373084068 11069213.4552568364888430 2204175.7963782013393939 2203965.9163782014511526
271 21845435.2685262709856033 21845225.3885262720286846 2204175.7963782013393939 2203965.9163782014511526
272 20955289.6838234066963196 20955079.8038234077394009 2204175.7963782013393939 2203965.9163782014511526
273 27771767.8885999694466591 27771558.0085999704897404 2204175.7963782013393939 2203965.9163782014511526
274 15669878.8699097614735365 15669668.9899097606539726 2204175.7963782013393939 2203965.9163782014511526
275 6314296.6689398437738419 6314086.7889398438856006 2204175.7963782013393939 2203965.9163782014511526
276 30540668.0934604741632938 30540458.2134604752063751 2204175.7963782013393939 2203965.9163782014511526
277 28805107.4991152584552765 28804897.6191152594983578 2204175.7963782013393939 2203965.9163782014511526
278 33148830.1350506991147995 33148620.2550507001578808 2204175.7963782013393939 2203965.9163782014511526
279 14085227.4351082295179367 14085017.5551082286983728 2204175.7963782013393939 2203965.9163782014511526
280 76484495.2904274463653564 76484285.4104274511337280 2204175.7963782013393939 2203965.9163782014511526
281 9462173.2716436237096786 9461963.3916436228901148 2204175.7963782013393939 2203965.9163782014511526
282 14887778.3282966781407595 14887568.4482966773211956 2204175.7963782013393939 2203965.9163782014511526
283 46380192.7172274440526962 46379982.8372274413704872 2204175.7963782013393939 2203965.9163782014511526
284 9160456.0872237496078014 9160246.2072237487882376 2204175.7963782013393939 2203965.9163782014511526
285 14831247.9970936626195908 14831038.1170936618000269 2204175.7963782013393939 2203965.9163782014511526
286 49626906.4342053309082985 49626696.5542053282260895 2204175.7963782013393939 2203965.9163782014511526
287 17259312.7464269585907459 17259102.8664269596338272 2204175.7963782013393939 2203965.9163782014511526
288 7094711.0917343907058239 7094501.2117343908175826 2204175.7963782013393939 2203965.9163782014511526
289 7159439.9928791001439095 7159230.1128791002556682 2204175.7963782013393939 2203965.9163782014511526
290 27190329.5921495631337166 27190119.7121495641767979 2204175.7963782013393939 2203965.9163782014511526
291 21315000.7042157426476479 21314790.8242157436907291 2204175.7963782013393939 2203965.9163782014511526
292 20262032.8149266168475151 20261822.9349266178905964 2204175.7963782013393939 2203965.9163782014511526
293 16323570.7517395690083504 16323360.8717395681887865 2204175.7963782013393939 2203965.9163782014511526
294 5509114.7074696337804198 5508904.8274696338921785 2204175.7963782013393939 2203965.9163782014511526
295 6399344.1349762193858624 6399134.2549762194976211 2204175.7963782013393939 2203965.9163782014511526
296 4419122.7065271586179733 4418912.8265271587297320 2204175.7963782013393939 2203965.9163782014511526
297 36200379.0772162526845932 36200169.1972162500023842 2204175.7963782013393939 2203965.9163782014511526
298 6207009.8007458969950676 6206799.9207458971068263 2204175.7963782013393939 2203965.9163782014511526
299 20142120.3023830056190491 20141910.4223830066621304 2204175.7963782013393939 2203965.9163782014511526
300 21209020.7160776145756245 21208810.8360776156187057 2204175.7963782013393939 2203965.9163782014511526
301 26828084.0739634446799755 26827874.1939634457230568 2204175.7963782013393939 2203965.9163782014511526
302 35403630.3454718738794327 35403420.4654718711972237 2204175.7963782013393939 2203965.9163782014511526
303 16934213.5335583910346031 16934003.6535583920776844 2204175.7963782013393939 2203965.9163782014511526
304 15767435.9545554984360933 15767226.0745554976165295 2204175.7963782013393939 2203965.9163782014511526
305 10454144.8627258278429508 10453934.9827258270233870 2204175.7963782013393939 2203965.9163782014511526
306 22415810.0062373466789722 22415600.1262373477220535 2204175.7963782013393939 2203965.9163782014511526
307 44130027.8249206170439720 44129817.9449206143617630 2204175.7963782013393939 2203965.9163782014511526
308 21737895.8830246664583683 21737686.0030246675014496 2204175.7963782013393939 2203965.9163782014511526
309 13245901.3557857088744640 13245691.4757857080549002 2204175.7963782013393939 2203965.9163782014511526
310 25094298.0496185533702374 25094088.1696185544133186 2204175.7963782013393939 2203965.9163782014511526
311 6279425.3512002732604742 6279215.4712002733722329 2204175.7963782013393939 2203965.9163782014511526
312 6945526.2672320688143373 6945316.3872320689260960 2204175.7963782013393939 2203965.9163782014511526
313 12473938.8919638954102993 12473729.0119638945907354 2204175.7963782013393939 2203965.9163782014511526
314 34183125.8219919875264168 34182915.9419919848442078 2204175.7963782013393939 2203965.9163782014511526
315 29141225.1530948169529438 29141015.2730948179960251 2204175.7963782013393939 2203965.9163782014511526
316 7274968.1823816653341055 7274758.3023816654458642 2204175.7963782013393939 2203965.9163782014511526
317 24208631.3063058629631996 24208421.4263058640062809 2204175.7963782013393939 2203965.9163782014511526
318 23579795.9570068009197712 23579586.0770068019628525 2204175.7963782013393939 2203965.9163782014511526
319 8998931.6268174834549427 8998721.7468174826353788 2204175.7963782013393939 2203965.9163782014511526
320 23764804.1101245544850826 23764594.2301245555281639 2204175.7963782013393939 2203965.9163782014511526
321 12548563.8720892127603292 12548353.9920892119407654 2204175.7963782013393939 2203965.9163782014511526
322 18213377.7530876211822033 18213167.8730876222252846 2204175.7963782013393939 2203965.9163782014511526
323 7637851.6108995964750648 7637641.7308995965868235 2204175.7963782013393939 2203965.9163782014511526
324 54374167.7161561697721481 54373957.8361561670899391 2204175.7963782013393939 2203965.9163782014511526
325 18297577.8261627517640591 18297367.9461627528071404 2204175.7963782013393939 2203965.9163782014511526
326 13375657.1464486103504896 13375447.2664486095309258 2204175.7963782013393939 2203965.9163782014511526
327 7763746.8139218818396330 7763536.9339218819513917 2204175.7963782013393939 2203965.9163782014511526
328 9579437.1962498072534800 9579227.3162498064339161 2204175.7963782013393939 2203965.9163782014511526
329 20216720.6667807810008526 20216510.7867807820439339 2204175.7963782013393939 2203965.9163782014511526
330 10183146.8167941104620695 10182936.9367941096425056 2204175.7963782013393939 2203965.9163782014511526
331 38503473.4405200183391571 38503263.5605200156569481 2204175.7963782013393939 2203965.9163782014511526
332 27926309.5111788362264633 27926099.6311788372695446 2204175.7963782013393939 2203965.9163782014511526
333 27157936.8717229291796684 27157726.9917229302227497 2204175.7963782013393939 2203965.9163782014511526
334 10200477.5649129264056683 10200267.6849129255861044 2204175.7963782013393939 2203965.9163782014511526
335 30298105.7091727182269096 30297895.8291727192699909 2204175.7963782013393939 2203965.9163782014511526
336 22256354.6983330622315407 22256144.8183330632746220 2204175.7963782013393939 2203965.9163782014511526
337 12405569.4079288989305496 12405359.5279288981109858 2204175.7963782013393939 2203965.9163782014511526
338 26083097.3272368237376213 26082887.4472368247807026 2204175.7963782013393939 2203965.9163782014511526
339 11421427.9494008701294661 11421218.0694008693099022 2204175.7963782013393939 2203965.9163782014511526
340 7094443.6398450303822756 7094233.7598450304940343 2204175.7963782013393939 2203965.9163782014511526
341 19866608.6566867642104626 19866398.7766867652535439 2204175.7963782013393939 2203965.9163782014511526
342 19010455.0129017159342766 19010245.1329017169773579 2204175.7963782013393939 2203965.9163782014511526
343 27861584.9738023132085800 27861375.0938023142516613 2204175.7963782013393939 2203965.9163782014511526
344 39750538.2677667140960693 39750328.3877667114138603 2204175.7963782013393939 2203965.9163782014511526
345 40105301.0855694115161896 40105091.2055694088339806 2204175.7963782013393939 2203965.9163782014511526
346 9062626.2540996931493282 9062416.3740996923297644 2204175.7963782013393939 2203965.9163782014511526
347 13089585.8600144684314728 13089375.9800144676119089 2204175.7963782013393939 2203965.9163782014511526
348 31263102.8147091679275036 31262892.9347091689705849 2204175.7963782013393939 2203965.9163782014511526
349 18942827.0659348294138908 18942617.1859348304569721 2204175.7963782013393939 2203965.9163782014511526
350 39396239.7016735747456551 39396029.8216735720634460 2204175.7963782013393939 2203965.9163782014511526
351 12442402.1064743548631668 12442192.2264743540436029 2204175.7963782013393939 2203965.9163782014511526
352 18177208.4405643865466118 18176998.5605643875896931 2204175.7963782013393939 2203965.9163782014511526
353 18935012.3791586197912693 18934802.4991586208343506 2204175.7963782013393939 2203965.9163782014511526
354 34479225.7821191772818565 34479015.9021191745996475 2204175.7963782013393939 2203965.9163782014511526
355 7629738.4040342643857002 7629528.5240342644974589 2204175.7963782013393939 2203965.9163782014511526
356 57284833.2096175700426102 57284623.3296175673604012 2204175.7963782013393939 2203965.9163782014511526
357 9753573.2535682171583176 9753363.3735682163387537 2204175.7963782013393939 2203965.9163782014511526
358 22117946.0912352241575718 22117736.2112352252006531 2204175.7963782013393939 2203965.9163782014511526
359 14630388.8027185890823603 14630178.9227185882627964 2204175.7963782013393939 2203965.9163782014511526
360 9518037.9621331524103880 9517828.0821331515908241 2204175.7963782013393939 2203965.9163782014511526
361 13387655.0267976894974709 13387445.1467976886779070 2204175.7963782013393939 2203965.9163782014511526
362 30759084.3356639593839645 30758874.4556639604270458 2204175.7963782013393939 2203965.9163782014511526
363 9661083.5580499172210693 9660873.6780499164015055 2204175.7963782013393939 2203965.9163782014511526
364 24556487.0445250310003757 24556277.1645250320434570 2204175.7963782013393939 2203965.9163782014511526
365 12963758.9545880891382694 12963549.0745880883187056 2204175.7963782013393939 2203965.9163782014511526
366 17087428.9810828939080238 17087219.1010828949511051 2204175.7963782013393939 2203965.9163782014511526
367 9225496.3739565350115299 9225286.4939565341919661 2204175.7963782013393939 2203965.9163782014511526
368 45062208.4910992681980133 45061998.6110992655158043 2204175.7963782013393939 2203965.9163782014511526
369 13002535.7185208052396774 13002325.8385208044201136 2204175.7963782013393939 2203965.9163782014511526
370 23057350.0112275034189224 23057140.1312275044620037 2204175.7963782013393939 2203965.9163782014511526
371 19691453.4883068352937698 19691243.6083068363368511 2204175.7963782013393939 2203965.9163782014511526
372 15814983.0795602276921272 15814773.1995602268725634 2204175.7963782013393939 2203965.9163782014511526
373 16614839.4000778794288635 16614629.5200778786092997 2204175.7963782013393939 2203965.9163782014511526
374 5450457.4220032598823309 5450247.5420032599940896 2204175.7963782013393939 2203965.9163782014511526
375 43523646.3448864743113518 43523436.4648864716291428 2204175.7963782013393939 2203965.9163782014511526
376 34688328.8756861612200737 34688118.9956861585378647 2204175.7963782013393939 2203965.9163782014511526
377 26040558.2963881790637970 26040348.4163881801068783 2204175.7963782013393939 2203965.9163782014511526
378 23275054.8131901398301125 23274844.9331901408731937 2204175.7963782013393939 2203965.9163782014511526
379 22207838.4034319967031479 22207628.5234319977462292 2204175.7963782013393939 2203965.9163782014511526
380 7156793.2328739408403635 7156583.3528739409521222 2204175.7963782013393939 2203965.9163782014511526
381 45174678.7077882438898087 45174468.8277882412075996 2204175.7963782013393939 2203965.9163782014511526
382 36968381.3027928322553635 36968171.4227928295731544 2204175.7963782013393939 2203965.9163782014511526
383 30236075.1519449427723885 30235865.2719449438154697 2204175.7963782013393939 2203965.9163782014511526
384 16747226.1274282187223434 16747016.2474282179027796 2204175.7963782013393939 2203965.9163782014511526
385 25543010.7458676062524319 25542800.8658676072955132 2204175.7963782013393939 2203965.9163782014511526
386 23228443.8428522869944572 23228233.9628522880375385 2204175.7963782013393939 2203965.9163782014511526
387 9158987.5547596290707588 9158777.6747596282511950 2204175.7963782013393939 2203965.9163782014511526
388 26919042.2299723699688911 26918832.3499723710119724 2204175.7963782013393939 2203965.9163782014511526
389 6758363.3253419026732445 6758153.4453419027850032 2204175.7963782013393939 2203965.9163782014511526
390 16103069.1647988185286522 16102859.2847988177090883 2204175.7963782013393939 2203965.9163782014511526
391 35657531.7403810098767281 35657321.8603810071945190 2204175.7963782013393939 2203965.9163782014511526
392 38472213.7933899462223053 38472003.9133899435400963 2204175.7963782013393939 2203965.9163782014511526
393 5571399.8324454724788666 5571189.9524454725906253 2204175.7963782013393939 2203965.9163782014511526
394 12212405.2734140772372484 12212195.3934140764176846 2204175.7963782013393939 2203965.9163782014511526
395 12596791.3253444600850344 12596581.4453444592654705 2204175.7963782013393939 2203965.9163782014511526
396 14040959.4009183011949062 14040749.5209183003753424 2204175.7963782013393939 2203965.9163782014511526
397 13649039.3142689391970634 13648829.4342689383774996 2204175.7963782013393939 2203965.9163782014511526
398 25237138.3852191828191280 25236928.5052191838622093 2204175.7963782013393939 2203965.9163782014511526
399 8823833.6908308863639832 8823623.8108308855444193 2204175.7963782013393939 2203965.9163782014511526
400 39210670.4365175962448120 39210460.5565175935626030 2204175.7963782013393939 2203965.9163782014511526
401 9493263.6581045314669609 9493053.7781045306473970 2204175.7963782013393939 2203965.9163782014511526
402 14409045.5191566087305546 14408835.6391566079109907 2204175.7963782013393939 2203965.9163782014511526
403 33828404.9335015341639519 33828195.0535015314817429 2204175.7963782013393939 2203965.9163782014511526
404 23641265.4707698598504066 23641055.5907698608934879 2204175.7963782013393939 2203965.9163782014511526
405 11762115.7831401526927948 11761905.9031401518732309 2204175.7963782013393939 2203965.9163782014511526
406 16228951.0805091075599194 16228741.2005091067403555 2204175.7963782013393939 2203965.9163782014511526
407 20824865.3752769269049168 20824655.4952769279479980 2204175.7963782013393939 2203965.9163782014511526
408 4440147.9254892561584711 4439938.0454892562702298 2204175.7963782013393939 2203965.9163782014511526
409 9114015.4712337199598551 9113805.5912337191402912 2204175.7963782013393939 2203965.9163782014511526
410 19785876.5570151098072529 19785666.6770151108503342 2204175.7963782013393939 2203965.9163782014511526
411 11894894.5404150169342756 11894684.6604150161147118 2204175.7963782013393939 2203965.9163782014511526
412 3653006.8630649494007230 3652796.9830649495124817 2204175.7963782013393939 2203965.9163782014511526
413 7892913.1820671521127224 7892703.3020671522244811 2204175.7963782013393939 2203965.9163782014511526
414 30093730.0458660013973713 30093520.1658660024404526 2204175.7963782013393939 2203965.9163782014511526
415 53397868.5528564229607582 53397658.6728564202785492 2204175.7963782013393939 2203965.9163782014511526
416 4021287.5715765650384128 4021077.6915765651501715 2204175.7963782013393939 2203965.9163782014511526
417 25864986.5171641781926155 25864776.6371641792356968 2204175.7963782013393939 2203965.9163782014511526
418 21886164.9709836803376675 21885955.0909836813807487 2204175.7963782013393939 2203965.9163782014511526
419 17198520.3981339074671268 17198310.5181339085102081 2204175.7963782013393939 2203965.9163782014511526
420 24012132.0839115902781487 24011922.2039115913212299 2204175.7963782013393939 2203965.9163782014511526
421 7616243.1558781862258911 7616033.2758781863376498 2204175.7963782013393939 2203965.9163782014511526
422 12396509.6778637915849686 12396299.7978637907654047 2204175.7963782013393939 2203965.9163782014511526
423 6022937.0827771304175258 6022727.2027771305292845 2204175.7963782013393939 2203965.9163782014511526
424 31522660.0458901152014732 31522450.1658901162445545 2204175.7963782013393939 2203965.9163782014511526
425 17553198.3580828160047531 17552988.4780828170478344 2204175.7963782013393939 2203965.9163782014511526
426 2274817.4645052743144333 2274607.5845052744261920 2204175.7963782013393939 2203965.9163782014511526
427 26329859.3027394227683544 26329649.4227394238114357 2204175.7963782013393939 2203965.9163782014511526
428 18718435.2260920964181423 18718225.3460920974612236 2204175.7963782013393939 2203965.9163782014511526
429 6552664.7172418627887964 6552454.8372418629005551 2204175.7963782013393939 2203965.9163782014511526
430 67185944.1343285441398621 67185734.2543285489082336 2204175.7963782013393939 2203965.9163782014511526
431 12275913.7848713845014572 12275703.9048713836818933 2204175.7963782013393939 2203965.9163782014511526
432 25028913.5735542513430119 25028703.6935542523860931 2204175.7963782013393939 2203965.9163782014511526
433 22658711.4228764176368713 22658501.5428764186799526 2204175.7963782013393939 2203965.9163782014511526
434 45723603.8897935897111893 45723394.0097935870289803 2204175.7963782013393939 2203965.9163782014511526
435 16853946.4956005774438381 16853736.6156005784869194 2204175.7963782013393939 2203965.9163782014511526
436 6167414.3383065545931458 6167204.4583065547049046 2204175.7963782013393939 2203965.9163782014511526
437 9193883.2934664580971003 9193673.4134664572775364 2204175.7963782013393939 2203965.9163782014511526
438 8641086.9738317579030991 8640877.0938317570835352 2204175.7963782013393939 2203965.9163782014511526
439 8902194.9092253856360912 8901985.0292253848165274 2204175.7963782013393939 2203965.9163782014511526
440 14925861.7806947771459818 14925651.9006947763264179 2204175.7963782013393939 2203965.9163782014511526
441 7652480.2912886003032327 7652270.4112886004149914 2204175.7963782013393939 2203965.9163782014511526
442 12736743.5132654011249542 12736533.6332654003053904 2204175.7963782013393939 2203965.9163782014511526
443 2058462.6531024789437652 2058252.7731024790555239 2058462.6531024789437652 2058252.7731024790555239
444 42214257.6792855933308601 42214047.7992855906486511 2058462.6531024789437652 2058252.7731024790555239
445 5200794.5904252501204610 5200584.7104252502322197 2058462.6531024789437652 2058252.7731024790555239
446 24449336.1182745955884457 24449126.2382745966315269 2058462.6531024789437652 2058252.7731024790555239
447 41514395.1525209620594978 41514185.2725209593772888 2058462.6531024789437652 2058252.7731024790555239
448 17611603.3585470467805862 17611393.4785470478236675 2058462.6531024789437652 2058252.7731024790555239
449 19371941.3578095622360706 19371731.4778095632791519 2058462.6531024789437652 2058252.7731024790555239
450 10486016.6471792832016945 10485806.7671792823821306 2058462.6531024789437652 2058252.7731024790555239
451 15697535.0107616707682610 15697325.1307616699486971 2058462.6531024789437652 2058252.7731024790555239
452 19001383.9545654058456421 19001174.0745654068887234 2058462.6531024789437652 2058252.7731024790555239
453 11866715.2813124824315310 11866505.4013124816119671 2058462.6531024789437652 2058252.7731024790555239
454 25037795.2796502374112606 25037585.3996502384543419 2058462.6531024789437652 2058252.7731024790555239
455 27007094.2544450573623180 27006884.3744450584053993 2058462.6531024789437652 2058252.7731024790555239
456 16426982.1659464761614799 16426772.2859464753419161 2058462.6531024789437652 2058252.7731024790555239
457 40481804.5468476340174675 40481594.6668476313352585 2058462.6531024789437652 2058252.7731024790555239
458 10206879.6105996258556843 10206669.7305996250361204 2058462.6531024789437652 2058252.7731024790555239
459 32039206.9342623464763165 32038997.0542623475193977 2058462.6531024789437652 2058252.7731024790555239
460 9566893.9110409449785948 9566684.0310409441590309 2058462.6531024789437652 2058252.7731024790555239
461 4215153.9736417951062322 4214944.0936417952179909 2058462.6531024789437652 2058252.7731024790555239
462 15479315.1935958527028561 15479105.3135958518832922 2058462.6531024789437652 2058252.7731024790555239
463 2384192.6059924727305770 2383982.7259924728423357 2058462.6531024789437652 2058252.7731024790555239
464 36886617.4417703598737717 36886407.5617703571915627 2058462.6531024789437652 2058252.7731024790555239
465 6481475.8770846053957939 6481265.9970846055075526 2058462.6531024789437652 2058252.7731024790555239
466 22954932.5838650837540627 22954722.7038650847971439 2058462.6531024789437652 2058252.7731024790555239
467 53230621.0270993113517761 53230411.1470993086695671 2058462.6531024789437652 2058252.7731024790555239
468 5792696.5375093296170235 5792486.6575093297287822 2058462.6531024789437652 2058252.7731024790555239
469 4175670.6045933407731354 4175460.7245933408848941 2058462.6531024789437652 2058252.7731024790555239
470 8700450.0171166583895683 8700240.1371166575700045 2058462.6531024789437652 2058252.7731024790555239
471 27699913.1386985257267952 27699703.2586985267698765 2058462.6531024789437652 2058252.7731024790555239
472 28563228.6088826954364777 28563018.7288826964795589 2058462.6531024789437652 2058252.7731024790555239
473 7284666.8824933441355824 7284457.0024933442473412 2058462.6531024789437652 2058252.7731024790555239
474 43529836.0792329460382462 43529626.1992329433560371 2058462.6531024789437652 2058252.7731024790555239
475 13894840.8117941431701183 13894630.9317941423505545 2058462.6531024789437652 2058252.7731024790555239
476 15971436.9001548234373331 15971227.0201548226177692 2058462.6531024789437652 2058252.7731024790555239
477 10801512.5274855773895979 10801302.6474855765700340 2058462.6531024789437652 2058252.7731024790555239
478 11701926.6726403459906578 11701716.7926403451710939 2058462.6531024789437652 2058252.7731024790555239
479 11449552.1536072175949812 11449342.2736072167754173 2058462.6531024789437652 2058252.7731024790555239
480 13690412.5618973113596439 13690202.6818973105400801 2058462.6531024789437652 2058252.7731024790555239
481 9699100.1537133976817131 9698890.2737133968621492 2058462.6531024789437652 2058252.7731024790555239
482 10124507.8809255268424749 10124298.0009255260229111 2058462.6531024789437652 2058252.7731024790555239
483 18120275.6187741495668888 18120065.7387741506099701 2058462.6531024789437652 2058252.7731024790555239
484 11964883.3413213379681110 11964673.4613213371485472 2058462.6531024789437652 2058252.7731024790555239
485 8308340.7589428005740047 8308130.8789428006857634 2058462.6531024789437652 2058252.7731024790555239
486 5670411.0217449683696032 5670201.1417449684813619 2058462.6531024789437652 2058252.7731024790555239
487 41580912.9758178144693375 41580703.0958178117871284 2058462.6531024789437652 2058252.7731024790555239
488 25599090.7064428254961967 25598880.8264428265392780 2058462.6531024789437652 2058252.7731024790555239
489 13773588.1748732272535563 13773378.2948732264339924 2058462.6531024789437652 2058252.7731024790555239
490 8823127.9568082932382822 8822918.0768082924187183 2058462.6531024789437652 2058252.7731024790555239
491 13683230.8501693811267614 13683020.9701693803071976 2058462.6531024789437652 2058252.7731024790555239
492 4580541.3921664329245687 4580331.5121664330363274 2058462.6531024789437652 2058252.7731024790555239
493 16594937.3705002628266811 16594727.4905002620071173 2058462.6531024789437652 2058252.7731024790555239
494 13301721.2237917855381966 13301511.3437917847186327 2058462.6531024789437652 2058252.7731024790555239
495 6030226.5165024939924479 6030016.6365024941042066 2058462.6531024789437652 2058252.7731024790555239
496 10700513.2146467696875334 10700303.3346467688679695 2058462.6531024789437652 2058252.7731024790555239
497 13611543.4601825512945652 13611333.5801825504750013 2058462.6531024789437652 2058252.7731024790555239
498 13290089.6221626419574022 13289879.7421626411378384 2058462.6531024789437652 2058252.7731024790555239
499 12012004.8723655175417662 12011794.9923655167222023 2058462.6531024789437652 2058252.7731024790555239
500 17446754.6005944721400738 17446544.7205944731831551 2058462.6531024789437652 2058252.7731024790555239
