evaluations raw_y current_y raw_y_best current_y_best
1 16399730.2970692031085491 16399520.4170692022889853 16399730.2970692031085491 16399520.4170692022889853
2 5916597.7484903754666448 5916387.8684903755784035 5916597.7484903754666448 5916387.8684903755784035
3 2455671.7838133294135332 2455461.9038133295252919 2455671.7838133294135332 2455461.9038133295252919
4 5158576.0574050210416317 5158366.1774050211533904 2455671.7838133294135332 2455461.9038133295252919
5 27196712.7190076038241386 27196502.8390076048672199 2455671.7838133294135332 2455461.9038133295252919
6 2291.1356124134731544 2081.2556124134730453 2291.1356124134731544 2081.2556124134730453
7 18798723.1703385561704636 18798513.2903385572135448 2291.1356124134731544 2081.2556124134730453
8 540276.0919116244185716 540066.2119116244139150 2291.1356124134731544 2081.2556124134730453
9 38599.6508013064449187 38389.7708013064475381 2291.1356124134731544 2081.2556124134730453
10 2032.3827272479998101 1822.5027272479997009 2032.3827272479998101 1822.5027272479997009
11 65837.1233680150617147 65627.2433680150570581 2032.3827272479998101 1822.5027272479997009
12 30150.7896562763053225 29940.9096562763043039 2032.3827272479998101 1822.5027272479997009
13 46334.2357185770742944 46124.3557185770769138 2032.3827272479998101 1822.5027272479997009
14 109310.5407183123024879 109100.6607183122978313 2032.3827272479998101 1822.5027272479997009
15 27113.9150586461764760 26904.0350586461754574 2032.3827272479998101 1822.5027272479997009
16 25788.4353251855500275 25578.5553251855490089 2032.3827272479998101 1822.5027272479997009
17 19421.9971325070000603 19212.1171325069990417 2032.3827272479998101 1822.5027272479997009
18 46598.2072424309662892 46388.3272424309689086 2032.3827272479998101 1822.5027272479997009
19 1147.9997378966988890 938.1197378966988936 1147.9997378966988890 938.1197378966988936
20 199821.4762944824760780 199611.5962944824714214 1147.9997378966988890 938.1197378966988936
21 96.8391708050221212 -113.0408291949778743 96.8391708050221212 -113.0408291949778743
22 65.9944882086370654 -143.8855117913629442 65.9944882086370654 -143.8855117913629442
23 39.5575767724260956 -170.3224232275738927 39.5575767724260956 -170.3224232275738927
24 34.4398263939170874 -175.4401736060829080 34.4398263939170874 -175.4401736060829080
25 36.0060273479991295 -173.8739726520008730 34.4398263939170874 -175.4401736060829080
26 40.8193228339036338 -169.0606771660963545 34.4398263939170874 -175.4401736060829080
27 43.3402224985050708 -166.5397775014949389 34.4398263939170874 -175.4401736060829080
28 50.4841761624004306 -159.3958238375995506 34.4398263939170874 -175.4401736060829080
29 55.9071867333814652 -153.9728132666185161 34.4398263939170874 -175.4401736060829080
30 5544.7296803695753624 5334.8496803695752533 34.4398263939170874 -175.4401736060829080
31 55.8872554571802169 -153.9927445428197643 34.4398263939170874 -175.4401736060829080
32 57.5777997814693876 -152.3022002185306008 34.4398263939170874 -175.4401736060829080
33 4524.4611717140132896 4314.5811717140131805 34.4398263939170874 -175.4401736060829080
34 55.1754148102772106 -154.7045851897227919 34.4398263939170874 -175.4401736060829080
35 55.7799977579466741 -154.1000022420533355 34.4398263939170874 -175.4401736060829080
36 3977.6309404611288301 3767.7509404611287209 34.4398263939170874 -175.4401736060829080
37 50.4754572781100563 -159.4045427218899249 34.4398263939170874 -175.4401736060829080
38 3753.1014620177343204 3543.2214620177342113 34.4398263939170874 -175.4401736060829080
39 44.7833695128755878 -165.0966304871244006 34.4398263939170874 -175.4401736060829080
40 50.8049907577027895 -159.0750092422971989 34.4398263939170874 -175.4401736060829080
41 3644.2085642865727095 3434.3285642865726004 34.4398263939170874 -175.4401736060829080
42 41.2041321475789104 -168.6758678524210779 34.4398263939170874 -175.4401736060829080
43 41.0005764837033766 -168.8794235162966118 34.4398263939170874 -175.4401736060829080
44 3501.4342947068694230 3291.5542947068693138 34.4398263939170874 -175.4401736060829080
45 39.4291694309713776 -170.4508305690286250 34.4398263939170874 -175.4401736060829080
46 38.0089776224826963 -171.8710223775173063 34.4398263939170874 -175.4401736060829080
47 3064.7606448989354249 2854.8806448989353157 34.4398263939170874 -175.4401736060829080
48 35.9390881478478192 -173.9409118521521691 34.4398263939170874 -175.4401736060829080
49 2538.7797910150457028 2328.8997910150455937 34.4398263939170874 -175.4401736060829080
50 34.6607027966811359 -175.2192972033188596 34.4398263939170874 -175.4401736060829080
51 34.4710499951585021 -175.4089500048415005 34.4398263939170874 -175.4401736060829080
52 1760.9891932603095484 1551.1091932603094392 34.4398263939170874 -175.4401736060829080
53 34.6018665489086672 -175.2781334510913211 34.4398263939170874 -175.4401736060829080
54 1342.4067464842132722 1132.5267464842131631 34.4398263939170874 -175.4401736060829080
55 35.6757200459452122 -174.2042799540547833 34.4398263939170874 -175.4401736060829080
56 1090.8737399948295206 880.9937399948295251 34.4398263939170874 -175.4401736060829080
57 37.6686640152087691 -172.2113359847912193 34.4398263939170874 -175.4401736060829080
58 968.9290406518551890 759.0490406518551936 34.4398263939170874 -175.4401736060829080
59 39.0741981263999349 -170.8058018736000463 34.4398263939170874 -175.4401736060829080
60 918.3939708420649595 708.5139708420649640 34.4398263939170874 -175.4401736060829080
61 895.1894440860596660 685.3094440860596706 34.4398263939170874 -175.4401736060829080
62 49.1038137666763959 -160.7761862333235854 34.4398263939170874 -175.4401736060829080
63 827.2770649364256315 617.3970649364256360 34.4398263939170874 -175.4401736060829080
64 762.9631619772177373 553.0831619772177419 34.4398263939170874 -175.4401736060829080
65 58.2971914729867464 -151.5828085270132419 34.4398263939170874 -175.4401736060829080
66 620.5973831687966822 410.7173831687966867 34.4398263939170874 -175.4401736060829080
67 542.7642062421383571 332.8842062421383616 34.4398263939170874 -175.4401736060829080
68 65.0433447894358494 -144.8366552105641460 34.4398263939170874 -175.4401736060829080
69 455.4815544199444730 245.6015544199444776 34.4398263939170874 -175.4401736060829080
70 374.6628165186313026 164.7828165186313072 34.4398263939170874 -175.4401736060829080
71 334.4614007304867300 124.5814007304867346 34.4398263939170874 -175.4401736060829080
72 71.8021231235041171 -138.0778768764958784 34.4398263939170874 -175.4401736060829080
73 287.6202204956582023 77.7402204956582068 34.4398263939170874 -175.4401736060829080
74 269.0954516022565031 59.2154516022565076 34.4398263939170874 -175.4401736060829080
75 75.8069151307449829 -134.0730848692550126 34.4398263939170874 -175.4401736060829080
76 241.1201918621370339 31.2401918621370385 34.4398263939170874 -175.4401736060829080
77 132.4168529299585373 -77.4631470700414582 34.4398263939170874 -175.4401736060829080
78 206.6760852595995459 -3.2039147404004495 34.4398263939170874 -175.4401736060829080
79 83.6378093537208542 -126.2421906462791412 34.4398263939170874 -175.4401736060829080
80 177.3008946837614985 -32.5791053162384969 34.4398263939170874 -175.4401736060829080
81 161.9546977114254105 -47.9253022885745850 34.4398263939170874 -175.4401736060829080
82 148.2043225017573036 -61.6756774982426919 34.4398263939170874 -175.4401736060829080
83 89.3155163794590266 -120.5644836205409689 34.4398263939170874 -175.4401736060829080
84 127.7951700448225552 -82.0848299551774403 34.4398263939170874 -175.4401736060829080
85 118.9473973647348544 -90.9326026352651411 34.4398263939170874 -175.4401736060829080
86 92.4205682665065922 -117.4594317334934033 34.4398263939170874 -175.4401736060829080
87 105.6052268398192524 -104.2747731601807430 34.4398263939170874 -175.4401736060829080
88 98.8027231424191967 -111.0772768575807987 34.4398263939170874 -175.4401736060829080
89 95.1112293645059310 -114.7687706354940644 34.4398263939170874 -175.4401736060829080
90 86.8831350969282141 -122.9968649030717813 34.4398263939170874 -175.4401736060829080
91 80.0794034771822538 -129.8005965228177274 34.4398263939170874 -175.4401736060829080
92 73.0925424986440078 -136.7874575013559877 34.4398263939170874 -175.4401736060829080
93 102.2474051314632817 -107.6325948685367138 34.4398263939170874 -175.4401736060829080
94 30.3544195534848384 -179.5255804465151641 30.3544195534848384 -179.5255804465151641
95 58.8430428475603975 -151.0369571524395838 30.3544195534848384 -179.5255804465151641
96 53.7121217866338938 -156.1678782133660945 30.3544195534848384 -179.5255804465151641
97 101.3381754501992873 -108.5418245498007082 30.3544195534848384 -179.5255804465151641
98 46.8917180691092597 -162.9882819308907358 30.3544195534848384 -179.5255804465151641
99 44.7487205217766757 -165.1312794782233198 30.3544195534848384 -179.5255804465151641
100 101.9536312848273383 -107.9263687151726572 30.3544195534848384 -179.5255804465151641
