evaluations raw_y current_y raw_y_best current_y_best
1 85.4256859329054521 -914.5743140670945195 85.4256859329054521 -914.5743140670945195
2 85.6281388290720997 -914.3718611709279003 85.4256859329054521 -914.5743140670945195
3 85.6507820987835657 -914.3492179012164343 85.4256859329054521 -914.5743140670945195
4 86.4975759770865551 -913.5024240229134875 85.4256859329054521 -914.5743140670945195
5 85.8407493700105135 -914.1592506299895149 85.4256859329054521 -914.5743140670945195
6 86.0348967035245096 -913.9651032964754904 85.4256859329054521 -914.5743140670945195
7 84.8040112397230814 -915.1959887602769186 84.8040112397230814 -915.1959887602769186
8 85.4370055607751624 -914.5629944392248944 84.8040112397230814 -915.1959887602769186
9 81.8995622059741493 -918.1004377940258792 81.8995622059741493 -918.1004377940258792
10 83.0489670373448661 -916.9510329626551766 81.8995622059741493 -918.1004377940258792
11 82.7434584359999263 -917.2565415640000310 81.8995622059741493 -918.1004377940258792
12 81.4592169804670050 -918.5407830195330234 81.4592169804670050 -918.5407830195330234
13 81.6795777597037187 -918.3204222402962387 81.4592169804670050 -918.5407830195330234
14 81.4455039043925808 -918.5544960956074192 81.4455039043925808 -918.5544960956074192
15 81.1268224518906749 -918.8731775481093109 81.1268224518906749 -918.8731775481093109
16 80.7371019626063031 -919.2628980373937111 80.7371019626063031 -919.2628980373937111
17 80.6962188101020956 -919.3037811898979044 80.6962188101020956 -919.3037811898979044
18 80.7818914994278856 -919.2181085005721570 80.6962188101020956 -919.3037811898979044
19 80.6211580167837809 -919.3788419832162617 80.6211580167837809 -919.3788419832162617
20 80.7231705425306529 -919.2768294574693755 80.6211580167837809 -919.3788419832162617
21 80.5725892388833955 -919.4274107611165618 80.5725892388833955 -919.4274107611165618
22 80.5459176339017517 -919.4540823660981914 80.5459176339017517 -919.4540823660981914
23 80.7201492473101609 -919.2798507526898675 80.5459176339017517 -919.4540823660981914
24 80.5747195699353398 -919.4252804300646176 80.5459176339017517 -919.4540823660981914
25 80.5913924756109168 -919.4086075243890264 80.5459176339017517 -919.4540823660981914
26 80.6290240579259887 -919.3709759420739829 80.5459176339017517 -919.4540823660981914
27 80.7131639881544061 -919.2868360118455939 80.5459176339017517 -919.4540823660981914
28 81.0316816978529175 -918.9683183021470541 80.5459176339017517 -919.4540823660981914
29 80.6607853834898947 -919.3392146165101622 80.5459176339017517 -919.4540823660981914
30 80.8811551701487019 -919.1188448298512412 80.5459176339017517 -919.4540823660981914
31 82.3235990023216715 -917.6764009976783427 80.5459176339017517 -919.4540823660981914
32 80.5582704274568897 -919.4417295725430677 80.5459176339017517 -919.4540823660981914
33 80.5672272722616043 -919.4327727277384383 80.5459176339017517 -919.4540823660981914
34 80.6113608742556806 -919.3886391257443620 80.5459176339017517 -919.4540823660981914
35 81.9742395512398332 -918.0257604487601384 80.5459176339017517 -919.4540823660981914
36 80.6240751940165410 -919.3759248059834590 80.5459176339017517 -919.4540823660981914
37 80.5596534627088801 -919.4403465372911342 80.5459176339017517 -919.4540823660981914
38 80.5717915429394225 -919.4282084570605775 80.5459176339017517 -919.4540823660981914
39 80.8724111937178520 -919.1275888062821195 80.5459176339017517 -919.4540823660981914
40 81.9056826671333482 -918.0943173328666944 80.5459176339017517 -919.4540823660981914
41 80.5978940793455365 -919.4021059206544351 80.5459176339017517 -919.4540823660981914
42 81.2861744163739388 -918.7138255836260896 80.5459176339017517 -919.4540823660981914
43 82.8195497926140405 -917.1804502073860021 80.5459176339017517 -919.4540823660981914
44 80.5863572027215582 -919.4136427972784986 80.5459176339017517 -919.4540823660981914
45 80.6059548405429922 -919.3940451594570504 80.5459176339017517 -919.4540823660981914
46 80.5767861119588815 -919.4232138880411185 80.5459176339017517 -919.4540823660981914
47 80.5810691087488777 -919.4189308912510796 80.5459176339017517 -919.4540823660981914
48 81.1650298099685159 -918.8349701900315267 80.5459176339017517 -919.4540823660981914
49 82.3525835911834179 -917.6474164088165253 80.5459176339017517 -919.4540823660981914
50 80.5761686304087306 -919.4238313695913121 80.5459176339017517 -919.4540823660981914
51 80.5847938942114297 -919.4152061057885703 80.5459176339017517 -919.4540823660981914
52 80.5745145031675634 -919.4254854968323798 80.5459176339017517 -919.4540823660981914
53 80.5763277311210686 -919.4236722688789314 80.5459176339017517 -919.4540823660981914
54 80.5894134806184752 -919.4105865193814680 80.5459176339017517 -919.4540823660981914
55 80.5878264760546585 -919.4121735239452846 80.5459176339017517 -919.4540823660981914
56 80.8150769956176731 -919.1849230043823127 80.5459176339017517 -919.4540823660981914
57 84.6314852791188201 -915.3685147208811941 80.5459176339017517 -919.4540823660981914
58 85.4469394709904151 -914.5530605290095991 80.5459176339017517 -919.4540823660981914
59 82.4392622790501832 -917.5607377209498736 80.5459176339017517 -919.4540823660981914
60 76.2417358076634741 -923.7582641923365827 76.2417358076634741 -923.7582641923365827
61 77.5750560059104117 -922.4249439940896309 76.2417358076634741 -923.7582641923365827
62 77.2063646991564383 -922.7936353008435617 76.2417358076634741 -923.7582641923365827
63 76.9453942295187545 -923.0546057704812029 76.2417358076634741 -923.7582641923365827
64 77.1637625737381398 -922.8362374262618459 76.2417358076634741 -923.7582641923365827
65 78.0625030729892444 -921.9374969270107840 76.2417358076634741 -923.7582641923365827
66 76.8134174894029940 -923.1865825105969634 76.2417358076634741 -923.7582641923365827
67 76.9711480487893738 -923.0288519512106404 76.2417358076634741 -923.7582641923365827
68 76.7422156969924742 -923.2577843030074973 76.2417358076634741 -923.7582641923365827
69 76.8872032282724973 -923.1127967717275169 76.2417358076634741 -923.7582641923365827
70 76.7039636914422545 -923.2960363085577455 76.2417358076634741 -923.7582641923365827
71 76.8350055095378508 -923.1649944904621634 76.2417358076634741 -923.7582641923365827
72 76.6709671992718569 -923.3290328007281005 76.2417358076634741 -923.7582641923365827
73 76.7920494326400842 -923.2079505673599442 76.2417358076634741 -923.7582641923365827
74 77.7309014076170399 -922.2690985923829885 76.2417358076634741 -923.7582641923365827
75 76.6508507120986025 -923.3491492879013549 76.2417358076634741 -923.7582641923365827
76 76.7666271593126766 -923.2333728406873661 76.2417358076634741 -923.7582641923365827
77 78.5215080256180471 -921.4784919743819955 76.2417358076634741 -923.7582641923365827
78 77.3548938156492483 -922.6451061843507659 76.2417358076634741 -923.7582641923365827
79 76.6333374186952341 -923.3666625813048086 76.2417358076634741 -923.7582641923365827
80 76.7415326911768148 -923.2584673088231284 76.2417358076634741 -923.7582641923365827
81 76.6168316567088965 -923.3831683432911177 76.2417358076634741 -923.7582641923365827
82 76.7187658893335254 -923.2812341106664462 76.2417358076634741 -923.7582641923365827
83 76.6032478998123025 -923.3967521001876548 76.2417358076634741 -923.7582641923365827
84 76.6992936823796470 -923.3007063176203246 76.2417358076634741 -923.7582641923365827
85 76.5913167880512304 -923.4086832119487553 76.2417358076634741 -923.7582641923365827
86 76.6821227701323807 -923.3178772298675767 76.2417358076634741 -923.7582641923365827
87 76.5806697783030330 -923.4193302216970096 76.2417358076634741 -923.7582641923365827
88 76.6666251248516630 -923.3333748751483654 76.2417358076634741 -923.7582641923365827
89 76.0653581523490914 -923.9346418476509371 76.0653581523490914 -923.9346418476509371
90 80.9627848654863982 -919.0372151345136444 76.0653581523490914 -923.9346418476509371
91 76.0523503907528919 -923.9476496092471507 76.0523503907528919 -923.9476496092471507
92 76.0451073555930606 -923.9548926444069821 76.0451073555930606 -923.9548926444069821
93 76.0397643116665591 -923.9602356883334551 76.0397643116665591 -923.9602356883334551
94 76.0354599118933265 -923.9645400881066735 76.0354599118933265 -923.9645400881066735
95 76.0318207395022085 -923.9681792604977772 76.0318207395022085 -923.9681792604977772
96 76.0286514057551983 -923.9713485942447733 76.0286514057551983 -923.9713485942447733
97 76.0258340860969923 -923.9741659139029935 76.0258340860969923 -923.9741659139029935
98 76.0232931639040572 -923.9767068360959001 76.0232931639040572 -923.9767068360959001
99 76.0209763722279206 -923.9790236277721078 76.0209763722279206 -923.9790236277721078
100 76.0188457394892225 -923.9811542605107206 76.0188457394892225 -923.9811542605107206
101 76.0168732944188292 -923.9831267055811850 76.0168732944188292 -923.9831267055811850
102 76.0150369292980344 -923.9849630707019514 76.0150369292980344 -923.9849630707019514
103 76.0133199046119614 -923.9866800953880102 76.0133199046119614 -923.9866800953880102
104 76.0117069162272969 -923.9882930837727599 76.0117069162272969 -923.9882930837727599
105 76.0101870379712636 -923.9898129620287364 76.0101870379712636 -923.9898129620287364
106 76.0087506219134070 -923.9912493780866498 76.0087506219134070 -923.9912493780866498
107 76.0073895112498548 -923.9926104887501879 76.0073895112498548 -923.9926104887501879
108 76.0060961189625885 -923.9939038810374541 76.0060961189625885 -923.9939038810374541
109 76.0048656617248781 -923.9951343382750792 76.0048656617248781 -923.9951343382750792
110 76.0036922882385397 -923.9963077117614603 76.0036922882385397 -923.9963077117614603
111 76.0025714099773211 -923.9974285900226505 76.0025714099773211 -923.9974285900226505
112 76.0014989780764836 -923.9985010219235164 76.0014989780764836 -923.9985010219235164
113 76.0004713986973286 -923.9995286013026998 76.0004713986973286 -923.9995286013026998
114 75.9994854648961962 -924.0005145351037754 75.9994854648961962 -924.0005145351037754
115 75.9985383011929230 -924.0014616988071339 75.9985383011929230 -924.0014616988071339
116 75.9976273180384396 -924.0023726819615604 75.9976273180384396 -924.0023726819615604
117 75.9967501740844966 -924.0032498259155318 75.9967501740844966 -924.0032498259155318
118 75.9959047446672571 -924.0040952553326861 75.9959047446672571 -924.0040952553326861
119 75.9950890952875255 -924.0049109047124603 75.9950890952875255 -924.0049109047124603
120 75.9943014591427470 -924.0056985408572245 75.9943014591427470 -924.0056985408572245
121 75.9935402179730488 -924.0064597820269228 75.9935402179730488 -924.0064597820269228
122 75.9928038856377555 -924.0071961143622730 75.9928038856377555 -924.0071961143622730
123 75.9920910939559491 -924.0079089060440083 75.9920910939559491 -924.0079089060440083
124 75.9914005804397021 -924.0085994195602552 75.9914005804397021 -924.0085994195602552
125 75.9907311776157712 -924.0092688223842288 75.9907311776157712 -924.0092688223842288
126 75.9900818036904298 -924.0099181963096271 75.9900818036904298 -924.0099181963096271
127 75.9894514543550628 -924.0105485456449514 75.9894514543550628 -924.0105485456449514
128 75.9888391955655180 -924.0111608044344393 75.9888391955655180 -924.0111608044344393
129 75.9882441571568847 -924.0117558428430584 75.9882441571568847 -924.0117558428430584
130 75.9876661192117524 -924.0123338807882192 75.9876661192117524 -924.0123338807882192
131 75.9871031376668782 -924.0128968623331502 75.9871031376668782 -924.0128968623331502
132 75.9865555197225149 -924.0134444802774851 75.9865555197225149 -924.0134444802774851
133 75.9860207412114192 -924.0139792587885950 75.9860207412114192 -924.0139792587885950
134 75.9855006237953603 -924.0144993762046397 75.9855006237953603 -924.0144993762046397
135 75.9849935693781049 -924.0150064306219519 75.9849935693781049 -924.0150064306219519
136 75.9844990260582023 -924.0155009739418119 75.9844990260582023 -924.0155009739418119
137 75.9840164741265482 -924.0159835258734802 75.9840164741265482 -924.0159835258734802
138 75.9835454236446566 -924.0164545763553861 75.9835454236446566 -924.0164545763553861
139 75.9830854122547805 -924.0169145877451911 75.9830854122547805 -924.0169145877451911
140 75.9826360031905779 -924.0173639968094221 75.9826360031905779 -924.0173639968094221
141 75.9821967834642749 -924.0178032165357536 75.9821967834642749 -924.0178032165357536
142 75.9817673622111300 -924.0182326377888558 75.9817673622111300 -924.0182326377888558
143 75.9813473691760777 -924.0186526308239081 75.9813473691760777 -924.0186526308239081
144 75.9809364533265494 -924.0190635466734648 75.9809364533265494 -924.0190635466734648
145 75.9805342815796365 -924.0194657184204061 75.9805342815796365 -924.0194657184204061
146 75.9801410195045008 -924.0198589804955418 75.9801410195045008 -924.0198589804955418
147 75.9797554018733194 -924.0202445981267374 75.9797554018733194 -924.0202445981267374
148 75.9793776254937967 -924.0206223745061607 75.9793776254937967 -924.0206223745061607
149 75.9790069403596959 -924.0209930596403183 75.9790069403596959 -924.0209930596403183
150 75.9786440440764608 -924.0213559559235819 75.9786440440764608 -924.0213559559235819
151 75.9782882109335418 -924.0217117890664440 75.9782882109335418 -924.0217117890664440
152 75.9779392053784193 -924.0220607946215523 75.9779392053784193 -924.0220607946215523
153 75.9775968026383026 -924.0224031973616547 75.9775968026383026 -924.0224031973616547
154 75.9772607880876478 -924.0227392119123806 75.9772607880876478 -924.0227392119123806
155 75.9769309566660525 -924.0230690433339760 75.9769309566660525 -924.0230690433339760
156 75.9766071123374047 -924.0233928876625669 75.9766071123374047 -924.0233928876625669
157 75.9762890675867055 -924.0237109324133371 75.9762890675867055 -924.0237109324133371
158 75.9759766429504424 -924.0240233570496002 75.9759766429504424 -924.0240233570496002
159 75.9756696665794067 -924.0243303334206075 75.9756696665794067 -924.0243303334206075
160 75.9753679738294210 -924.0246320261705932 75.9753679738294210 -924.0246320261705932
161 75.9750714068793656 -924.0249285931206487 75.9750714068793656 -924.0249285931206487
162 75.9747798143732354 -924.0252201856267220 75.9747798143732354 -924.0252201856267220
163 75.9744930510858438 -924.0255069489141988 75.9744930510858438 -924.0255069489141988
164 75.9742109776082373 -924.0257890223917911 75.9742109776082373 -924.0257890223917911
165 75.9739334600537433 -924.0260665399462141 75.9739334600537433 -924.0260665399462141
166 75.9736603697813706 -924.0263396302186720 75.9736603697813706 -924.0263396302186720
167 75.9733915831364044 -924.0266084168636098 75.9733915831364044 -924.0266084168636098
168 75.9731269812059935 -924.0268730187940491 75.9731269812059935 -924.0268730187940491
169 75.9728664495899153 -924.0271335504100989 75.9728664495899153 -924.0271335504100989
170 75.9726098781839170 -924.0273901218160972 75.9726098781839170 -924.0273901218160972
171 75.9723571609765997 -924.0276428390234287 75.9723571609765997 -924.0276428390234287
172 75.9721081958569613 -924.0278918041429961 75.9721081958569613 -924.0278918041429961
173 75.9718628844336905 -924.0281371155663237 75.9718628844336905 -924.0281371155663237
174 75.9716216917711478 -924.0283783082288664 75.9716216917711478 -924.0283783082288664
175 75.9713834056865949 -924.0286165943134620 75.9713834056865949 -924.0286165943134620
176 77.6263343715829848 -922.3736656284170294 75.9713834056865949 -924.0286165943134620
177 77.5853311039907112 -922.4146688960092888 75.9713834056865949 -924.0286165943134620
178 77.2849368739395430 -922.7150631260604996 75.9713834056865949 -924.0286165943134620
179 75.9714285023684397 -924.0285714976315603 75.9713834056865949 -924.0286165943134620
180 76.8810310868510101 -923.1189689131490468 75.9713834056865949 -924.0286165943134620
181 76.4883370717749216 -923.5116629282250642 75.9713834056865949 -924.0286165943134620
182 75.9713842149136127 -924.0286157850863447 75.9713834056865949 -924.0286165943134620
183 75.9711872707943456 -924.0288127292056970 75.9711872707943456 -924.0288127292056970
184 75.9709874409650894 -924.0290125590348680 75.9709874409650894 -924.0290125590348680
185 75.9707873116165615 -924.0292126883834953 75.9707873116165615 -924.0292126883834953
186 75.9705878676850404 -924.0294121323149739 75.9705878676850404 -924.0294121323149739
187 75.9703896091836128 -924.0296103908164014 75.9703896091836128 -924.0296103908164014
188 75.9701928216092313 -924.0298071783907972 75.9701928216092313 -924.0298071783907972
189 75.9699976780860737 -924.0300023219139121 75.9699976780860737 -924.0300023219139121
190 75.9698051454463013 -924.0301948545536561 75.9698051454463013 -924.0301948545536561
191 75.9696135710186269 -924.0303864289813873 75.9696135710186269 -924.0303864289813873
192 76.0101051892484492 -923.9898948107515935 75.9696135710186269 -924.0303864289813873
193 76.0019338394863837 -923.9980661605136447 75.9696135710186269 -924.0303864289813873
194 76.0005327221999636 -923.9994672778000222 75.9696135710186269 -924.0303864289813873
195 75.9996498800220621 -924.0003501199779521 75.9696135710186269 -924.0303864289813873
196 75.9990382377526998 -924.0009617622472433 75.9696135710186269 -924.0303864289813873
197 76.0217325128030126 -923.9782674871969448 75.9696135710186269 -924.0303864289813873
198 76.0081249091210935 -923.9918750908789207 75.9696135710186269 -924.0303864289813873
199 76.0075237966461827 -923.9924762033538173 75.9696135710186269 -924.0303864289813873
200 76.0071519018467399 -923.9928480981532175 75.9696135710186269 -924.0303864289813873
201 76.0070947080613735 -923.9929052919386550 75.9696135710186269 -924.0303864289813873
202 76.0270793219727352 -923.9729206780273216 75.9696135710186269 -924.0303864289813873
203 76.0145409012404372 -923.9854590987595202 75.9696135710186269 -924.0303864289813873
204 76.0140558656818541 -923.9859441343181743 75.9696135710186269 -924.0303864289813873
205 76.0136641720633861 -923.9863358279366139 75.9696135710186269 -924.0303864289813873
206 76.0133139783142298 -923.9866860216857276 75.9696135710186269 -924.0303864289813873
207 76.0406260127424929 -923.9593739872575497 75.9696135710186269 -924.0303864289813873
208 76.0261140886083240 -923.9738859113916760 75.9696135710186269 -924.0303864289813873
209 76.0252340477569959 -923.9747659522430467 75.9696135710186269 -924.0303864289813873
210 76.0244665946688798 -923.9755334053311344 75.9696135710186269 -924.0303864289813873
211 76.0237060093064798 -923.9762939906935344 75.9696135710186269 -924.0303864289813873
212 76.0468906279510719 -923.9531093720489707 75.9696135710186269 -924.0303864289813873
213 76.0325706960248908 -923.9674293039751092 75.9696135710186269 -924.0303864289813873
214 76.0319873234614647 -923.9680126765385921 75.9696135710186269 -924.0303864289813873
215 76.0313941408358431 -923.9686058591641995 75.9696135710186269 -924.0303864289813873
216 76.0305722892983766 -923.9694277107016660 75.9696135710186269 -924.0303864289813873
217 76.0584871547034851 -923.9415128452965291 75.9696135710186269 -924.0303864289813873
218 76.0438257557404427 -923.9561742442595005 75.9696135710186269 -924.0303864289813873
219 76.0430341496039119 -923.9569658503960454 75.9696135710186269 -924.0303864289813873
220 76.0422836750528717 -923.9577163249471141 75.9696135710186269 -924.0303864289813873
221 75.9978663624187334 -924.0021336375812098 75.9696135710186269 -924.0303864289813873
222 80.3156400362377809 -919.6843599637621764 75.9696135710186269 -924.0303864289813873
223 75.9979949817294056 -924.0020050182705518 75.9696135710186269 -924.0303864289813873
224 76.0422097704141322 -923.9577902295858394 75.9696135710186269 -924.0303864289813873
225 76.0658599905077324 -923.9341400094922392 75.9696135710186269 -924.0303864289813873
226 76.0519214687833909 -923.9480785312166518 75.9696135710186269 -924.0303864289813873
227 76.0512051163096174 -923.9487948836904252 75.9696135710186269 -924.0303864289813873
228 75.9986096943728029 -924.0013903056271829 75.9696135710186269 -924.0303864289813873
229 75.9988971485312419 -924.0011028514687723 75.9696135710186269 -924.0303864289813873
230 76.0787765555279094 -923.9212234444720480 75.9696135710186269 -924.0303864289813873
231 76.0623966400565479 -923.9376033599434095 75.9696135710186269 -924.0303864289813873
232 76.0617159240871246 -923.9382840759128612 75.9696135710186269 -924.0303864289813873
233 78.2792767496613067 -921.7207232503386649 75.9696135710186269 -924.0303864289813873
234 76.0599035070939493 -923.9400964929060365 75.9696135710186269 -924.0303864289813873
235 75.9708461590570892 -924.0291538409428540 75.9696135710186269 -924.0303864289813873
236 75.9707243018009279 -924.0292756981990578 75.9696135710186269 -924.0303864289813873
237 76.0082608948829233 -923.9917391051170625 75.9696135710186269 -924.0303864289813873
238 75.9975742831697261 -924.0024257168303166 75.9696135710186269 -924.0303864289813873
239 76.0609506272955969 -923.9390493727044031 75.9696135710186269 -924.0303864289813873
240 76.0113152755602783 -923.9886847244397359 75.9696135710186269 -924.0303864289813873
241 75.9971665232428677 -924.0028334767571323 75.9696135710186269 -924.0303864289813873
242 76.0060114835877698 -923.9939885164121733 75.9696135710186269 -924.0303864289813873
243 76.0151713887307210 -923.9848286112692222 75.9696135710186269 -924.0303864289813873
244 76.0973697845096524 -923.9026302154903760 75.9696135710186269 -924.0303864289813873
245 76.0798661995770118 -923.9201338004229456 75.9696135710186269 -924.0303864289813873
246 76.0791402424666785 -923.9208597575333215 75.9696135710186269 -924.0303864289813873
247 76.0785116240834327 -923.9214883759166241 75.9696135710186269 -924.0303864289813873
248 76.0778443505593032 -923.9221556494406968 75.9696135710186269 -924.0303864289813873
249 75.9957164725329051 -924.0042835274671233 75.9696135710186269 -924.0303864289813873
250 75.9709430117858773 -924.0290569882141654 75.9696135710186269 -924.0303864289813873
251 75.9708341427814418 -924.0291658572185725 75.9696135710186269 -924.0303864289813873
252 76.0040332743487284 -923.9959667256512148 75.9696135710186269 -924.0303864289813873
253 76.0175686273229303 -923.9824313726770697 75.9696135710186269 -924.0303864289813873
254 75.9707722567777921 -924.0292277432222363 75.9696135710186269 -924.0303864289813873
255 75.9706692237899972 -924.0293307762100312 75.9696135710186269 -924.0303864289813873
256 75.9705680827514271 -924.0294319172485302 75.9696135710186269 -924.0303864289813873
257 75.9704683990327965 -924.0295316009671751 75.9696135710186269 -924.0303864289813873
258 75.9947610326463803 -924.0052389673536481 75.9696135710186269 -924.0303864289813873
259 76.0842057141422003 -923.9157942858578281 75.9696135710186269 -924.0303864289813873
260 75.9704080205678878 -924.0295919794320980 75.9696135710186269 -924.0303864289813873
261 75.9703124567552948 -924.0296875432446768 75.9696135710186269 -924.0303864289813873
262 75.9702186192863991 -924.0297813807136436 75.9696135710186269 -924.0303864289813873
263 76.0036937597550519 -923.9963062402449623 75.9696135710186269 -924.0303864289813873
264 77.2293471124481528 -922.7706528875518188 75.9696135710186269 -924.0303864289813873
265 75.9701752943334867 -924.0298247056665559 75.9696135710186269 -924.0303864289813873
266 75.9700841095592239 -924.0299158904407477 75.9696135710186269 -924.0303864289813873
267 75.9699934955614822 -924.0300065044384610 75.9696135710186269 -924.0303864289813873
268 76.4608692288576037 -923.5391307711423678 75.9696135710186269 -924.0303864289813873
269 75.9699426581979793 -924.0300573418020349 75.9696135710186269 -924.0303864289813873
270 75.9940976746873389 -924.0059023253127179 75.9696135710186269 -924.0303864289813873
271 76.0036078426978605 -923.9963921573021253 75.9696135710186269 -924.0303864289813873
272 76.0180741913485036 -923.9819258086514537 75.9696135710186269 -924.0303864289813873
273 75.9698987369377932 -924.0301012630621926 75.9696135710186269 -924.0303864289813873
274 76.1105729720891730 -923.8894270279108696 75.9696135710186269 -924.0303864289813873
275 76.0947056554273047 -923.9052943445726669 75.9696135710186269 -924.0303864289813873
276 76.0941593078046594 -923.9058406921953974 75.9696135710186269 -924.0303864289813873
277 76.0936517966504624 -923.9063482033495802 75.9696135710186269 -924.0303864289813873
278 79.9086316395051597 -920.0913683604948119 75.9696135710186269 -924.0303864289813873
279 75.9938790128347534 -924.0061209871652181 75.9696135710186269 -924.0303864289813873
280 75.9699790845396876 -924.0300209154603408 75.9696135710186269 -924.0303864289813873
281 76.1308758375605521 -923.8691241624394479 75.9696135710186269 -924.0303864289813873
282 76.1453050453573468 -923.8546949546426958 75.9696135710186269 -924.0303864289813873
283 76.1223993245529300 -923.8776006754470700 75.9696135710186269 -924.0303864289813873
284 76.1223948737894460 -923.8776051262105966 75.9696135710186269 -924.0303864289813873
285 76.1224468858718808 -923.8775531141280908 75.9696135710186269 -924.0303864289813873
286 75.9700540409127143 -924.0299459590872857 75.9696135710186269 -924.0303864289813873
287 75.9699783250055134 -924.0300216749944866 75.9696135710186269 -924.0303864289813873
288 75.9699035390119093 -924.0300964609880339 75.9696135710186269 -924.0303864289813873
289 75.9698289322445817 -924.0301710677554183 75.9696135710186269 -924.0303864289813873
290 75.9697540099776774 -924.0302459900223084 75.9696135710186269 -924.0303864289813873
291 75.9696786887183606 -924.0303213112816820 75.9696135710186269 -924.0303864289813873
292 75.9696027454481992 -924.0303972545517581 75.9696027454481992 -924.0303972545517581
293 75.9695272768140484 -924.0304727231859943 75.9695272768140484 -924.0304727231859943
294 75.9694498586714104 -924.0305501413286038 75.9694498586714104 -924.0305501413286038
295 76.1655368191049433 -923.8344631808949998 75.9694498586714104 -924.0305501413286038
296 76.1563571214433068 -923.8436428785566932 75.9694498586714104 -924.0305501413286038
297 76.1442646798311529 -923.8557353201688329 75.9694498586714104 -924.0305501413286038
298 76.1442700713896272 -923.8557299286103444 75.9694498586714104 -924.0305501413286038
299 77.8798721779969156 -922.1201278220030417 75.9694498586714104 -924.0305501413286038
300 76.1439679692491325 -923.8560320307508391 75.9694498586714104 -924.0305501413286038
301 76.0026252246506857 -923.9973747753492717 75.9694498586714104 -924.0305501413286038
302 75.9695540210898912 -924.0304459789101656 75.9694498586714104 -924.0305501413286038
303 75.9694849214258312 -924.0305150785741262 75.9694498586714104 -924.0305501413286038
304 75.9694153203989657 -924.0305846796010201 75.9694153203989657 -924.0305846796010201
305 75.9693445646512089 -924.0306554353487627 75.9693445646512089 -924.0306554353487627
306 75.9692724945471412 -924.0307275054528873 75.9692724945471412 -924.0307275054528873
307 75.9691996240095762 -924.0308003759904523 75.9691996240095762 -924.0308003759904523
308 75.9691262109241308 -924.0308737890758266 75.9691262109241308 -924.0308737890758266
309 75.9690524181666120 -924.0309475818334022 75.9690524181666120 -924.0309475818334022
310 75.9689783601282045 -924.0310216398718239 75.9689783601282045 -924.0310216398718239
311 75.9689041222520700 -924.0310958777479300 75.9689041222520700 -924.0310958777479300
312 75.9688297709739970 -924.0311702290259745 75.9688297709739970 -924.0311702290259745
313 75.9927590388383578 -924.0072409611616422 75.9688297709739970 -924.0311702290259745
314 76.0017611411414151 -923.9982388588585991 75.9688297709739970 -924.0311702290259745
315 75.9927975511768778 -924.0072024488231364 75.9688297709739970 -924.0311702290259745
316 75.9687756138034587 -924.0312243861965271 75.9687756138034587 -924.0312243861965271
317 75.9687029657776378 -924.0312970342223480 75.9687029657776378 -924.0312970342223480
318 75.9686301019941652 -924.0313698980057779 75.9686301019941652 -924.0313698980057779
319 76.0186603595159625 -923.9813396404840660 75.9686301019941652 -924.0313698980057779
320 76.0009567825544252 -923.9990432174455464 75.9686301019941652 -924.0313698980057779
321 75.9926993327460565 -924.0073006672539577 75.9686301019941652 -924.0313698980057779
322 75.9930890124597198 -924.0069109875403228 75.9686301019941652 -924.0313698980057779
323 76.0344484377554721 -923.9655515622445137 75.9686301019941652 -924.0313698980057779
324 76.0003060003404727 -923.9996939996594847 75.9686301019941652 -924.0313698980057779
325 76.1041084117258180 -923.8958915882741394 75.9686301019941652 -924.0313698980057779
326 76.0186907333486630 -923.9813092666513512 75.9686301019941652 -924.0313698980057779
327 76.0063502822460322 -923.9936497177540105 75.9686301019941652 -924.0313698980057779
328 77.0338011782041292 -922.9661988217958424 75.9686301019941652 -924.0313698980057779
329 76.5082607773345416 -923.4917392226655011 75.9686301019941652 -924.0313698980057779
330 75.9925944802626248 -924.0074055197374037 75.9686301019941652 -924.0313698980057779
331 75.9983060258787759 -924.0016939741212809 75.9686301019941652 -924.0313698980057779
332 76.0093510091220992 -923.9906489908778440 75.9686301019941652 -924.0313698980057779
333 75.9687683024381926 -924.0312316975617932 75.9686301019941652 -924.0313698980057779
334 75.9687066311377635 -924.0312933688621797 75.9686301019941652 -924.0313698980057779
335 75.9686451441213535 -924.0313548558785897 75.9686301019941652 -924.0313698980057779
336 75.9980165273742188 -924.0019834726257386 75.9686301019941652 -924.0313698980057779
337 75.9685937544779222 -924.0314062455220210 75.9685937544779222 -924.0314062455220210
338 76.0343105361748002 -923.9656894638252425 75.9685937544779222 -924.0314062455220210
339 76.0195334016297011 -923.9804665983702989 75.9685937544779222 -924.0314062455220210
340 75.9912636191098017 -924.0087363808902410 75.9685937544779222 -924.0314062455220210
341 75.9979014048984993 -924.0020985951015291 75.9685937544779222 -924.0314062455220210
342 81.3628492487717949 -918.6371507512282051 75.9685937544779222 -924.0314062455220210
343 75.9718311096946479 -924.0281688903053237 75.9685937544779222 -924.0314062455220210
344 76.4737160018023161 -923.5262839981976413 75.9685937544779222 -924.0314062455220210
345 75.9685362577124437 -924.0314637422875421 75.9685362577124437 -924.0314637422875421
346 75.9684746021495556 -924.0315253978504870 75.9684746021495556 -924.0315253978504870
347 75.9684124377190955 -924.0315875622809472 75.9684124377190955 -924.0315875622809472
348 77.1556921310181423 -922.8443078689819004 75.9684124377190955 -924.0315875622809472
349 80.6581529400435500 -919.3418470599564216 75.9684124377190955 -924.0315875622809472
350 81.9755483998819159 -918.0244516001180273 75.9684124377190955 -924.0315875622809472
351 75.9683437968233619 -924.0316562031766807 75.9683437968233619 -924.0316562031766807
352 75.9682813292484553 -924.0317186707515020 75.9682813292484553 -924.0317186707515020
353 75.9908058392428387 -924.0091941607571471 75.9682813292484553 -924.0317186707515020
354 75.9956850107506625 -924.0043149892493375 75.9682813292484553 -924.0317186707515020
355 78.7267738076290158 -921.2732261923709984 75.9682813292484553 -924.0317186707515020
356 76.0036862619315485 -923.9963137380684657 75.9682813292484553 -924.0317186707515020
357 75.9904206892360889 -924.0095793107639111 75.9682813292484553 -924.0317186707515020
358 76.0122290865843979 -923.9877709134156021 75.9682813292484553 -924.0317186707515020
359 75.9959660105295285 -924.0040339894704857 75.9682813292484553 -924.0317186707515020
360 76.0494689949037337 -923.9505310050963089 75.9682813292484553 -924.0317186707515020
361 76.0216039794869403 -923.9783960205130597 75.9682813292484553 -924.0317186707515020
362 75.9683263926171577 -924.0316736073827997 75.9682813292484553 -924.0317186707515020
363 76.0021400447451043 -923.9978599552548530 75.9682813292484553 -924.0317186707515020
364 75.9682831373855407 -924.0317168626144166 75.9682813292484553 -924.0317186707515020
365 75.9682275130678022 -924.0317724869321410 75.9682275130678022 -924.0317724869321410
366 75.9681709418943143 -924.0318290581056999 75.9681709418943143 -924.0318290581056999
367 75.9681132744836987 -924.0318867255163013 75.9681132744836987 -924.0318867255163013
368 75.9680558982154253 -924.0319441017845747 75.9680558982154253 -924.0319441017845747
369 75.9679983273003216 -924.0320016726997210 75.9679983273003216 -924.0320016726997210
370 75.9900270994260438 -924.0099729005739846 75.9679983273003216 -924.0320016726997210
371 75.9679438329609127 -924.0320561670390589 75.9679438329609127 -924.0320561670390589
372 75.9678863780193012 -924.0321136219806704 75.9678863780193012 -924.0321136219806704
373 75.9678288570507902 -924.0321711429492098 75.9678288570507902 -924.0321711429492098
374 75.9677713154357264 -924.0322286845643021 75.9677713154357264 -924.0322286845643021
375 75.9677137818846546 -924.0322862181153596 75.9677137818846546 -924.0322862181153596
376 75.9949979310611781 -924.0050020689387793 75.9677137818846546 -924.0322862181153596
377 80.6310353318134077 -919.3689646681865497 75.9677137818846546 -924.0322862181153596
378 75.9676215054475250 -924.0323784945525176 75.9676215054475250 -924.0323784945525176
379 75.9675620617994554 -924.0324379382005873 75.9675620617994554 -924.0324379382005873
380 75.9675031005654944 -924.0324968994344772 75.9675031005654944 -924.0324968994344772
381 75.9674444264229152 -924.0325555735770422 75.9674444264229152 -924.0325555735770422
382 75.9673859729041538 -924.0326140270958604 75.9673859729041538 -924.0326140270958604
383 75.9673277096372459 -924.0326722903627115 75.9673277096372459 -924.0326722903627115
384 76.0681248688784848 -923.9318751311215010 75.9673277096372459 -924.0326722903627115
385 75.9672868431466526 -924.0327131568533332 75.9672868431466526 -924.0327131568533332
386 80.6282227705381587 -919.3717772294618271 75.9672868431466526 -924.0327131568533332
387 76.0338123688469523 -923.9661876311530477 75.9672868431466526 -924.0327131568533332
388 76.5204070229707725 -923.4795929770292560 75.9672868431466526 -924.0327131568533332
389 77.2567065497782863 -922.7432934502216995 75.9672868431466526 -924.0327131568533332
390 76.0088501931023188 -923.9911498068977380 75.9672868431466526 -924.0327131568533332
391 75.9672660667811925 -924.0327339332187648 75.9672660667811925 -924.0327339332187648
392 75.9672116802938149 -924.0327883197062420 75.9672116802938149 -924.0327883197062420
393 75.9671567367341112 -924.0328432632659315 75.9671567367341112 -924.0328432632659315
394 75.9671016665107715 -924.0328983334892428 75.9671016665107715 -924.0328983334892428
395 76.4077845620818579 -923.5922154379181848 75.9671016665107715 -924.0328983334892428
396 77.4349879453761503 -922.5650120546238213 75.9671016665107715 -924.0328983334892428
397 76.4196512106031207 -923.5803487893969077 75.9671016665107715 -924.0328983334892428
398 75.9670977362070943 -924.0329022637929484 75.9670977362070943 -924.0329022637929484
399 75.9670456874916766 -924.0329543125083092 75.9670456874916766 -924.0329543125083092
400 75.9669930975668706 -924.0330069024331578 75.9669930975668706 -924.0330069024331578
401 79.6484895329003564 -920.3515104670996152 75.9669930975668706 -924.0330069024331578
402 78.1631697660498475 -921.8368302339501952 75.9669930975668706 -924.0330069024331578
403 82.1577673313308878 -917.8422326686691122 75.9669930975668706 -924.0330069024331578
404 82.0836337892459085 -917.9163662107540631 75.9669930975668706 -924.0330069024331578
405 75.9670063946861376 -924.0329936053138908 75.9669930975668706 -924.0330069024331578
406 76.1153547554304168 -923.8846452445695832 75.9669930975668706 -924.0330069024331578
407 81.8118260908620698 -918.1881739091379586 75.9669930975668706 -924.0330069024331578
408 80.1089493965231867 -919.8910506034768559 75.9669930975668706 -924.0330069024331578
409 75.9670008170533464 -924.0329991829466962 75.9669930975668706 -924.0330069024331578
410 78.3955581582806644 -921.6044418417193356 75.9669930975668706 -924.0330069024331578
411 76.3712453882207427 -923.6287546117792999 75.9669930975668706 -924.0330069024331578
412 76.3880756372545591 -923.6119243627454125 75.9669930975668706 -924.0330069024331578
413 76.1554897203848782 -923.8445102796151787 75.9669930975668706 -924.0330069024331578
414 75.9670187082482755 -924.0329812917517529 75.9669930975668706 -924.0330069024331578
415 81.4205156253426736 -918.5794843746573406 75.9669930975668706 -924.0330069024331578
416 76.0691756821414486 -923.9308243178585371 75.9669930975668706 -924.0330069024331578
417 77.7982013531097749 -922.2017986468902109 75.9669930975668706 -924.0330069024331578
418 75.9669810713720040 -924.0330189286280529 75.9669810713720040 -924.0330189286280529
419 76.4403309744665904 -923.5596690255333669 75.9669810713720040 -924.0330189286280529
420 75.9669542336643104 -924.0330457663357038 75.9669542336643104 -924.0330457663357038
421 79.4746040957849971 -920.5253959042149745 75.9669542336643104 -924.0330457663357038
422 76.0527886496480079 -923.9472113503519495 75.9669542336643104 -924.0330457663357038
423 76.3792921390722483 -923.6207078609277232 75.9669542336643104 -924.0330457663357038
424 76.4499702935401473 -923.5500297064598954 75.9669542336643104 -924.0330457663357038
425 75.9669734587430696 -924.0330265412569588 75.9669542336643104 -924.0330457663357038
426 78.8645386477878247 -921.1354613522121326 75.9669542336643104 -924.0330457663357038
427 75.9706568394552164 -924.0293431605448404 75.9669542336643104 -924.0330457663357038
428 76.8288309205231030 -923.1711690794768401 75.9669542336643104 -924.0330457663357038
429 75.9937140848289516 -924.0062859151710200 75.9669542336643104 -924.0330457663357038
430 75.9883741385698670 -924.0116258614301614 75.9669542336643104 -924.0330457663357038
431 75.9669488438788676 -924.0330511561211324 75.9669488438788676 -924.0330511561211324
432 76.1790160304233410 -923.8209839695766732 75.9669488438788676 -924.0330511561211324
433 81.5775736330751755 -918.4224263669248103 75.9669488438788676 -924.0330511561211324
434 76.1703069133000810 -923.8296930866998764 75.9669488438788676 -924.0330511561211324
435 76.1880858238275493 -923.8119141761724222 75.9669488438788676 -924.0330511561211324
436 76.0860803821989435 -923.9139196178010707 75.9669488438788676 -924.0330511561211324
437 76.1781316934312542 -923.8218683065687173 75.9669488438788676 -924.0330511561211324
438 75.9669796574762159 -924.0330203425237414 75.9669488438788676 -924.0330511561211324
439 75.9669414393938922 -924.0330585606061504 75.9669414393938922 -924.0330585606061504
440 81.1606326931891573 -918.8393673068108001 75.9669414393938922 -924.0330585606061504
441 76.0160769687800837 -923.9839230312198879 75.9669414393938922 -924.0330585606061504
442 76.0366032305474704 -923.9633967694525154 75.9669414393938922 -924.0330585606061504
443 76.0267992216565460 -923.9732007783434256 75.9669414393938922 -924.0330585606061504
444 76.9893219310464048 -923.0106780689535526 75.9669414393938922 -924.0330585606061504
445 75.9669383480939047 -924.0330616519061095 75.9669383480939047 -924.0330616519061095
446 75.9669005920485887 -924.0330994079514539 75.9669005920485887 -924.0330994079514539
447 76.3463514492136994 -923.6536485507863290 75.9669005920485887 -924.0330994079514539
448 76.1330261796471177 -923.8669738203528823 75.9669005920485887 -924.0330994079514539
449 77.9644671152701108 -922.0355328847299461 75.9669005920485887 -924.0330994079514539
450 76.1038364696311049 -923.8961635303688809 75.9669005920485887 -924.0330994079514539
451 75.9705356547565458 -924.0294643452434684 75.9669005920485887 -924.0330994079514539
452 76.3572013496695376 -923.6427986503304055 75.9669005920485887 -924.0330994079514539
453 75.9669147223227128 -924.0330852776772872 75.9669005920485887 -924.0330994079514539
454 75.9668785111471863 -924.0331214888527711 75.9668785111471863 -924.0331214888527711
455 75.9934244540589106 -924.0065755459411321 75.9668785111471863 -924.0331214888527711
456 77.0116600079457356 -922.9883399920543070 75.9668785111471863 -924.0331214888527711
457 76.9648819891129250 -923.0351180108871176 75.9668785111471863 -924.0331214888527711
458 78.6172432446655876 -921.3827567553344124 75.9668785111471863 -924.0331214888527711
459 75.9668812316062372 -924.0331187683937060 75.9668785111471863 -924.0331214888527711
460 75.9668459992545166 -924.0331540007455260 75.9668459992545166 -924.0331540007455260
461 77.0838321709982921 -922.9161678290016653 75.9668459992545166 -924.0331540007455260
462 75.9703904721783942 -924.0296095278215489 75.9668459992545166 -924.0331540007455260
463 75.9668045617064109 -924.0331954382935464 75.9668045617064109 -924.0331954382935464
464 76.0040929980711439 -923.9959070019287992 75.9668045617064109 -924.0331954382935464
465 75.9667765408447480 -924.0332234591552378 75.9667765408447480 -924.0332234591552378
466 75.9667399386298570 -924.0332600613701288 75.9667399386298570 -924.0332600613701288
467 80.7951170442659787 -919.2048829557339786 75.9667399386298570 -924.0332600613701288
468 81.1683628155430767 -918.8316371844568948 75.9667399386298570 -924.0332600613701288
469 80.4710003473058464 -919.5289996526942105 75.9667399386298570 -924.0332600613701288
470 77.0602030178361161 -922.9397969821638981 75.9667399386298570 -924.0332600613701288
471 77.1096509478178405 -922.8903490521821595 75.9667399386298570 -924.0332600613701288
472 75.9667029956915769 -924.0332970043084515 75.9667029956915769 -924.0332970043084515
473 75.9666660331500623 -924.0333339668499093 75.9666660331500623 -924.0333339668499093
474 75.9700967178689979 -924.0299032821310448 75.9666660331500623 -924.0333339668499093
475 77.7547875563857644 -922.2452124436142640 75.9666660331500623 -924.0333339668499093
476 75.9700884591302668 -924.0299115408697617 75.9666660331500623 -924.0333339668499093
477 77.6690438164468731 -922.3309561835530985 75.9666660331500623 -924.0333339668499093
478 75.9666194784727224 -924.0333805215273060 75.9666194784727224 -924.0333805215273060
479 75.9665821973116238 -924.0334178026884047 75.9665821973116238 -924.0334178026884047
480 75.9665449012546503 -924.0334550987453213 75.9665449012546503 -924.0334550987453213
481 75.9665075612536498 -924.0334924387464071 75.9665075612536498 -924.0334924387464071
482 75.9664701767118089 -924.0335298232881769 75.9664701767118089 -924.0335298232881769
483 75.9664327534745354 -924.0335672465254220 75.9664327534745354 -924.0335672465254220
484 75.9663952990323423 -924.0336047009676577 75.9663952990323423 -924.0336047009676577
485 77.3847685724760197 -922.6152314275240087 75.9663952990323423 -924.0336047009676577
486 75.9715431388199391 -924.0284568611800751 75.9663952990323423 -924.0336047009676577
487 75.9696923373804793 -924.0303076626195207 75.9663952990323423 -924.0336047009676577
488 76.3273228966242385 -923.6726771033758041 75.9663952990323423 -924.0336047009676577
489 75.9663553645311964 -924.0336446354688178 75.9663553645311964 -924.0336446354688178
490 75.9663181656992350 -924.0336818343007508 75.9663181656992350 -924.0336818343007508
491 76.3357656566061706 -923.6642343433937867 75.9663181656992350 -924.0336818343007508
492 75.9662938803828780 -924.0337061196171362 75.9662938803828780 -924.0337061196171362
493 75.9662581786813149 -924.0337418213186993 75.9662581786813149 -924.0337418213186993
494 75.9662212379651436 -924.0337787620348990 75.9662212379651436 -924.0337787620348990
495 76.3119370433870330 -923.6880629566129528 75.9662212379651436 -924.0337787620348990
496 77.4860365254036765 -922.5139634745962667 75.9662212379651436 -924.0337787620348990
497 76.1998700248453957 -923.8001299751546185 75.9662212379651436 -924.0337787620348990
498 82.2664328652522840 -917.7335671347477728 75.9662212379651436 -924.0337787620348990
499 76.2108835603576722 -923.7891164396423846 75.9662212379651436 -924.0337787620348990
500 76.2057174546829970 -923.7942825453169462 75.9662212379651436 -924.0337787620348990
