evaluations raw_y current_y raw_y_best current_y_best
1 11461259.0768374335020781 11461049.1968374326825142 11461259.0768374335020781 11461049.1968374326825142
2 55135419.3561997711658478 55135209.4761997684836388 11461259.0768374335020781 11461049.1968374326825142
3 21102999.3056664094328880 21102789.4256664104759693 11461259.0768374335020781 11461049.1968374326825142
4 7116063.2975898738950491 7115853.4175898740068078 7116063.2975898738950491 7115853.4175898740068078
5 40199899.5642915517091751 40199689.6842915490269661 7116063.2975898738950491 7115853.4175898740068078
6 44765164.0809716284275055 44764954.2009716257452965 7116063.2975898738950491 7115853.4175898740068078
7 14339264.6018198467791080 14339054.7218198459595442 7116063.2975898738950491 7115853.4175898740068078
8 18585045.2876700945198536 18584835.4076700955629349 7116063.2975898738950491 7115853.4175898740068078
9 27840570.1258133202791214 27840360.2458133213222027 7116063.2975898738950491 7115853.4175898740068078
10 10498276.6070410124957561 10498066.7270410116761923 7116063.2975898738950491 7115853.4175898740068078
11 26465116.7869012244045734 26464906.9069012254476547 7116063.2975898738950491 7115853.4175898740068078
12 22066276.3726853840053082 22066066.4926853850483894 7116063.2975898738950491 7115853.4175898740068078
13 48010095.0241109654307365 48009885.1441109627485275 7116063.2975898738950491 7115853.4175898740068078
14 27916036.7057117968797684 27915826.8257117979228497 7116063.2975898738950491 7115853.4175898740068078
15 15901766.1602060869336128 15901556.2802060861140490 7116063.2975898738950491 7115853.4175898740068078
16 38628800.3097208887338638 38628590.4297208860516548 7116063.2975898738950491 7115853.4175898740068078
17 13029619.2017408367246389 13029409.3217408359050751 7116063.2975898738950491 7115853.4175898740068078
18 21202320.8427896909415722 21202110.9627896919846535 7116063.2975898738950491 7115853.4175898740068078
19 18229017.0638393349945545 18228807.1838393360376358 7116063.2975898738950491 7115853.4175898740068078
20 55933277.3857070952653885 55933067.5057070925831795 7116063.2975898738950491 7115853.4175898740068078
21 3016656.2444930165074766 3016446.3644930166192353 3016656.2444930165074766 3016446.3644930166192353
22 22696675.9747913330793381 22696466.0947913341224194 3016656.2444930165074766 3016446.3644930166192353
23 5718438.0811282647773623 5718228.2011282648891211 3016656.2444930165074766 3016446.3644930166192353
24 34580752.4181757420301437 34580542.5381757393479347 3016656.2444930165074766 3016446.3644930166192353
25 4611464.8613149393349886 4611254.9813149394467473 3016656.2444930165074766 3016446.3644930166192353
26 15668448.3848473448306322 15668238.5048473440110683 3016656.2444930165074766 3016446.3644930166192353
27 26700918.7965964749455452 26700708.9165964759886265 3016656.2444930165074766 3016446.3644930166192353
28 37566609.1659659743309021 37566399.2859659716486931 3016656.2444930165074766 3016446.3644930166192353
29 38751325.3107079863548279 38751115.4307079836726189 3016656.2444930165074766 3016446.3644930166192353
30 22486040.1196517683565617 22485830.2396517693996429 3016656.2444930165074766 3016446.3644930166192353
31 16758622.4027721546590328 16758412.5227721538394690 3016656.2444930165074766 3016446.3644930166192353
32 48508775.0463878959417343 48508565.1663878932595253 3016656.2444930165074766 3016446.3644930166192353
33 13594576.6477642003446817 13594366.7677641995251179 3016656.2444930165074766 3016446.3644930166192353
34 24760984.8985468819737434 24760775.0185468830168247 3016656.2444930165074766 3016446.3644930166192353
35 17866912.9914492182433605 17866703.1114492192864418 3016656.2444930165074766 3016446.3644930166192353
36 15073139.2339673098176718 15072929.3539673089981079 3016656.2444930165074766 3016446.3644930166192353
37 39697872.5309288427233696 39697662.6509288400411606 3016656.2444930165074766 3016446.3644930166192353
38 14080958.5052673611789942 14080748.6252673603594303 3016656.2444930165074766 3016446.3644930166192353
39 8176333.2603120235726237 8176123.3803120236843824 3016656.2444930165074766 3016446.3644930166192353
40 12290157.6659312248229980 12289947.7859312240034342 3016656.2444930165074766 3016446.3644930166192353
41 19525482.2267946526408195 19525272.3467946536839008 3016656.2444930165074766 3016446.3644930166192353
42 54745429.8070225939154625 54745219.9270225912332535 3016656.2444930165074766 3016446.3644930166192353
43 19015635.8538744077086449 19015425.9738744087517262 3016656.2444930165074766 3016446.3644930166192353
44 15365336.4062737133353949 15365126.5262737125158310 3016656.2444930165074766 3016446.3644930166192353
45 34953107.1021529212594032 34952897.2221529185771942 3016656.2444930165074766 3016446.3644930166192353
46 41052806.8587952554225922 41052596.9787952527403831 3016656.2444930165074766 3016446.3644930166192353
47 50192676.7522313892841339 50192466.8722313866019249 3016656.2444930165074766 3016446.3644930166192353
48 13165801.9540451504290104 13165592.0740451496094465 3016656.2444930165074766 3016446.3644930166192353
49 37649194.4489108622074127 37648984.5689108595252037 3016656.2444930165074766 3016446.3644930166192353
50 26466012.6952232792973518 26465802.8152232803404331 3016656.2444930165074766 3016446.3644930166192353
51 20545738.0279613509774208 20545528.1479613520205021 3016656.2444930165074766 3016446.3644930166192353
52 6802775.4558938154950738 6802565.5758938156068325 3016656.2444930165074766 3016446.3644930166192353
53 31652282.2218501418828964 31652072.3418501429259777 3016656.2444930165074766 3016446.3644930166192353
54 22044443.9535555653274059 22044234.0735555663704872 3016656.2444930165074766 3016446.3644930166192353
55 18823799.0749094225466251 18823589.1949094235897064 3016656.2444930165074766 3016446.3644930166192353
56 11538740.9622738510370255 11538531.0822738502174616 3016656.2444930165074766 3016446.3644930166192353
57 7926992.9479538341984153 7926783.0679538343101740 3016656.2444930165074766 3016446.3644930166192353
58 47702112.7148950099945068 47701902.8348950073122978 3016656.2444930165074766 3016446.3644930166192353
59 10354940.1915294285863638 10354730.3115294277667999 3016656.2444930165074766 3016446.3644930166192353
60 26353290.0651796907186508 26353080.1851796917617321 3016656.2444930165074766 3016446.3644930166192353
61 30769009.7139620967209339 30768799.8339620977640152 3016656.2444930165074766 3016446.3644930166192353
62 33082803.0005894750356674 33082593.1205894760787487 3016656.2444930165074766 3016446.3644930166192353
63 9067439.7132922522723675 9067229.8332922514528036 3016656.2444930165074766 3016446.3644930166192353
64 20500606.6872469149529934 20500396.8072469159960747 3016656.2444930165074766 3016446.3644930166192353
65 54484135.0182110667228699 54483925.1382110640406609 3016656.2444930165074766 3016446.3644930166192353
66 3367873.4522021771408617 3367663.5722021772526205 3016656.2444930165074766 3016446.3644930166192353
67 14306766.6146278008818626 14306556.7346278000622988 3016656.2444930165074766 3016446.3644930166192353
68 33634748.8748469352722168 33634538.9948469325900078 3016656.2444930165074766 3016446.3644930166192353
69 45885062.6186691448092461 45884852.7386691421270370 3016656.2444930165074766 3016446.3644930166192353
70 22267698.2013480737805367 22267488.3213480748236179 3016656.2444930165074766 3016446.3644930166192353
71 52680276.5989464893937111 52680066.7189464867115021 3016656.2444930165074766 3016446.3644930166192353
72 10367800.1162506118416786 10367590.2362506110221148 3016656.2444930165074766 3016446.3644930166192353
73 30734619.2369480654597282 30734409.3569480665028095 3016656.2444930165074766 3016446.3644930166192353
74 20219556.4291788227856159 20219346.5491788238286972 3016656.2444930165074766 3016446.3644930166192353
75 64625563.0749559998512268 64625353.1949559971690178 3016656.2444930165074766 3016446.3644930166192353
76 11022841.9633159842342138 11022632.0833159834146500 3016656.2444930165074766 3016446.3644930166192353
77 56277115.8750279843807220 56276905.9950279816985130 3016656.2444930165074766 3016446.3644930166192353
78 55506873.7336787730455399 55506663.8536787703633308 3016656.2444930165074766 3016446.3644930166192353
79 16402475.7043884005397558 16402265.8243883997201920 3016656.2444930165074766 3016446.3644930166192353
80 38163099.2130975872278214 38162889.3330975845456123 3016656.2444930165074766 3016446.3644930166192353
81 51991714.7340180426836014 51991504.8540180400013924 3016656.2444930165074766 3016446.3644930166192353
82 41783699.2483274936676025 41783489.3683274909853935 3016656.2444930165074766 3016446.3644930166192353
83 43925241.3461885079741478 43925031.4661885052919388 3016656.2444930165074766 3016446.3644930166192353
84 8973615.4925656784325838 8973405.6125656776130199 3016656.2444930165074766 3016446.3644930166192353
85 19850280.9349844753742218 19850071.0549844764173031 3016656.2444930165074766 3016446.3644930166192353
86 15471555.1005869656801224 15471345.2205869648605585 3016656.2444930165074766 3016446.3644930166192353
87 14212684.8856249712407589 14212475.0056249704211950 3016656.2444930165074766 3016446.3644930166192353
88 22155134.7311706356704235 22154924.8511706367135048 3016656.2444930165074766 3016446.3644930166192353
89 53236841.8489145413041115 53236631.9689145386219025 3016656.2444930165074766 3016446.3644930166192353
90 3919537.5637245723046362 3919327.6837245724163949 3016656.2444930165074766 3016446.3644930166192353
91 13554985.0722455624490976 13554775.1922455616295338 3016656.2444930165074766 3016446.3644930166192353
92 19253857.4347910396754742 19253647.5547910407185555 3016656.2444930165074766 3016446.3644930166192353
93 10596164.4381039571017027 10595954.5581039562821388 3016656.2444930165074766 3016446.3644930166192353
94 18324659.9979865141212940 18324450.1179865151643753 3016656.2444930165074766 3016446.3644930166192353
95 20514999.9810492992401123 20514790.1010493002831936 3016656.2444930165074766 3016446.3644930166192353
96 23695169.8343789353966713 23694959.9543789364397526 3016656.2444930165074766 3016446.3644930166192353
97 45912276.1265381798148155 45912066.2465381771326065 3016656.2444930165074766 3016446.3644930166192353
98 7964568.5311274938285351 7964358.6511274939402938 3016656.2444930165074766 3016446.3644930166192353
99 24118383.2941152676939964 24118173.4141152687370777 3016656.2444930165074766 3016446.3644930166192353
100 13887786.6213956773281097 13887576.7413956765085459 3016656.2444930165074766 3016446.3644930166192353
101 23484674.1254792995750904 23484464.2454793006181717 3016656.2444930165074766 3016446.3644930166192353
102 59702353.1172893047332764 59702143.2372893020510674 3016656.2444930165074766 3016446.3644930166192353
103 14001792.4028977304697037 14001582.5228977296501398 3016656.2444930165074766 3016446.3644930166192353
104 16420863.2069354876875877 16420653.3269354868680239 3016656.2444930165074766 3016446.3644930166192353
105 8353849.4277842296287417 8353639.5477842297405005 3016656.2444930165074766 3016446.3644930166192353
106 11056817.0978140532970428 11056607.2178140524774790 3016656.2444930165074766 3016446.3644930166192353
107 30961580.4257431067526340 30961370.5457431077957153 3016656.2444930165074766 3016446.3644930166192353
108 12599053.5396997630596161 12598843.6596997622400522 3016656.2444930165074766 3016446.3644930166192353
109 41966364.2160621359944344 41966154.3360621333122253 3016656.2444930165074766 3016446.3644930166192353
110 48742008.1947216093540192 48741798.3147216066718102 3016656.2444930165074766 3016446.3644930166192353
111 4167681.0365586625412107 4167471.1565586626529694 3016656.2444930165074766 3016446.3644930166192353
112 16423066.0115675330162048 16422856.1315675321966410 3016656.2444930165074766 3016446.3644930166192353
113 26807452.7944678962230682 26807242.9144678972661495 3016656.2444930165074766 3016446.3644930166192353
114 8529411.0231254063546658 8529201.1431254055351019 3016656.2444930165074766 3016446.3644930166192353
115 34656265.5812132358551025 34656055.7012132331728935 3016656.2444930165074766 3016446.3644930166192353
116 8823038.8191877994686365 8822828.9391877986490726 3016656.2444930165074766 3016446.3644930166192353
117 15378373.9439130276441574 15378164.0639130268245935 3016656.2444930165074766 3016446.3644930166192353
118 24533353.6656477525830269 24533143.7856477536261082 3016656.2444930165074766 3016446.3644930166192353
119 21426881.4132605344057083 21426671.5332605354487896 3016656.2444930165074766 3016446.3644930166192353
120 17581267.5621364787220955 17581057.6821364797651768 3016656.2444930165074766 3016446.3644930166192353
121 32319470.1487354189157486 32319260.2687354199588299 3016656.2444930165074766 3016446.3644930166192353
122 4608641.0521345399320126 4608431.1721345400437713 3016656.2444930165074766 3016446.3644930166192353
123 46538880.3027957156300545 46538670.4227957129478455 3016656.2444930165074766 3016446.3644930166192353
124 2690006.9694967931136489 2689797.0894967932254076 2690006.9694967931136489 2689797.0894967932254076
125 50405781.9884295612573624 50405572.1084295585751534 2690006.9694967931136489 2689797.0894967932254076
126 8343377.3452860238030553 8343167.4652860239148140 2690006.9694967931136489 2689797.0894967932254076
127 13331533.7252831179648638 13331323.8452831171452999 2690006.9694967931136489 2689797.0894967932254076
128 9529894.0533057488501072 9529684.1733057480305433 2690006.9694967931136489 2689797.0894967932254076
129 14353645.3245807122439146 14353435.4445807114243507 2690006.9694967931136489 2689797.0894967932254076
130 13879568.3141555562615395 13879358.4341555554419756 2690006.9694967931136489 2689797.0894967932254076
131 2923317.8442306742072105 2923107.9642306743189692 2690006.9694967931136489 2689797.0894967932254076
132 19259798.0619093254208565 19259588.1819093264639378 2690006.9694967931136489 2689797.0894967932254076
133 10620290.2986908573657274 10620080.4186908565461636 2690006.9694967931136489 2689797.0894967932254076
134 11651394.4894830025732517 11651184.6094830017536879 2690006.9694967931136489 2689797.0894967932254076
135 43845518.8562907502055168 43845308.9762907475233078 2690006.9694967931136489 2689797.0894967932254076
136 9076377.2758198864758015 9076167.3958198856562376 2690006.9694967931136489 2689797.0894967932254076
137 17515386.1394573263823986 17515176.2594573274254799 2690006.9694967931136489 2689797.0894967932254076
138 5269707.4384175203740597 5269497.5584175204858184 2690006.9694967931136489 2689797.0894967932254076
139 26735786.3613436147570610 26735576.4813436158001423 2690006.9694967931136489 2689797.0894967932254076
140 3939665.1192390164360404 3939455.2392390165477991 2690006.9694967931136489 2689797.0894967932254076
141 20025851.7465059459209442 20025641.8665059469640255 2690006.9694967931136489 2689797.0894967932254076
142 15395353.2811401244252920 15395143.4011401236057281 2690006.9694967931136489 2689797.0894967932254076
143 9081900.6370688155293465 9081690.7570688147097826 2690006.9694967931136489 2689797.0894967932254076
144 14666890.1167113445699215 14666680.2367113437503576 2690006.9694967931136489 2689797.0894967932254076
145 9737659.6831033211201429 9737449.8031033203005791 2690006.9694967931136489 2689797.0894967932254076
146 33767915.7447617948055267 33767705.8647617921233177 2690006.9694967931136489 2689797.0894967932254076
147 10954806.5696769729256630 10954596.6896769721060991 2690006.9694967931136489 2689797.0894967932254076
148 42197764.5422486290335655 42197554.6622486263513565 2690006.9694967931136489 2689797.0894967932254076
149 31951450.5349768884480000 31951240.6549768894910812 2690006.9694967931136489 2689797.0894967932254076
150 12158057.3097753282636404 12157847.4297753274440765 2690006.9694967931136489 2689797.0894967932254076
151 33845459.9470658674836159 33845250.0670658648014069 2690006.9694967931136489 2689797.0894967932254076
152 32742948.8855165690183640 32742739.0055165700614452 2690006.9694967931136489 2689797.0894967932254076
153 50814700.7826912701129913 50814490.9026912674307823 2690006.9694967931136489 2689797.0894967932254076
154 6012998.1722413161769509 6012788.2922413162887096 2690006.9694967931136489 2689797.0894967932254076
155 43200815.9487188905477524 43200606.0687188878655434 2690006.9694967931136489 2689797.0894967932254076
156 10471399.4273194856941700 10471189.5473194848746061 2690006.9694967931136489 2689797.0894967932254076
157 18578629.9191450960934162 18578420.0391450971364975 2690006.9694967931136489 2689797.0894967932254076
158 15785223.2763821296393871 15785013.3963821288198233 2690006.9694967931136489 2689797.0894967932254076
159 21633154.0536821484565735 21632944.1736821494996548 2690006.9694967931136489 2689797.0894967932254076
160 12955792.1604721415787935 12955582.2804721407592297 2690006.9694967931136489 2689797.0894967932254076
161 9786617.6999101266264915 9786407.8199101258069277 2690006.9694967931136489 2689797.0894967932254076
162 14505156.8103957027196884 14504946.9303957019001245 2690006.9694967931136489 2689797.0894967932254076
163 43649790.4924309998750687 43649580.6124309971928596 2690006.9694967931136489 2689797.0894967932254076
164 10903345.3007528614252806 10903135.4207528606057167 2690006.9694967931136489 2689797.0894967932254076
165 19977183.7830515876412392 19976973.9030515886843204 2690006.9694967931136489 2689797.0894967932254076
166 13945573.4629426486790180 13945363.5829426478594542 2690006.9694967931136489 2689797.0894967932254076
167 23642539.1525784060359001 23642329.2725784070789814 2690006.9694967931136489 2689797.0894967932254076
168 28136579.9026249982416630 28136370.0226249992847443 2690006.9694967931136489 2689797.0894967932254076
169 54388855.5814198106527328 54388645.7014198079705238 2690006.9694967931136489 2689797.0894967932254076
170 14019567.0823650248348713 14019357.2023650240153074 2690006.9694967931136489 2689797.0894967932254076
171 15325292.3799525331705809 15325082.4999525323510170 2690006.9694967931136489 2689797.0894967932254076
172 27464400.2146710529923439 27464190.3346710540354252 2690006.9694967931136489 2689797.0894967932254076
173 39302205.4549953565001488 39301995.5749953538179398 2690006.9694967931136489 2689797.0894967932254076
174 9484900.7948026675730944 9484690.9148026667535305 2690006.9694967931136489 2689797.0894967932254076
175 26364930.0077302940189838 26364720.1277302950620651 2690006.9694967931136489 2689797.0894967932254076
176 37747718.7415124028921127 37747508.8615124002099037 2690006.9694967931136489 2689797.0894967932254076
177 11920302.0721466708928347 11920092.1921466700732708 2690006.9694967931136489 2689797.0894967932254076
178 9411499.6621039099991322 9411289.7821039091795683 2690006.9694967931136489 2689797.0894967932254076
179 15498404.0185046829283237 15498194.1385046821087599 2690006.9694967931136489 2689797.0894967932254076
180 26430693.1028817519545555 26430483.2228817529976368 2690006.9694967931136489 2689797.0894967932254076
181 16995894.5143791325390339 16995684.6343791335821152 2690006.9694967931136489 2689797.0894967932254076
182 34080721.5184756740927696 34080511.6384756714105606 2690006.9694967931136489 2689797.0894967932254076
183 24164589.6897808499634266 24164379.8097808510065079 2690006.9694967931136489 2689797.0894967932254076
184 29542686.5110536776483059 29542476.6310536786913872 2690006.9694967931136489 2689797.0894967932254076
185 17275762.1350914090871811 17275552.2550914101302624 2690006.9694967931136489 2689797.0894967932254076
186 68073645.2739583402872086 68073435.3939583450555801 2690006.9694967931136489 2689797.0894967932254076
187 35978528.5080355480313301 35978318.6280355453491211 2690006.9694967931136489 2689797.0894967932254076
188 12067770.9741278346627951 12067561.0941278338432312 2690006.9694967931136489 2689797.0894967932254076
189 8900355.9035961739718914 8900146.0235961731523275 2690006.9694967931136489 2689797.0894967932254076
190 51665203.4986762404441833 51664993.6186762377619743 2690006.9694967931136489 2689797.0894967932254076
191 11421676.5122731514275074 11421466.6322731506079435 2690006.9694967931136489 2689797.0894967932254076
192 36127654.7078894525766373 36127444.8278894498944283 2690006.9694967931136489 2689797.0894967932254076
193 34101700.0167280063033104 34101490.1367280036211014 2690006.9694967931136489 2689797.0894967932254076
194 16269340.0149314478039742 16269130.1349314469844103 2690006.9694967931136489 2689797.0894967932254076
195 33195997.0206312276422977 33195787.1406312286853790 2690006.9694967931136489 2689797.0894967932254076
196 10795740.8091836404055357 10795530.9291836395859718 2690006.9694967931136489 2689797.0894967932254076
197 8568945.4197861943393946 8568735.5397861935198307 2690006.9694967931136489 2689797.0894967932254076
198 11036020.3845648840069771 11035810.5045648831874132 2690006.9694967931136489 2689797.0894967932254076
199 30717446.0141654983162880 30717236.1341654993593693 2690006.9694967931136489 2689797.0894967932254076
200 5707023.7671211957931519 5706813.8871211959049106 2690006.9694967931136489 2689797.0894967932254076
201 34531752.9832808822393417 34531543.1032808795571327 2690006.9694967931136489 2689797.0894967932254076
202 1650735.4778747651726007 1650525.5978747652843595 1650735.4778747651726007 1650525.5978747652843595
203 5725874.0290591400116682 5725664.1490591401234269 1650735.4778747651726007 1650525.5978747652843595
204 5006359.5549361761659384 5006149.6749361762776971 1650735.4778747651726007 1650525.5978747652843595
205 8002202.4036431200802326 8001992.5236431201919913 1650735.4778747651726007 1650525.5978747652843595
206 45633619.9393714517354965 45633410.0593714490532875 1650735.4778747651726007 1650525.5978747652843595
207 23149566.0590885840356350 23149356.1790885850787163 1650735.4778747651726007 1650525.5978747652843595
208 10282210.0730214528739452 10282000.1930214520543814 1650735.4778747651726007 1650525.5978747652843595
209 10051211.1887936927378178 10051001.3087936919182539 1650735.4778747651726007 1650525.5978747652843595
210 19814249.9853673279285431 19814040.1053673289716244 1650735.4778747651726007 1650525.5978747652843595
211 16996892.7534566819667816 16996682.8734566830098629 1650735.4778747651726007 1650525.5978747652843595
212 15071112.9785315413028002 15070903.0985315404832363 1650735.4778747651726007 1650525.5978747652843595
213 3405525.9860022962093353 3405316.1060022963210940 1650735.4778747651726007 1650525.5978747652843595
214 18279331.4217238575220108 18279121.5417238585650921 1650735.4778747651726007 1650525.5978747652843595
215 5783296.7963074622675776 5783086.9163074623793364 1650735.4778747651726007 1650525.5978747652843595
216 13054499.1876422781497240 13054289.3076422773301601 1650735.4778747651726007 1650525.5978747652843595
217 13958537.9750405792146921 13958328.0950405783951283 1650735.4778747651726007 1650525.5978747652843595
218 21206780.8177673630416393 21206570.9377673640847206 1650735.4778747651726007 1650525.5978747652843595
219 14717430.1839497536420822 14717220.3039497528225183 1650735.4778747651726007 1650525.5978747652843595
220 24165947.3384328037500381 24165737.4584328047931194 1650735.4778747651726007 1650525.5978747652843595
221 8737818.4694268591701984 8737608.5894268583506346 1650735.4778747651726007 1650525.5978747652843595
222 56159075.9624304026365280 56158866.0824303999543190 1650735.4778747651726007 1650525.5978747652843595
223 19493465.5634427592158318 19493255.6834427602589130 1650735.4778747651726007 1650525.5978747652843595
224 20188094.1360902003943920 20187884.2560902014374733 1650735.4778747651726007 1650525.5978747652843595
225 20285132.7828143350780010 20284922.9028143361210823 1650735.4778747651726007 1650525.5978747652843595
226 20934757.1342592351138592 20934547.2542592361569405 1650735.4778747651726007 1650525.5978747652843595
227 34890612.8576044812798500 34890402.9776044785976410 1650735.4778747651726007 1650525.5978747652843595
228 10123202.5156391710042953 10122992.6356391701847315 1650735.4778747651726007 1650525.5978747652843595
229 25631763.7222538143396378 25631553.8422538153827190 1650735.4778747651726007 1650525.5978747652843595
230 11260848.2479196917265654 11260638.3679196909070015 1650735.4778747651726007 1650525.5978747652843595
231 30222308.4790880605578423 30222098.5990880616009235 1650735.4778747651726007 1650525.5978747652843595
232 6680970.7858335589990020 6680760.9058335591107607 1650735.4778747651726007 1650525.5978747652843595
233 17469064.5167002081871033 17468854.6367002092301846 1650735.4778747651726007 1650525.5978747652843595
234 19342481.1629445552825928 19342271.2829445563256741 1650735.4778747651726007 1650525.5978747652843595
235 42859052.1197051256895065 42858842.2397051230072975 1650735.4778747651726007 1650525.5978747652843595
236 14037629.8474343586713076 14037419.9674343578517437 1650735.4778747651726007 1650525.5978747652843595
237 35959501.9359713643789291 35959292.0559713616967201 1650735.4778747651726007 1650525.5978747652843595
238 20236403.8637237474322319 20236193.9837237484753132 1650735.4778747651726007 1650525.5978747652843595
239 15111676.7602847088128328 15111466.8802847079932690 1650735.4778747651726007 1650525.5978747652843595
240 7501772.2030338775366545 7501562.3230338776484132 1650735.4778747651726007 1650525.5978747652843595
241 34108719.5219274684786797 34108509.6419274657964706 1650735.4778747651726007 1650525.5978747652843595
242 3273034.6946445414796472 3272824.8146445415914059 1650735.4778747651726007 1650525.5978747652843595
243 30319815.6138122901320457 30319605.7338122911751270 1650735.4778747651726007 1650525.5978747652843595
244 38815809.4520482271909714 38815599.5720482245087624 1650735.4778747651726007 1650525.5978747652843595
245 6811181.9334895610809326 6810972.0534895611926913 1650735.4778747651726007 1650525.5978747652843595
246 39466318.5122875869274139 39466108.6322875842452049 1650735.4778747651726007 1650525.5978747652843595
247 4155332.6203593285754323 4155122.7403593286871910 1650735.4778747651726007 1650525.5978747652843595
248 17630772.3134043142199516 17630562.4334043152630329 1650735.4778747651726007 1650525.5978747652843595
249 5574853.9494444075971842 5574644.0694444077089429 1650735.4778747651726007 1650525.5978747652843595
250 45512907.3816492930054665 45512697.5016492903232574 1650735.4778747651726007 1650525.5978747652843595
251 12279821.3544148690998554 12279611.4744148682802916 1650735.4778747651726007 1650525.5978747652843595
252 45986286.9990144297480583 45986077.1190144270658493 1650735.4778747651726007 1650525.5978747652843595
253 40187454.7215434014797211 40187244.8415433987975121 1650735.4778747651726007 1650525.5978747652843595
254 23629219.2636863850057125 23629009.3836863860487938 1650735.4778747651726007 1650525.5978747652843595
255 7348264.8775765318423510 7348054.9975765319541097 1650735.4778747651726007 1650525.5978747652843595
256 52879117.8842773884534836 52878908.0042773857712746 1650735.4778747651726007 1650525.5978747652843595
257 46549493.0417385026812553 46549283.1617384999990463 1650735.4778747651726007 1650525.5978747652843595
258 23598041.4979068413376808 23597831.6179068423807621 1650735.4778747651726007 1650525.5978747652843595
259 4324018.0396382967010140 4323808.1596382968127728 1650735.4778747651726007 1650525.5978747652843595
260 6423712.3877457138150930 6423502.5077457139268517 1650735.4778747651726007 1650525.5978747652843595
261 28336392.9929984733462334 28336183.1129984743893147 1650735.4778747651726007 1650525.5978747652843595
262 12775037.0889825057238340 12774827.2089825049042702 1650735.4778747651726007 1650525.5978747652843595
263 14128512.3059469424188137 14128302.4259469415992498 1650735.4778747651726007 1650525.5978747652843595
264 20928996.4508399739861488 20928786.5708399750292301 1650735.4778747651726007 1650525.5978747652843595
265 14579562.4298371840268373 14579352.5498371832072735 1650735.4778747651726007 1650525.5978747652843595
266 16887584.4914444088935852 16887374.6114444099366665 1650735.4778747651726007 1650525.5978747652843595
267 11566998.2997416965663433 11566788.4197416957467794 1650735.4778747651726007 1650525.5978747652843595
268 12196429.2312440741807222 12196219.3512440733611584 1650735.4778747651726007 1650525.5978747652843595
269 8458206.7898405659943819 8457996.9098405651748180 1650735.4778747651726007 1650525.5978747652843595
270 43263281.0585699379444122 43263071.1785699352622032 1650735.4778747651726007 1650525.5978747652843595
271 17948786.1540694460272789 17948576.2740694470703602 1650735.4778747651726007 1650525.5978747652843595
272 44397679.3010152801871300 44397469.4210152775049210 1650735.4778747651726007 1650525.5978747652843595
273 20567053.9650602638721466 20566844.0850602649152279 1650735.4778747651726007 1650525.5978747652843595
274 23061104.2223532795906067 23060894.3423532806336880 1650735.4778747651726007 1650525.5978747652843595
275 11567364.3963939696550369 11567154.5163939688354731 1650735.4778747651726007 1650525.5978747652843595
276 10189269.8446578420698643 10189059.9646578412503004 1650735.4778747651726007 1650525.5978747652843595
277 47306066.4107207655906677 47305856.5307207629084587 1650735.4778747651726007 1650525.5978747652843595
278 11335932.6488359346985817 11335722.7688359338790178 1650735.4778747651726007 1650525.5978747652843595
279 38782486.7533490359783173 38782276.8733490332961082 1650735.4778747651726007 1650525.5978747652843595
280 39245902.6517934128642082 39245692.7717934101819992 1650735.4778747651726007 1650525.5978747652843595
281 47851905.0082515925168991 47851695.1282515898346901 1650735.4778747651726007 1650525.5978747652843595
282 9012040.7589462511241436 9011830.8789462503045797 1650735.4778747651726007 1650525.5978747652843595
283 8585757.4019501861184835 8585547.5219501852989197 1650735.4778747651726007 1650525.5978747652843595
284 17326491.8872789815068245 17326282.0072789825499058 1650735.4778747651726007 1650525.5978747652843595
285 34252783.7589242532849312 34252573.8789242506027222 1650735.4778747651726007 1650525.5978747652843595
286 9903179.1494116671383381 9902969.2694116663187742 1650735.4778747651726007 1650525.5978747652843595
287 35917243.2418314740061760 35917033.3618314713239670 1650735.4778747651726007 1650525.5978747652843595
288 9898098.7967959754168987 9897888.9167959745973349 1650735.4778747651726007 1650525.5978747652843595
289 44468213.2819249257445335 44468003.4019249230623245 1650735.4778747651726007 1650525.5978747652843595
290 59357310.5954148769378662 59357100.7154148742556572 1650735.4778747651726007 1650525.5978747652843595
291 16688406.1158141978085041 16688196.2358141969889402 1650735.4778747651726007 1650525.5978747652843595
292 11372536.5140164997428656 11372326.6340164989233017 1650735.4778747651726007 1650525.5978747652843595
293 6088301.7601955011487007 6088091.8801955012604594 1650735.4778747651726007 1650525.5978747652843595
294 40230351.8846385776996613 40230142.0046385750174522 1650735.4778747651726007 1650525.5978747652843595
295 18827348.3790934309363365 18827138.4990934319794178 1650735.4778747651726007 1650525.5978747652843595
296 3741621.6575880325399339 3741411.7775880326516926 1650735.4778747651726007 1650525.5978747652843595
297 16915392.9006110839545727 16915183.0206110849976540 1650735.4778747651726007 1650525.5978747652843595
298 21692457.1497788093984127 21692247.2697788104414940 1650735.4778747651726007 1650525.5978747652843595
299 12588622.0856175385415554 12588412.2056175377219915 1650735.4778747651726007 1650525.5978747652843595
300 40877860.6332040354609489 40877650.7532040327787399 1650735.4778747651726007 1650525.5978747652843595
301 3176647.3303847224451602 3176437.4503847225569189 1650735.4778747651726007 1650525.5978747652843595
302 31417052.4345800951123238 31416842.5545800961554050 1650735.4778747651726007 1650525.5978747652843595
303 18110175.0926361866295338 18109965.2126361876726151 1650735.4778747651726007 1650525.5978747652843595
304 33246381.4650889784097672 33246171.5850889794528484 1650735.4778747651726007 1650525.5978747652843595
305 15506082.6324262991547585 15505872.7524262983351946 1650735.4778747651726007 1650525.5978747652843595
306 1513235.4058434381149709 1513025.5258434382267296 1513235.4058434381149709 1513025.5258434382267296
307 4044883.1690172720700502 4044673.2890172721818089 1513235.4058434381149709 1513025.5258434382267296
308 9665500.2507374957203865 9665290.3707374949008226 1513235.4058434381149709 1513025.5258434382267296
309 14308938.5638702884316444 14308728.6838702876120806 1513235.4058434381149709 1513025.5258434382267296
310 2473512.5318435439839959 2473302.6518435440957546 1513235.4058434381149709 1513025.5258434382267296
311 9740669.2449777908623219 9740459.3649777900427580 1513235.4058434381149709 1513025.5258434382267296
312 15209825.3965799156576395 15209615.5165799148380756 1513235.4058434381149709 1513025.5258434382267296
313 47803661.7279145419597626 47803451.8479145392775536 1513235.4058434381149709 1513025.5258434382267296
314 34689222.3177555352449417 34689012.4377555325627327 1513235.4058434381149709 1513025.5258434382267296
315 12032415.0614672340452671 12032205.1814672332257032 1513235.4058434381149709 1513025.5258434382267296
316 16922130.9501368179917336 16921921.0701368190348148 1513235.4058434381149709 1513025.5258434382267296
317 35445739.9710577875375748 35445530.0910577848553658 1513235.4058434381149709 1513025.5258434382267296
318 9333686.8858049698174000 9333477.0058049689978361 1513235.4058434381149709 1513025.5258434382267296
319 6795554.3791780993342400 6795344.4991780994459987 1513235.4058434381149709 1513025.5258434382267296
320 18281719.2650477886199951 18281509.3850477896630764 1513235.4058434381149709 1513025.5258434382267296
321 11298169.0422566551715136 11297959.1622566543519497 1513235.4058434381149709 1513025.5258434382267296
322 45009413.2706811577081680 45009203.3906811550259590 1513235.4058434381149709 1513025.5258434382267296
323 9558382.1444953326135874 9558172.2644953317940235 1513235.4058434381149709 1513025.5258434382267296
324 24552591.8617820180952549 24552381.9817820191383362 1513235.4058434381149709 1513025.5258434382267296
325 7205200.5202436074614525 7204990.6402436075732112 1513235.4058434381149709 1513025.5258434382267296
326 4382661.7622493794187903 4382451.8822493795305490 1513235.4058434381149709 1513025.5258434382267296
327 27569042.3555037789046764 27568832.4755037799477577 1513235.4058434381149709 1513025.5258434382267296
328 9801127.0353261083364487 9800917.1553261075168848 1513235.4058434381149709 1513025.5258434382267296
329 26299574.9236291013658047 26299365.0436291024088860 1513235.4058434381149709 1513025.5258434382267296
330 2069717.6549517228268087 2069507.7749517229385674 1513235.4058434381149709 1513025.5258434382267296
331 10432890.4813781846314669 10432680.6013781838119030 1513235.4058434381149709 1513025.5258434382267296
332 21288436.1960978731513023 21288226.3160978741943836 1513235.4058434381149709 1513025.5258434382267296
333 7024655.4418136477470398 7024445.5618136478587985 1513235.4058434381149709 1513025.5258434382267296
334 37008179.5521948188543320 37007969.6721948161721230 1513235.4058434381149709 1513025.5258434382267296
335 6177180.7502559265121818 6176970.8702559266239405 1513235.4058434381149709 1513025.5258434382267296
336 9615154.6161423008888960 9614944.7361423000693321 1513235.4058434381149709 1513025.5258434382267296
337 10037380.2590397447347641 10037170.3790397439152002 1513235.4058434381149709 1513025.5258434382267296
338 17861094.7662763558328152 17860884.8862763568758965 1513235.4058434381149709 1513025.5258434382267296
339 18298397.2689838185906410 18298187.3889838196337223 1513235.4058434381149709 1513025.5258434382267296
340 9736226.4784952923655510 9736016.5984952915459871 1513235.4058434381149709 1513025.5258434382267296
341 49285187.6731285601854324 49284977.7931285575032234 1513235.4058434381149709 1513025.5258434382267296
342 13454397.5750763285905123 13454187.6950763277709484 1513235.4058434381149709 1513025.5258434382267296
343 6474564.5168692013248801 6474354.6368692014366388 1513235.4058434381149709 1513025.5258434382267296
344 23996217.2111219987273216 23996007.3311219997704029 1513235.4058434381149709 1513025.5258434382267296
345 2135331.6116544613614678 2135121.7316544614732265 1513235.4058434381149709 1513025.5258434382267296
346 12694257.4921742342412472 12694047.6121742334216833 1513235.4058434381149709 1513025.5258434382267296
347 4135604.2212714226916432 4135394.3412714228034019 1513235.4058434381149709 1513025.5258434382267296
348 10747697.0910444445908070 10747487.2110444437712431 1513235.4058434381149709 1513025.5258434382267296
349 37908971.0540767312049866 37908761.1740767285227776 1513235.4058434381149709 1513025.5258434382267296
350 18140510.7875526435673237 18140300.9075526446104050 1513235.4058434381149709 1513025.5258434382267296
351 60114248.4072961956262589 60114038.5272961929440498 1513235.4058434381149709 1513025.5258434382267296
352 33732969.3997882977128029 33732759.5197882950305939 1513235.4058434381149709 1513025.5258434382267296
353 6920329.4859934318810701 6920119.6059934319928288 1513235.4058434381149709 1513025.5258434382267296
354 8220850.7373872939497232 8220640.8573872940614820 1513235.4058434381149709 1513025.5258434382267296
355 16932798.7637910172343254 16932588.8837910182774067 1513235.4058434381149709 1513025.5258434382267296
356 6687077.8353117490187287 6686867.9553117491304874 1513235.4058434381149709 1513025.5258434382267296
357 8071915.3823268767446280 8071705.5023268768563867 1513235.4058434381149709 1513025.5258434382267296
358 10821071.5251052267849445 10820861.6451052259653807 1513235.4058434381149709 1513025.5258434382267296
359 4238926.8079285304993391 4238716.9279285306110978 1513235.4058434381149709 1513025.5258434382267296
360 7333753.7252438385039568 7333543.8452438386157155 1513235.4058434381149709 1513025.5258434382267296
361 11119178.5387624483555555 11118968.6587624475359917 1513235.4058434381149709 1513025.5258434382267296
362 39075535.9484326541423798 39075326.0684326514601707 1513235.4058434381149709 1513025.5258434382267296
363 11636971.2297923825681210 11636761.3497923817485571 1513235.4058434381149709 1513025.5258434382267296
364 33721750.8043761700391769 33721540.9243761673569679 1513235.4058434381149709 1513025.5258434382267296
365 19103897.8316825889050961 19103687.9516825899481773 1513235.4058434381149709 1513025.5258434382267296
366 9865867.6920003481209278 9865657.8120003473013639 1513235.4058434381149709 1513025.5258434382267296
367 8746855.8304728921502829 8746645.9504728913307190 1513235.4058434381149709 1513025.5258434382267296
368 17149140.2478417567908764 17148930.3678417578339577 1513235.4058434381149709 1513025.5258434382267296
369 17683127.8982127793133259 17682918.0182127803564072 1513235.4058434381149709 1513025.5258434382267296
370 36046987.7647273242473602 36046777.8847273215651512 1513235.4058434381149709 1513025.5258434382267296
371 62339782.5581986457109451 62339572.6781986430287361 1513235.4058434381149709 1513025.5258434382267296
372 15174437.8056686669588089 15174227.9256686661392450 1513235.4058434381149709 1513025.5258434382267296
373 33270293.5966923423111439 33270083.7166923433542252 1513235.4058434381149709 1513025.5258434382267296
374 13811363.3786640595644712 13811153.4986640587449074 1513235.4058434381149709 1513025.5258434382267296
375 5884434.1879875529557467 5884224.3079875530675054 1513235.4058434381149709 1513025.5258434382267296
376 21150914.5559382885694504 21150704.6759382896125317 1513235.4058434381149709 1513025.5258434382267296
377 14314520.6219915933907032 14314310.7419915925711393 1513235.4058434381149709 1513025.5258434382267296
378 15113396.3246870338916779 15113186.4446870330721140 1513235.4058434381149709 1513025.5258434382267296
379 13091237.1659028027206659 13091027.2859028019011021 1513235.4058434381149709 1513025.5258434382267296
380 7881635.5359768019989133 7881425.6559768021106720 1513235.4058434381149709 1513025.5258434382267296
381 21568631.7102949433028698 21568421.8302949443459511 1513235.4058434381149709 1513025.5258434382267296
382 7445408.4619445046409965 7445198.5819445047527552 1513235.4058434381149709 1513025.5258434382267296
383 11518220.2073638737201691 11518010.3273638729006052 1513235.4058434381149709 1513025.5258434382267296
384 11550708.7785690575838089 11550498.8985690567642450 1513235.4058434381149709 1513025.5258434382267296
385 18545931.5551301054656506 18545721.6751301065087318 1513235.4058434381149709 1513025.5258434382267296
386 20844534.3059608303010464 20844324.4259608313441277 1513235.4058434381149709 1513025.5258434382267296
387 12512534.3190475944429636 12512324.4390475936233997 1513235.4058434381149709 1513025.5258434382267296
388 3623493.2384250899776816 3623283.3584250900894403 1513235.4058434381149709 1513025.5258434382267296
389 40372456.5411280319094658 40372246.6611280292272568 1513235.4058434381149709 1513025.5258434382267296
390 13602554.4183165803551674 13602344.5383165795356035 1513235.4058434381149709 1513025.5258434382267296
391 7763293.5733498241752386 7763083.6933498242869973 1513235.4058434381149709 1513025.5258434382267296
392 20221124.9767235293984413 20220915.0967235304415226 1513235.4058434381149709 1513025.5258434382267296
393 26229044.5372347310185432 26228834.6572347320616245 1513235.4058434381149709 1513025.5258434382267296
394 14773432.6950998902320862 14773222.8150998894125223 1513235.4058434381149709 1513025.5258434382267296
395 14381317.5735897086560726 14381107.6935897078365088 1513235.4058434381149709 1513025.5258434382267296
396 22575398.5755897350609303 22575188.6955897361040115 1513235.4058434381149709 1513025.5258434382267296
397 6238260.1995921945199370 6238050.3195921946316957 1513235.4058434381149709 1513025.5258434382267296
398 47859461.5908034369349480 47859251.7108034342527390 1513235.4058434381149709 1513025.5258434382267296
399 11916586.3923879340291023 11916376.5123879332095385 1513235.4058434381149709 1513025.5258434382267296
400 26048921.5531587414443493 26048711.6731587424874306 1513235.4058434381149709 1513025.5258434382267296
401 8340177.8081020079553127 8339967.9281020080670714 1513235.4058434381149709 1513025.5258434382267296
402 8855721.4261388108134270 8855511.5461388099938631 1513235.4058434381149709 1513025.5258434382267296
403 25936293.1274536661803722 25936083.2474536672234535 1513235.4058434381149709 1513025.5258434382267296
404 7504782.1373603520914912 7504572.2573603522032499 1513235.4058434381149709 1513025.5258434382267296
405 10268147.8102520331740379 10267937.9302520323544741 1513235.4058434381149709 1513025.5258434382267296
406 8026375.6147616999223828 8026165.7347617000341415 1513235.4058434381149709 1513025.5258434382267296
407 19493646.7425671890377998 19493436.8625671900808811 1513235.4058434381149709 1513025.5258434382267296
408 8144885.1005568066611886 8144675.2205568067729473 1513235.4058434381149709 1513025.5258434382267296
409 8469783.6641493458300829 8469573.7841493450105190 1513235.4058434381149709 1513025.5258434382267296
410 12163966.6274116020649672 12163756.7474116012454033 1513235.4058434381149709 1513025.5258434382267296
411 4982223.1443971768021584 4982013.2643971769139171 1513235.4058434381149709 1513025.5258434382267296
412 59597581.8353204056620598 59597371.9553204029798508 1513235.4058434381149709 1513025.5258434382267296
413 8805357.8500215914100409 8805147.9700215905904770 1513235.4058434381149709 1513025.5258434382267296
414 8490162.3694004099816084 8489952.4894004091620445 1513235.4058434381149709 1513025.5258434382267296
415 13104259.0050471592694521 13104049.1250471584498882 1513235.4058434381149709 1513025.5258434382267296
416 22185013.2425943389534950 22184803.3625943399965763 1513235.4058434381149709 1513025.5258434382267296
417 48205686.3066612333059311 48205476.4266612306237221 1513235.4058434381149709 1513025.5258434382267296
418 16124690.3751058001071215 16124480.4951057992875576 1513235.4058434381149709 1513025.5258434382267296
419 9730172.2955161686986685 9729962.4155161678791046 1513235.4058434381149709 1513025.5258434382267296
420 23253091.5001251399517059 23252881.6201251409947872 1513235.4058434381149709 1513025.5258434382267296
421 32227452.7930573299527168 32227242.9130573309957981 1513235.4058434381149709 1513025.5258434382267296
422 14807817.3431858234107494 14807607.4631858225911856 1513235.4058434381149709 1513025.5258434382267296
423 10918128.0386610310524702 10917918.1586610302329063 1513235.4058434381149709 1513025.5258434382267296
424 6612341.4589143022894859 6612131.5789143024012446 1513235.4058434381149709 1513025.5258434382267296
425 16631797.0025705322623253 16631587.1225705314427614 1513235.4058434381149709 1513025.5258434382267296
426 25475203.8745960965752602 25474993.9945960976183414 1513235.4058434381149709 1513025.5258434382267296
427 13883787.4613168854266405 13883577.5813168846070766 1513235.4058434381149709 1513025.5258434382267296
428 24553287.3607849925756454 24553077.4807849936187267 1513235.4058434381149709 1513025.5258434382267296
429 19162048.5605552494525909 19161838.6805552504956722 1513235.4058434381149709 1513025.5258434382267296
430 8366531.5210912441834807 8366321.6410912442952394 1513235.4058434381149709 1513025.5258434382267296
431 16462686.0563938990235329 16462476.1763938982039690 1513235.4058434381149709 1513025.5258434382267296
432 27964034.0153140984475613 27963824.1353140994906425 1513235.4058434381149709 1513025.5258434382267296
433 31810221.0960320532321930 31810011.2160320542752743 1513235.4058434381149709 1513025.5258434382267296
434 11324245.4453046713024378 11324035.5653046704828739 1513235.4058434381149709 1513025.5258434382267296
435 9068842.5093167889863253 9068632.6293167881667614 1513235.4058434381149709 1513025.5258434382267296
436 8609366.1923447586596012 8609156.3123447578400373 1513235.4058434381149709 1513025.5258434382267296
437 3310932.2638205019757152 3310722.3838205020874739 1513235.4058434381149709 1513025.5258434382267296
438 2959502.6029010396450758 2959292.7229010397568345 1513235.4058434381149709 1513025.5258434382267296
439 22051199.6548071615397930 22050989.7748071625828743 1513235.4058434381149709 1513025.5258434382267296
440 18077655.6495684161782265 18077445.7695684172213078 1513235.4058434381149709 1513025.5258434382267296
441 1729185.8596129221841693 1728975.9796129222959280 1513235.4058434381149709 1513025.5258434382267296
442 7806255.6847274666652083 7806045.8047274667769670 1513235.4058434381149709 1513025.5258434382267296
443 3277182.2227555257268250 3276972.3427555258385837 1513235.4058434381149709 1513025.5258434382267296
444 11376633.9283706117421389 11376424.0483706109225750 1513235.4058434381149709 1513025.5258434382267296
445 26060818.0847421884536743 26060608.2047421894967556 1513235.4058434381149709 1513025.5258434382267296
446 25957326.4434108361601830 25957116.5634108372032642 1513235.4058434381149709 1513025.5258434382267296
447 10085723.5030092671513557 10085513.6230092663317919 1513235.4058434381149709 1513025.5258434382267296
448 41036511.1486212238669395 41036301.2686212211847305 1513235.4058434381149709 1513025.5258434382267296
449 10284776.6200381107628345 10284566.7400381099432707 1513235.4058434381149709 1513025.5258434382267296
450 6644719.4790242007002234 6644509.5990242008119822 1513235.4058434381149709 1513025.5258434382267296
451 36255978.0055834949016571 36255768.1255834922194481 1513235.4058434381149709 1513025.5258434382267296
452 9902189.0045065023005009 9901979.1245065014809370 1513235.4058434381149709 1513025.5258434382267296
453 13366919.9774299860000610 13366710.0974299851804972 1513235.4058434381149709 1513025.5258434382267296
454 12131912.2518474869430065 12131702.3718474861234426 1513235.4058434381149709 1513025.5258434382267296
455 7509838.7324327221140265 7509628.8524327222257853 1513235.4058434381149709 1513025.5258434382267296
456 66354209.7168371081352234 66353999.8368371054530144 1513235.4058434381149709 1513025.5258434382267296
457 24659337.4500918537378311 24659127.5700918547809124 1513235.4058434381149709 1513025.5258434382267296
458 21417881.8944998979568481 21417672.0144998989999294 1513235.4058434381149709 1513025.5258434382267296
459 48619868.0028544962406158 48619658.1228544935584068 1513235.4058434381149709 1513025.5258434382267296
460 33628902.7141702473163605 33628692.8341702446341515 1513235.4058434381149709 1513025.5258434382267296
461 48027100.9411598816514015 48026891.0611598789691925 1513235.4058434381149709 1513025.5258434382267296
462 4808621.2670492995530367 4808411.3870492996647954 1513235.4058434381149709 1513025.5258434382267296
463 30792270.8239418417215347 30792060.9439418427646160 1513235.4058434381149709 1513025.5258434382267296
464 10529244.5098904743790627 10529034.6298904735594988 1513235.4058434381149709 1513025.5258434382267296
465 3242406.6306062000803649 3242196.7506062001921237 1513235.4058434381149709 1513025.5258434382267296
466 9626979.6290633697062731 9626769.7490633688867092 1513235.4058434381149709 1513025.5258434382267296
467 5792463.5351113751530647 5792253.6551113752648234 1513235.4058434381149709 1513025.5258434382267296
468 10028739.3919709436595440 10028529.5119709428399801 1513235.4058434381149709 1513025.5258434382267296
469 6526129.0307077886536717 6525919.1507077887654305 1513235.4058434381149709 1513025.5258434382267296
470 19332102.8259270563721657 19331892.9459270574152470 1513235.4058434381149709 1513025.5258434382267296
471 28392724.3632016666233540 28392514.4832016676664352 1513235.4058434381149709 1513025.5258434382267296
472 8513504.9028620067983866 8513295.0228620059788227 1513235.4058434381149709 1513025.5258434382267296
473 53225697.4134717360138893 53225487.5334717333316803 1513235.4058434381149709 1513025.5258434382267296
474 3033955.9814497353509068 3033746.1014497354626656 1513235.4058434381149709 1513025.5258434382267296
475 53402765.7748752236366272 53402555.8948752209544182 1513235.4058434381149709 1513025.5258434382267296
476 23647463.7736262306571007 23647253.8936262317001820 1513235.4058434381149709 1513025.5258434382267296
477 50369013.4577662572264671 50368803.5777662545442581 1513235.4058434381149709 1513025.5258434382267296
478 21932198.8760757781565189 21931988.9960757791996002 1513235.4058434381149709 1513025.5258434382267296
479 28843182.0648013129830360 28842972.1848013140261173 1513235.4058434381149709 1513025.5258434382267296
480 21609385.2449422851204872 21609175.3649422861635685 1513235.4058434381149709 1513025.5258434382267296
481 5237379.1762777222320437 5237169.2962777223438025 1513235.4058434381149709 1513025.5258434382267296
482 17472501.1044461801648140 17472291.2244461812078953 1513235.4058434381149709 1513025.5258434382267296
483 30536050.4002030603587627 30535840.5202030614018440 1513235.4058434381149709 1513025.5258434382267296
484 8547227.6876412704586983 8547017.8076412696391344 1513235.4058434381149709 1513025.5258434382267296
485 23003629.1873350664973259 23003419.3073350675404072 1513235.4058434381149709 1513025.5258434382267296
486 21736908.6516252122819424 21736698.7716252133250237 1513235.4058434381149709 1513025.5258434382267296
487 8243274.7091703377664089 8243064.8291703378781676 1513235.4058434381149709 1513025.5258434382267296
488 12610887.6431313268840313 12610677.7631313260644674 1513235.4058434381149709 1513025.5258434382267296
489 23247311.1031065508723259 23247101.2231065519154072 1513235.4058434381149709 1513025.5258434382267296
490 28004420.0538457594811916 28004210.1738457605242729 1513235.4058434381149709 1513025.5258434382267296
491 16272037.8310907296836376 16271827.9510907288640738 1513235.4058434381149709 1513025.5258434382267296
492 30915584.8450649864971638 30915374.9650649875402451 1513235.4058434381149709 1513025.5258434382267296
493 41971595.2913039699196815 41971385.4113039672374725 1513235.4058434381149709 1513025.5258434382267296
494 9777441.6792794521898031 9777231.7992794513702393 1513235.4058434381149709 1513025.5258434382267296
495 14368180.4687214680016041 14367970.5887214671820402 1513235.4058434381149709 1513025.5258434382267296
496 9101901.7876598667353392 9101691.9076598659157753 1513235.4058434381149709 1513025.5258434382267296
497 9602542.3343937415629625 9602332.4543937407433987 1513235.4058434381149709 1513025.5258434382267296
498 4944833.4907979900017381 4944623.6107979901134968 1513235.4058434381149709 1513025.5258434382267296
499 30072433.6276585236191750 30072223.7476585246622562 1513235.4058434381149709 1513025.5258434382267296
500 20506022.5841176062822342 20505812.7041176073253155 1513235.4058434381149709 1513025.5258434382267296
