evaluations raw_y current_y raw_y_best current_y_best
1 16399730.2970692031085491 16399520.4170692022889853 16399730.2970692031085491 16399520.4170692022889853
2 5916597.7484903754666448 5916387.8684903755784035 5916597.7484903754666448 5916387.8684903755784035
3 2455671.7838133294135332 2455461.9038133295252919 2455671.7838133294135332 2455461.9038133295252919
4 5158576.0574050210416317 5158366.1774050211533904 2455671.7838133294135332 2455461.9038133295252919
5 27196712.7190076038241386 27196502.8390076048672199 2455671.7838133294135332 2455461.9038133295252919
6 2291.1356124134731544 2081.2556124134730453 2291.1356124134731544 2081.2556124134730453
7 18798723.1703385561704636 18798513.2903385572135448 2291.1356124134731544 2081.2556124134730453
8 540276.0919116244185716 540066.2119116244139150 2291.1356124134731544 2081.2556124134730453
9 13401.7594688808367209 13191.8794688808375213 2291.1356124134731544 2081.2556124134730453
10 351437.0985760645125993 351227.2185760645079426 2291.1356124134731544 2081.2556124134730453
11 4204996.6456466987729073 4204786.7656466988846660 2291.1356124134731544 2081.2556124134730453
12 233348.9055888663569931 233139.0255888663523365 2291.1356124134731544 2081.2556124134730453
13 814014.9436459966236725 813805.0636459966190159 2291.1356124134731544 2081.2556124134730453
14 47852.5508377039222978 47642.6708377039249172 2291.1356124134731544 2081.2556124134730453
15 523074.5932827922515571 522864.7132827922469005 2291.1356124134731544 2081.2556124134730453
16 11133.7954326598064654 10923.9154326598072657 2291.1356124134731544 2081.2556124134730453
17 47104.0067871019273298 46894.1267871019299491 2291.1356124134731544 2081.2556124134730453
18 981.2273650776343175 771.3473650776343220 981.2273650776343175 771.3473650776343220
19 58336.4850287424924318 58126.6050287424950511 981.2273650776343175 771.3473650776343220
20 3180.5336083166016579 2970.6536083166015487 981.2273650776343175 771.3473650776343220
21 3372.7148776850835930 3162.8348776850834838 981.2273650776343175 771.3473650776343220
22 10429.7067952826600958 10219.8267952826608962 981.2273650776343175 771.3473650776343220
23 647720.3979497163090855 647510.5179497163044289 981.2273650776343175 771.3473650776343220
24 286311.0093711086083204 286101.1293711086036637 981.2273650776343175 771.3473650776343220
25 14065.1846932590142387 13855.3046932590150391 981.2273650776343175 771.3473650776343220
26 258926.4484133084479254 258716.5684133084432688 981.2273650776343175 771.3473650776343220
27 241772.5667369148868602 241562.6867369148822036 981.2273650776343175 771.3473650776343220
28 301152.0204673699336126 300942.1404673699289560 981.2273650776343175 771.3473650776343220
29 692793.8249470042064786 692583.9449470042018220 981.2273650776343175 771.3473650776343220
30 85362.3097234971355647 85152.4297234971309081 981.2273650776343175 771.3473650776343220
31 1272.0000800911968781 1062.1200800911969964 981.2273650776343175 771.3473650776343220
32 363983.9978420082479715 363774.1178420082433149 981.2273650776343175 771.3473650776343220
33 407.3719007949665070 197.4919007949665115 407.3719007949665070 197.4919007949665115
34 243237.3747061248286627 243027.4947061248240061 407.3719007949665070 197.4919007949665115
35 71690.4319738938065711 71480.5519738938019145 407.3719007949665070 197.4919007949665115
36 137009.5988332143751904 136799.7188332143705338 407.3719007949665070 197.4919007949665115
37 96050.4967573152534897 95840.6167573152488330 407.3719007949665070 197.4919007949665115
38 15700.8834613038216048 15491.0034613038224052 407.3719007949665070 197.4919007949665115
39 36616.8815227912564296 36407.0015227912590490 407.3719007949665070 197.4919007949665115
40 16998.6989905106383958 16788.8189905106373772 407.3719007949665070 197.4919007949665115
41 66822.6278018019802403 66612.7478018019755837 407.3719007949665070 197.4919007949665115
42 6941.5268613413309140 6731.6468613413308049 407.3719007949665070 197.4919007949665115
43 116359.7106082982063526 116149.8306082982016960 407.3719007949665070 197.4919007949665115
44 61522.3576309688869515 61312.4776309688895708 407.3719007949665070 197.4919007949665115
45 1023.9086402166250309 814.0286402166250355 407.3719007949665070 197.4919007949665115
46 115241.4285057913075434 115031.5485057913028868 407.3719007949665070 197.4919007949665115
47 188141.4319789865112398 187931.5519789865065832 407.3719007949665070 197.4919007949665115
48 169949.6030235195066780 169739.7230235195020214 407.3719007949665070 197.4919007949665115
49 219134.2640715399465989 218924.3840715399419423 407.3719007949665070 197.4919007949665115
50 37753.1597916106402408 37543.2797916106428602 407.3719007949665070 197.4919007949665115
51 893.6490594794880735 683.7690594794880781 407.3719007949665070 197.4919007949665115
52 2149.8567075931923682 1939.9767075931922591 407.3719007949665070 197.4919007949665115
53 47238.8302987451752415 47028.9502987451778608 407.3719007949665070 197.4919007949665115
54 181804.2646827730350196 181594.3846827730303630 407.3719007949665070 197.4919007949665115
55 30530.3512360596832877 30320.4712360596822691 407.3719007949665070 197.4919007949665115
56 3376.8944812465247196 3167.0144812465246105 407.3719007949665070 197.4919007949665115
57 3644.5632558794109173 3434.6832558794108081 407.3719007949665070 197.4919007949665115
58 27385.5241298197579454 27175.6441298197569267 407.3719007949665070 197.4919007949665115
59 133305.0165383779967669 133095.1365383779921103 407.3719007949665070 197.4919007949665115
60 46421.3087461238465039 46211.4287461238491233 407.3719007949665070 197.4919007949665115
61 186219.8720481479540467 186009.9920481479493901 407.3719007949665070 197.4919007949665115
62 42969.6251479349666624 42759.7451479349692818 407.3719007949665070 197.4919007949665115
63 9957.6348993067822448 9747.7548993067830452 407.3719007949665070 197.4919007949665115
64 16969.7337933105627599 16759.8537933105617412 407.3719007949665070 197.4919007949665115
65 110087.0824008024501381 109877.2024008024454815 407.3719007949665070 197.4919007949665115
66 859.7584150595886285 649.8784150595886331 407.3719007949665070 197.4919007949665115
67 190.0393906565973907 -19.8406093434026047 190.0393906565973907 -19.8406093434026047
68 226.5990192698223211 16.7190192698223257 190.0393906565973907 -19.8406093434026047
69 28895.8176696538357646 28685.9376696538347460 190.0393906565973907 -19.8406093434026047
70 69026.9977660517470213 68817.1177660517423647 190.0393906565973907 -19.8406093434026047
71 150556.5185165666334797 150346.6385165666288231 190.0393906565973907 -19.8406093434026047
72 16215.5795440101755958 16005.6995440101763961 190.0393906565973907 -19.8406093434026047
73 28532.6356137118673360 28322.7556137118663173 190.0393906565973907 -19.8406093434026047
74 7388.6033114525644123 7178.7233114525643032 190.0393906565973907 -19.8406093434026047
75 101072.0580872251302935 100862.1780872251256369 190.0393906565973907 -19.8406093434026047
76 53188.3586847840342671 52978.4786847840368864 190.0393906565973907 -19.8406093434026047
77 6871.9614284063254672 6662.0814284063253581 190.0393906565973907 -19.8406093434026047
78 119969.5761631775094429 119759.6961631775047863 190.0393906565973907 -19.8406093434026047
79 153143.9136279535305221 152934.0336279535258655 190.0393906565973907 -19.8406093434026047
80 78960.1712466026801849 78750.2912466026755283 190.0393906565973907 -19.8406093434026047
81 299.1526779886107761 89.2726779886107806 190.0393906565973907 -19.8406093434026047
82 6419.5544605436471102 6209.6744605436470010 190.0393906565973907 -19.8406093434026047
83 33958.2042276750507881 33748.3242276750534074 190.0393906565973907 -19.8406093434026047
84 153266.5815010977967177 153056.7015010977920610 190.0393906565973907 -19.8406093434026047
85 39251.6742352326182299 39041.7942352326208493 190.0393906565973907 -19.8406093434026047
86 80546.5543323991005309 80336.6743323990958743 190.0393906565973907 -19.8406093434026047
87 18876.0942088376177708 18666.2142088376167521 190.0393906565973907 -19.8406093434026047
88 37875.5672252699732780 37665.6872252699758974 190.0393906565973907 -19.8406093434026047
89 13658.6503003531161085 13448.7703003531169088 190.0393906565973907 -19.8406093434026047
90 4543.9947205691296404 4334.1147205691295312 190.0393906565973907 -19.8406093434026047
91 34917.9083415694767609 34708.0283415694793803 190.0393906565973907 -19.8406093434026047
92 107810.8242382214521058 107600.9442382214474492 190.0393906565973907 -19.8406093434026047
93 29246.1083937919647724 29036.2283937919637538 190.0393906565973907 -19.8406093434026047
94 63303.2531179982033791 63093.3731179982059984 190.0393906565973907 -19.8406093434026047
95 45084.9728030086553190 44875.0928030086579383 190.0393906565973907 -19.8406093434026047
96 28603.1270493454539974 28393.2470493454529787 190.0393906565973907 -19.8406093434026047
97 20693.8380395957246947 20483.9580395957236760 190.0393906565973907 -19.8406093434026047
98 80616.2812720748479478 80406.4012720748432912 190.0393906565973907 -19.8406093434026047
99 41236.6355087436822942 41026.7555087436849135 190.0393906565973907 -19.8406093434026047
100 69332.7225100514770020 69122.8425100514723454 190.0393906565973907 -19.8406093434026047
