evaluations raw_y current_y raw_y_best current_y_best
1 497152.3493473188136704 497301.4993473188369535 497152.3493473188136704 497301.4993473188369535
2 376288.3357901975978166 376437.4857901976210997 376288.3357901975978166 376437.4857901976210997
3 352894.8309716967050917 353043.9809716967283748 352894.8309716967050917 353043.9809716967283748
4 570543.2896218785317615 570692.4396218785550445 352894.8309716967050917 353043.9809716967283748
5 646080.7137466183630750 646229.8637466183863580 352894.8309716967050917 353043.9809716967283748
6 704969.5714465337805450 705118.7214465338038281 352894.8309716967050917 353043.9809716967283748
7 931071.8595791552215815 931221.0095791552448645 352894.8309716967050917 353043.9809716967283748
8 257734.0573397259577177 257883.2073397259518970 257734.0573397259577177 257883.2073397259518970
9 164701.0140250431431923 164850.1640250431373715 164701.0140250431431923 164850.1640250431373715
10 157193.6682777105888817 157342.8182777105830610 157193.6682777105888817 157342.8182777105830610
11 110575.9164034787536366 110725.0664034787478158 110575.9164034787536366 110725.0664034787478158
12 70590.4173149826383451 70739.5673149826325243 70590.4173149826383451 70739.5673149826325243
13 93131.7130696741514839 93280.8630696741456632 70590.4173149826383451 70739.5673149826325243
14 59855.0758534246779163 60004.2258534246793715 59855.0758534246779163 60004.2258534246793715
15 57435.6542311478333431 57584.8042311478347983 57435.6542311478333431 57584.8042311478347983
16 53412.4125391639827285 53561.5625391639841837 53412.4125391639827285 53561.5625391639841837
17 53996.0697006331902230 54145.2197006331916782 53412.4125391639827285 53561.5625391639841837
18 70116.8878800230886554 70266.0378800230828347 53412.4125391639827285 53561.5625391639841837
19 72143.3704227463022107 72292.5204227462963900 53412.4125391639827285 53561.5625391639841837
20 54907.8174280466773780 55056.9674280466788332 53412.4125391639827285 53561.5625391639841837
21 64236.1417693988842075 64385.2917693988856627 53412.4125391639827285 53561.5625391639841837
22 73373.6215907395380782 73522.7715907395322574 53412.4125391639827285 53561.5625391639841837
23 56334.1437409404170467 56483.2937409404185019 53412.4125391639827285 53561.5625391639841837
24 59977.9234773517746362 60127.0734773517760914 53412.4125391639827285 53561.5625391639841837
25 62300.5798498297226615 62449.7298498297241167 53412.4125391639827285 53561.5625391639841837
26 52074.0378253186499933 52223.1878253186514485 52074.0378253186499933 52223.1878253186514485
27 72005.3090181949664839 72154.4590181949606631 52074.0378253186499933 52223.1878253186514485
28 51678.0960899931451422 51827.2460899931465974 51678.0960899931451422 51827.2460899931465974
29 52479.1558484950364800 52628.3058484950379352 51678.0960899931451422 51827.2460899931465974
30 83309.8917970942275133 83459.0417970942216925 51678.0960899931451422 51827.2460899931465974
31 60952.7566169091296615 61101.9066169091311167 51678.0960899931451422 51827.2460899931465974
32 59449.3994061532357591 59598.5494061532372143 51678.0960899931451422 51827.2460899931465974
33 72998.1577311479923083 73147.3077311479864875 51678.0960899931451422 51827.2460899931465974
34 56994.4261503044981509 57143.5761503044996061 51678.0960899931451422 51827.2460899931465974
35 63586.8574600092833862 63736.0074600092848414 51678.0960899931451422 51827.2460899931465974
36 51496.0643886616817326 51645.2143886616831878 51496.0643886616817326 51645.2143886616831878
37 49406.8945859225277673 49556.0445859225292224 49406.8945859225277673 49556.0445859225292224
38 53241.8205324948576163 53390.9705324948590714 49406.8945859225277673 49556.0445859225292224
39 50011.7176971165026771 50160.8676971165041323 49406.8945859225277673 49556.0445859225292224
40 48433.1998616874043364 48582.3498616874057916 48433.1998616874043364 48582.3498616874057916
41 54969.7325330725579988 55118.8825330725594540 48433.1998616874043364 48582.3498616874057916
42 53878.7277368891227525 54027.8777368891242077 48433.1998616874043364 48582.3498616874057916
43 52488.4578461695055012 52637.6078461695069564 48433.1998616874043364 48582.3498616874057916
44 49677.7480690604133997 49826.8980690604148549 48433.1998616874043364 48582.3498616874057916
45 47917.7630679932044586 48066.9130679932059138 47917.7630679932044586 48066.9130679932059138
46 47130.1565229284096858 47279.3065229284111410 47130.1565229284096858 47279.3065229284111410
47 49052.8228630075318506 49201.9728630075333058 47130.1565229284096858 47279.3065229284111410
48 47069.1948917806075769 47218.3448917806090321 47069.1948917806075769 47218.3448917806090321
49 46774.9726131417482975 46924.1226131417497527 46774.9726131417482975 46924.1226131417497527
50 51618.3419438148193876 51767.4919438148208428 46774.9726131417482975 46924.1226131417497527
51 63726.4974624956885236 63875.6474624956899788 46774.9726131417482975 46924.1226131417497527
52 48016.1358573106408585 48165.2858573106423137 46774.9726131417482975 46924.1226131417497527
53 46683.3896770237770397 46832.5396770237784949 46683.3896770237770397 46832.5396770237784949
54 51940.9871842424836359 52090.1371842424850911 46683.3896770237770397 46832.5396770237784949
55 54906.2857069924139068 55055.4357069924153620 46683.3896770237770397 46832.5396770237784949
56 47726.5920816075085895 47875.7420816075100447 46683.3896770237770397 46832.5396770237784949
57 46908.3733312624972314 47057.5233312624986866 46683.3896770237770397 46832.5396770237784949
58 71165.8071398710453650 71314.9571398710395442 46683.3896770237770397 46832.5396770237784949
59 58065.8390980215190211 58214.9890980215204763 46683.3896770237770397 46832.5396770237784949
60 49991.3068084606129560 50140.4568084606144112 46683.3896770237770397 46832.5396770237784949
61 79843.7150674502190668 79992.8650674502132460 46683.3896770237770397 46832.5396770237784949
62 51341.6264790235072724 51490.7764790235087276 46683.3896770237770397 46832.5396770237784949
63 53564.1880234946365817 53713.3380234946380369 46683.3896770237770397 46832.5396770237784949
64 51807.3693578703459934 51956.5193578703474486 46683.3896770237770397 46832.5396770237784949
65 54613.5284314723321586 54762.6784314723336138 46683.3896770237770397 46832.5396770237784949
66 76533.5962431738735177 76682.7462431738676969 46683.3896770237770397 46832.5396770237784949
67 71361.7396654123585904 71510.8896654123527696 46683.3896770237770397 46832.5396770237784949
68 53720.2568609048757935 53869.4068609048772487 46683.3896770237770397 46832.5396770237784949
69 54264.0427311214807560 54413.1927311214822112 46683.3896770237770397 46832.5396770237784949
70 63650.7303019333485281 63799.8803019333499833 46683.3896770237770397 46832.5396770237784949
71 55747.8580860081929131 55897.0080860081943683 46683.3896770237770397 46832.5396770237784949
72 87301.0467444860114483 87450.1967444860056276 46683.3896770237770397 46832.5396770237784949
73 60693.8132061822179821 60842.9632061822194373 46683.3896770237770397 46832.5396770237784949
74 52179.4985397867349093 52328.6485397867363645 46683.3896770237770397 46832.5396770237784949
75 103097.7520204932516208 103246.9020204932458000 46683.3896770237770397 46832.5396770237784949
76 53450.5507529279420851 53599.7007529279435403 46683.3896770237770397 46832.5396770237784949
77 47160.3128600400523283 47309.4628600400537835 46683.3896770237770397 46832.5396770237784949
78 46120.8807484940698487 46270.0307484940713039 46120.8807484940698487 46270.0307484940713039
79 48884.3878327149577672 49033.5378327149592224 46120.8807484940698487 46270.0307484940713039
80 46260.1314043104939628 46409.2814043104954180 46120.8807484940698487 46270.0307484940713039
81 48781.8106539313594112 48930.9606539313608664 46120.8807484940698487 46270.0307484940713039
82 53750.1005692412363715 53899.2505692412378266 46120.8807484940698487 46270.0307484940713039
83 70336.2419980548438616 70485.3919980548380408 46120.8807484940698487 46270.0307484940713039
84 91341.4009749650140293 91490.5509749650082085 46120.8807484940698487 46270.0307484940713039
85 50280.7969769366027322 50429.9469769366041874 46120.8807484940698487 46270.0307484940713039
86 57406.5679259736789390 57555.7179259736803942 46120.8807484940698487 46270.0307484940713039
87 55020.9103191592585063 55170.0603191592599615 46120.8807484940698487 46270.0307484940713039
88 47880.9871592123308801 48030.1371592123323353 46120.8807484940698487 46270.0307484940713039
89 69865.0250012134783901 70014.1750012134725694 46120.8807484940698487 46270.0307484940713039
90 78287.1622833531873766 78436.3122833531815559 46120.8807484940698487 46270.0307484940713039
91 57740.0045223639026517 57889.1545223639041069 46120.8807484940698487 46270.0307484940713039
92 64729.5084239760180935 64878.6584239760195487 46120.8807484940698487 46270.0307484940713039
93 58813.0661470009217737 58962.2161470009232289 46120.8807484940698487 46270.0307484940713039
94 59086.2032062104190118 59235.3532062104204670 46120.8807484940698487 46270.0307484940713039
95 52161.0482517787386314 52310.1982517787400866 46120.8807484940698487 46270.0307484940713039
96 51404.0016305131284753 51553.1516305131299305 46120.8807484940698487 46270.0307484940713039
97 46485.3570646681182552 46634.5070646681197104 46120.8807484940698487 46270.0307484940713039
98 47007.7435988959987299 47156.8935988960001851 46120.8807484940698487 46270.0307484940713039
99 46238.8129645866356441 46387.9629645866370993 46120.8807484940698487 46270.0307484940713039
100 55634.2643701974520809 55783.4143701974535361 46120.8807484940698487 46270.0307484940713039
101 55051.9465828642787528 55201.0965828642802080 46120.8807484940698487 46270.0307484940713039
102 47382.5253654262487544 47531.6753654262502096 46120.8807484940698487 46270.0307484940713039
103 50486.7804579735457082 50635.9304579735471634 46120.8807484940698487 46270.0307484940713039
104 47097.3785428881237749 47246.5285428881252301 46120.8807484940698487 46270.0307484940713039
105 64051.9148663067608140 64201.0648663067622692 46120.8807484940698487 46270.0307484940713039
106 93885.5286962844402296 94034.6786962844344089 46120.8807484940698487 46270.0307484940713039
107 68960.5951367413799744 69109.7451367413741536 46120.8807484940698487 46270.0307484940713039
108 53970.1951836849912070 54119.3451836849926622 46120.8807484940698487 46270.0307484940713039
109 58073.2306902440832346 58222.3806902440846898 46120.8807484940698487 46270.0307484940713039
110 114018.5372377274761675 114167.6872377274703467 46120.8807484940698487 46270.0307484940713039
111 47336.4568709215236595 47485.6068709215251147 46120.8807484940698487 46270.0307484940713039
112 60424.4154556382200099 60573.5654556382214651 46120.8807484940698487 46270.0307484940713039
113 57318.1222843387222383 57467.2722843387236935 46120.8807484940698487 46270.0307484940713039
114 47030.3352714297652710 47179.4852714297667262 46120.8807484940698487 46270.0307484940713039
115 46952.7372591702733189 47101.8872591702747741 46120.8807484940698487 46270.0307484940713039
116 48196.2425012480744044 48345.3925012480758596 46120.8807484940698487 46270.0307484940713039
117 46337.0830643108347431 46486.2330643108361983 46120.8807484940698487 46270.0307484940713039
118 47171.9351211326284101 47321.0851211326298653 46120.8807484940698487 46270.0307484940713039
119 51454.6765071213594638 51603.8265071213609190 46120.8807484940698487 46270.0307484940713039
120 104532.5187764975271421 104681.6687764975213213 46120.8807484940698487 46270.0307484940713039
121 99128.5571917711204151 99277.7071917711145943 46120.8807484940698487 46270.0307484940713039
122 59305.3302071000871365 59454.4802071000885917 46120.8807484940698487 46270.0307484940713039
123 64590.4322469954277040 64739.5822469954291591 46120.8807484940698487 46270.0307484940713039
124 47156.1407869292015675 47305.2907869292030227 46120.8807484940698487 46270.0307484940713039
125 47595.2629479089519009 47744.4129479089533561 46120.8807484940698487 46270.0307484940713039
126 48036.0124716358041042 48185.1624716358055593 46120.8807484940698487 46270.0307484940713039
127 46014.4091475973982597 46163.5591475973997149 46014.4091475973982597 46163.5591475973997149
128 53268.0381246156321140 53417.1881246156335692 46014.4091475973982597 46163.5591475973997149
129 46307.8316861643834272 46456.9816861643848824 46014.4091475973982597 46163.5591475973997149
130 75925.1773923362634378 76074.3273923362576170 46014.4091475973982597 46163.5591475973997149
131 60969.8713557365481392 61119.0213557365495944 46014.4091475973982597 46163.5591475973997149
132 90835.8531542588316370 90985.0031542588258162 46014.4091475973982597 46163.5591475973997149
133 61343.1312296136529767 61492.2812296136544319 46014.4091475973982597 46163.5591475973997149
134 48435.2402593434599112 48584.3902593434613664 46014.4091475973982597 46163.5591475973997149
135 45972.4935167035655468 46121.6435167035670020 45972.4935167035655468 46121.6435167035670020
136 51354.8801550832940848 51504.0301550832955400 45972.4935167035655468 46121.6435167035670020
137 70767.4069026150245918 70916.5569026150187710 45972.4935167035655468 46121.6435167035670020
138 58300.6919393063362804 58449.8419393063377356 45972.4935167035655468 46121.6435167035670020
139 55489.4677290466715931 55638.6177290466730483 45972.4935167035655468 46121.6435167035670020
140 52369.2311998228615266 52518.3811998228629818 45972.4935167035655468 46121.6435167035670020
141 50777.0730415041325614 50926.2230415041340166 45972.4935167035655468 46121.6435167035670020
142 64080.5652444536390249 64229.7152444536404801 45972.4935167035655468 46121.6435167035670020
143 48155.2847995928023010 48304.4347995928037562 45972.4935167035655468 46121.6435167035670020
144 66520.5220538127614418 66669.6720538127556210 45972.4935167035655468 46121.6435167035670020
145 56725.3347001847942010 56874.4847001847956562 45972.4935167035655468 46121.6435167035670020
146 55034.5206893413560465 55183.6706893413575017 45972.4935167035655468 46121.6435167035670020
147 49105.1693136333342409 49254.3193136333356961 45972.4935167035655468 46121.6435167035670020
148 46606.1592439418309368 46755.3092439418323920 45972.4935167035655468 46121.6435167035670020
149 58459.3445324304120732 58608.4945324304135283 45972.4935167035655468 46121.6435167035670020
150 49393.1988453373414814 49542.3488453373429365 45972.4935167035655468 46121.6435167035670020
151 46552.8694896266897558 46702.0194896266912110 45972.4935167035655468 46121.6435167035670020
152 67096.2265460374037502 67245.3765460373979295 45972.4935167035655468 46121.6435167035670020
153 81257.8092026688682381 81406.9592026688624173 45972.4935167035655468 46121.6435167035670020
154 64885.1170796212609275 65034.2670796212623827 45972.4935167035655468 46121.6435167035670020
155 53801.9751776452758349 53951.1251776452772901 45972.4935167035655468 46121.6435167035670020
156 48468.9603399747284129 48618.1103399747298681 45972.4935167035655468 46121.6435167035670020
157 53260.4409959293770953 53409.5909959293785505 45972.4935167035655468 46121.6435167035670020
158 53620.6943226961011533 53769.8443226961026085 45972.4935167035655468 46121.6435167035670020
159 47392.8002970033630845 47541.9502970033645397 45972.4935167035655468 46121.6435167035670020
160 53809.2137685794732533 53958.3637685794747085 45972.4935167035655468 46121.6435167035670020
161 50923.7364816449990030 51072.8864816450004582 45972.4935167035655468 46121.6435167035670020
162 46994.9883843248317135 47144.1383843248331686 45972.4935167035655468 46121.6435167035670020
163 56816.1087043997467845 56965.2587043997482397 45972.4935167035655468 46121.6435167035670020
164 66254.5484625003446126 66403.6984625003387919 45972.4935167035655468 46121.6435167035670020
165 46681.7246665598213440 46830.8746665598227992 45972.4935167035655468 46121.6435167035670020
166 47504.9940674580066116 47654.1440674580080668 45972.4935167035655468 46121.6435167035670020
167 48140.0666599227843108 48289.2166599227857660 45972.4935167035655468 46121.6435167035670020
168 56856.7992810485811788 57005.9492810485826340 45972.4935167035655468 46121.6435167035670020
169 65544.3717246267915471 65693.5217246267857263 45972.4935167035655468 46121.6435167035670020
170 45939.1714789198085782 46088.3214789198100334 45939.1714789198085782 46088.3214789198100334
171 48075.8608213650877587 48225.0108213650892139 45939.1714789198085782 46088.3214789198100334
172 46497.5529053533682600 46646.7029053533697152 45939.1714789198085782 46088.3214789198100334
173 85777.4481793736922555 85926.5981793736864347 45939.1714789198085782 46088.3214789198100334
174 46285.7205904411166557 46434.8705904411181109 45939.1714789198085782 46088.3214789198100334
175 49372.8379816069063963 49521.9879816069078515 45939.1714789198085782 46088.3214789198100334
176 47033.9918950819264865 47183.1418950819279416 45939.1714789198085782 46088.3214789198100334
177 57841.5873641291836975 57990.7373641291851527 45939.1714789198085782 46088.3214789198100334
178 45982.3498364002880407 46131.4998364002894959 45939.1714789198085782 46088.3214789198100334
179 49045.2940352466030163 49194.4440352466044715 45939.1714789198085782 46088.3214789198100334
180 79366.4463310683349846 79515.5963310683291638 45939.1714789198085782 46088.3214789198100334
181 57388.7340436915110331 57537.8840436915124883 45939.1714789198085782 46088.3214789198100334
182 46670.5171184857172193 46819.6671184857186745 45939.1714789198085782 46088.3214789198100334
183 75511.3597330632328521 75660.5097330632270314 45939.1714789198085782 46088.3214789198100334
184 45936.6600288059198647 46085.8100288059213199 45936.6600288059198647 46085.8100288059213199
185 47682.5326365764631191 47831.6826365764645743 45936.6600288059198647 46085.8100288059213199
186 46755.6411673903348856 46904.7911673903363408 45936.6600288059198647 46085.8100288059213199
187 48802.2593530776794069 48951.4093530776808620 45936.6600288059198647 46085.8100288059213199
188 45781.2517806918258430 45930.4017806918272981 45781.2517806918258430 45930.4017806918272981
189 56227.3287218372206553 56376.4787218372221105 45781.2517806918258430 45930.4017806918272981
190 52868.2035689610929694 53017.3535689610944246 45781.2517806918258430 45930.4017806918272981
191 50534.4613862295373110 50683.6113862295387662 45781.2517806918258430 45930.4017806918272981
192 46139.6286524507086142 46288.7786524507100694 45781.2517806918258430 45930.4017806918272981
193 50099.5059466836901265 50248.6559466836915817 45781.2517806918258430 45930.4017806918272981
194 62469.8718651240997133 62619.0218651241011685 45781.2517806918258430 45930.4017806918272981
195 46598.8383565530384658 46747.9883565530399210 45781.2517806918258430 45930.4017806918272981
196 46009.3101170161389746 46158.4601170161404298 45781.2517806918258430 45930.4017806918272981
197 45987.5420149085985031 46136.6920149085999583 45781.2517806918258430 45930.4017806918272981
198 46932.4411310692157713 47081.5911310692172265 45781.2517806918258430 45930.4017806918272981
199 47167.4179603325392236 47316.5679603325406788 45781.2517806918258430 45930.4017806918272981
200 47200.4385795787384268 47349.5885795787398820 45781.2517806918258430 45930.4017806918272981
201 59732.6947804591909517 59881.8447804591924069 45781.2517806918258430 45930.4017806918272981
202 51616.2692033634593827 51765.4192033634608379 45781.2517806918258430 45930.4017806918272981
203 62042.5804809697656310 62191.7304809697670862 45781.2517806918258430 45930.4017806918272981
204 52586.3977258008017088 52735.5477258008031640 45781.2517806918258430 45930.4017806918272981
205 72726.0784526104253018 72875.2284526104194811 45781.2517806918258430 45930.4017806918272981
206 58292.1279735865027760 58441.2779735865042312 45781.2517806918258430 45930.4017806918272981
207 68345.5691118045215262 68494.7191118045157054 45781.2517806918258430 45930.4017806918272981
208 52865.7866436134936521 53014.9366436134951073 45781.2517806918258430 45930.4017806918272981
209 51305.7605422048000037 51454.9105422048014589 45781.2517806918258430 45930.4017806918272981
210 57526.8747306904988363 57676.0247306905002915 45781.2517806918258430 45930.4017806918272981
211 47807.1591641977283871 47956.3091641977298423 45781.2517806918258430 45930.4017806918272981
212 46298.9072280938635231 46448.0572280938649783 45781.2517806918258430 45930.4017806918272981
213 46449.3501732730510412 46598.5001732730524964 45781.2517806918258430 45930.4017806918272981
214 51996.0356796949272393 52145.1856796949286945 45781.2517806918258430 45930.4017806918272981
215 92712.1881188014958752 92861.3381188014900545 45781.2517806918258430 45930.4017806918272981
216 46145.1264639386936324 46294.2764639386950876 45781.2517806918258430 45930.4017806918272981
217 52723.2289410818484612 52872.3789410818499164 45781.2517806918258430 45930.4017806918272981
218 54763.7085422642267076 54912.8585422642281628 45781.2517806918258430 45930.4017806918272981
219 110480.7239565713389311 110629.8739565713331103 45781.2517806918258430 45930.4017806918272981
220 47006.5227391242224257 47155.6727391242238809 45781.2517806918258430 45930.4017806918272981
221 47118.1698427834853646 47267.3198427834868198 45781.2517806918258430 45930.4017806918272981
222 45745.8876863186451374 45895.0376863186465926 45745.8876863186451374 45895.0376863186465926
223 45684.3077680931310169 45833.4577680931324721 45684.3077680931310169 45833.4577680931324721
224 47802.1096414529092726 47951.2596414529107278 45684.3077680931310169 45833.4577680931324721
225 48461.3921295496547827 48610.5421295496562379 45684.3077680931310169 45833.4577680931324721
226 45657.7752189861421357 45806.9252189861435909 45657.7752189861421357 45806.9252189861435909
227 46077.7614072076758021 46226.9114072076772572 45657.7752189861421357 45806.9252189861435909
228 65081.1053020976396510 65230.2553020976411062 45657.7752189861421357 45806.9252189861435909
229 56128.5853250907239271 56277.7353250907253823 45657.7752189861421357 45806.9252189861435909
230 70447.4983014714089222 70596.6483014714031015 45657.7752189861421357 45806.9252189861435909
231 47847.3768538310687291 47996.5268538310701842 45657.7752189861421357 45806.9252189861435909
232 49007.4081544321888941 49156.5581544321903493 45657.7752189861421357 45806.9252189861435909
233 46158.0729248758361791 46307.2229248758376343 45657.7752189861421357 45806.9252189861435909
234 56078.9426727321915678 56228.0926727321930230 45657.7752189861421357 45806.9252189861435909
235 45710.0636977279718849 45859.2136977279733401 45657.7752189861421357 45806.9252189861435909
236 45730.4703190481159254 45879.6203190481173806 45657.7752189861421357 45806.9252189861435909
237 46954.5347511895015487 47103.6847511895030038 45657.7752189861421357 45806.9252189861435909
238 48835.3131351881020237 48984.4631351881034789 45657.7752189861421357 45806.9252189861435909
239 46271.4009535010409309 46420.5509535010423861 45657.7752189861421357 45806.9252189861435909
240 47493.5063336988969240 47642.6563336988983792 45657.7752189861421357 45806.9252189861435909
241 45721.2077907471539220 45870.3577907471553772 45657.7752189861421357 45806.9252189861435909
242 66740.7080116793949855 66889.8580116793891648 45657.7752189861421357 45806.9252189861435909
243 48650.8166053524473682 48799.9666053524488234 45657.7752189861421357 45806.9252189861435909
244 48104.0434261499467539 48253.1934261499482091 45657.7752189861421357 45806.9252189861435909
245 60602.3671280545604532 60751.5171280545619084 45657.7752189861421357 45806.9252189861435909
246 45586.7783971445605857 45735.9283971445620409 45586.7783971445605857 45735.9283971445620409
247 45601.1597191452165134 45750.3097191452179686 45586.7783971445605857 45735.9283971445620409
248 49004.1189789628333529 49153.2689789628348080 45586.7783971445605857 45735.9283971445620409
249 47560.4017976035102038 47709.5517976035116590 45586.7783971445605857 45735.9283971445620409
250 61886.4984071730577853 62035.6484071730592404 45586.7783971445605857 45735.9283971445620409
251 112243.8856698123854585 112393.0356698123796377 45586.7783971445605857 45735.9283971445620409
252 80401.1634909194399370 80550.3134909194341162 45586.7783971445605857 45735.9283971445620409
253 60726.9894232287188061 60876.1394232287202612 45586.7783971445605857 45735.9283971445620409
254 63544.7825596307084197 63693.9325596307098749 45586.7783971445605857 45735.9283971445620409
255 56494.7571854667112348 56643.9071854667126900 45586.7783971445605857 45735.9283971445620409
256 50263.2848870433081174 50412.4348870433095726 45586.7783971445605857 45735.9283971445620409
257 46865.6963253863432328 47014.8463253863446880 45586.7783971445605857 45735.9283971445620409
258 51287.3873021078470629 51436.5373021078485181 45586.7783971445605857 45735.9283971445620409
259 92815.0976860886294162 92964.2476860886235954 45586.7783971445605857 45735.9283971445620409
260 53288.8886641658609733 53438.0386641658624285 45586.7783971445605857 45735.9283971445620409
261 62306.8392074912553653 62455.9892074912568205 45586.7783971445605857 45735.9283971445620409
262 48259.5223300430006930 48408.6723300430021482 45586.7783971445605857 45735.9283971445620409
263 87501.3282291120267473 87650.4782291120209266 45586.7783971445605857 45735.9283971445620409
264 59611.1045057771916618 59760.2545057771931170 45586.7783971445605857 45735.9283971445620409
265 59650.9218804110423662 59800.0718804110438214 45586.7783971445605857 45735.9283971445620409
266 54996.6310629191502812 55145.7810629191517364 45586.7783971445605857 45735.9283971445620409
267 45950.1793808900183649 46099.3293808900198201 45586.7783971445605857 45735.9283971445620409
268 47381.8077159178719739 47530.9577159178734291 45586.7783971445605857 45735.9283971445620409
269 47135.9094677633547690 47285.0594677633562242 45586.7783971445605857 45735.9283971445620409
270 71200.6393512580980314 71349.7893512580922106 45586.7783971445605857 45735.9283971445620409
271 50185.8093915206554811 50334.9593915206569363 45586.7783971445605857 45735.9283971445620409
272 112498.0200849389948417 112647.1700849389890209 45586.7783971445605857 45735.9283971445620409
273 46103.1451505074801389 46252.2951505074815941 45586.7783971445605857 45735.9283971445620409
274 46004.9566772793259588 46154.1066772793274140 45586.7783971445605857 45735.9283971445620409
275 50561.8299970587177086 50710.9799970587191638 45586.7783971445605857 45735.9283971445620409
276 49099.7385191279536230 49248.8885191279550781 45586.7783971445605857 45735.9283971445620409
277 46415.5096035488750204 46564.6596035488764755 45586.7783971445605857 45735.9283971445620409
278 57195.4765082869344042 57344.6265082869358594 45586.7783971445605857 45735.9283971445620409
279 45992.9703130026027793 46142.1203130026042345 45586.7783971445605857 45735.9283971445620409
280 46722.7295648106810404 46871.8795648106824956 45586.7783971445605857 45735.9283971445620409
281 55093.9191530273019453 55243.0691530273034004 45586.7783971445605857 45735.9283971445620409
282 48357.7203219893781352 48506.8703219893795904 45586.7783971445605857 45735.9283971445620409
283 46244.9085229580305167 46394.0585229580319719 45586.7783971445605857 45735.9283971445620409
284 47206.1400649135030108 47355.2900649135044659 45586.7783971445605857 45735.9283971445620409
285 54046.8031122832908295 54195.9531122832922847 45586.7783971445605857 45735.9283971445620409
286 51238.0960142433614237 51387.2460142433628789 45586.7783971445605857 45735.9283971445620409
287 45639.7949042738109711 45788.9449042738124263 45586.7783971445605857 45735.9283971445620409
288 45611.2921597536187619 45760.4421597536202171 45586.7783971445605857 45735.9283971445620409
289 46105.4679991279044771 46254.6179991279059323 45586.7783971445605857 45735.9283971445620409
290 45716.2914426614661352 45865.4414426614675904 45586.7783971445605857 45735.9283971445620409
291 47807.7585345567713375 47956.9085345567727927 45586.7783971445605857 45735.9283971445620409
292 46358.0092670263256878 46507.1592670263271430 45586.7783971445605857 45735.9283971445620409
293 47399.5738545866261120 47548.7238545866275672 45586.7783971445605857 45735.9283971445620409
294 45541.3389171150920447 45690.4889171150934999 45541.3389171150920447 45690.4889171150934999
295 46942.3155519687643391 47091.4655519687657943 45541.3389171150920447 45690.4889171150934999
296 45569.8833329406334087 45719.0333329406348639 45541.3389171150920447 45690.4889171150934999
297 48198.8872880849376088 48348.0372880849390640 45541.3389171150920447 45690.4889171150934999
298 45508.5656498921671300 45657.7156498921685852 45508.5656498921671300 45657.7156498921685852
299 53690.7859507185639814 53839.9359507185654365 45508.5656498921671300 45657.7156498921685852
300 48287.0019961130892625 48436.1519961130907177 45508.5656498921671300 45657.7156498921685852
301 45524.2891881104515051 45673.4391881104529602 45508.5656498921671300 45657.7156498921685852
302 55710.3744345090453862 55859.5244345090468414 45508.5656498921671300 45657.7156498921685852
303 49508.8087567885086173 49657.9587567885100725 45508.5656498921671300 45657.7156498921685852
304 45540.4674350442946889 45689.6174350442961440 45508.5656498921671300 45657.7156498921685852
305 48239.7674964786347118 48388.9174964786361670 45508.5656498921671300 45657.7156498921685852
306 60033.4284322852618061 60182.5784322852632613 45508.5656498921671300 45657.7156498921685852
307 59657.4943733550026082 59806.6443733550040633 45508.5656498921671300 45657.7156498921685852
308 46893.2169994186697295 47042.3669994186711847 45508.5656498921671300 45657.7156498921685852
309 45923.7270838372278376 46072.8770838372292928 45508.5656498921671300 45657.7156498921685852
310 49044.3883385794397327 49193.5383385794411879 45508.5656498921671300 45657.7156498921685852
311 72831.9259760324639501 72981.0759760324581293 45508.5656498921671300 45657.7156498921685852
312 48276.6204591753194109 48425.7704591753208661 45508.5656498921671300 45657.7156498921685852
313 45489.8047372116197948 45638.9547372116212500 45489.8047372116197948 45638.9547372116212500
314 51651.6148794083492248 51800.7648794083506800 45489.8047372116197948 45638.9547372116212500
315 46852.7743023959410493 47001.9243023959425045 45489.8047372116197948 45638.9547372116212500
316 46592.3209625867239083 46741.4709625867253635 45489.8047372116197948 45638.9547372116212500
317 50822.3190946577306022 50971.4690946577320574 45489.8047372116197948 45638.9547372116212500
318 46420.9899086946315947 46570.1399086946330499 45489.8047372116197948 45638.9547372116212500
319 55346.3712235111452173 55495.5212235111466725 45489.8047372116197948 45638.9547372116212500
320 46489.5225561745755840 46638.6725561745770392 45489.8047372116197948 45638.9547372116212500
321 46567.8591618291757186 46717.0091618291771738 45489.8047372116197948 45638.9547372116212500
322 46824.2261025697443984 46973.3761025697458535 45489.8047372116197948 45638.9547372116212500
323 46529.8697458527749404 46679.0197458527763956 45489.8047372116197948 45638.9547372116212500
324 49590.2303297186153941 49739.3803297186168493 45489.8047372116197948 45638.9547372116212500
325 57073.6518299351082533 57222.8018299351097085 45489.8047372116197948 45638.9547372116212500
326 50562.1117845572589431 50711.2617845572603983 45489.8047372116197948 45638.9547372116212500
327 87864.3921875483210897 88013.5421875483152689 45489.8047372116197948 45638.9547372116212500
328 75529.2072559003281640 75678.3572559003223432 45489.8047372116197948 45638.9547372116212500
329 61318.2180095940493629 61467.3680095940508181 45489.8047372116197948 45638.9547372116212500
330 131773.7718897943850607 131922.9218897943792399 45489.8047372116197948 45638.9547372116212500
331 52916.7716626652909326 53065.9216626652923878 45489.8047372116197948 45638.9547372116212500
332 58384.5867964858553023 58533.7367964858567575 45489.8047372116197948 45638.9547372116212500
333 74353.8489366528083337 74502.9989366528025130 45489.8047372116197948 45638.9547372116212500
334 59114.9078459351512720 59264.0578459351527272 45489.8047372116197948 45638.9547372116212500
335 65995.9922530020267004 66145.1422530020208796 45489.8047372116197948 45638.9547372116212500
336 119689.7730846701742848 119838.9230846701684641 45489.8047372116197948 45638.9547372116212500
337 58841.0725039646495134 58990.2225039646509686 45489.8047372116197948 45638.9547372116212500
338 50719.2970415357776801 50868.4470415357791353 45489.8047372116197948 45638.9547372116212500
339 60737.4002046855384833 60886.5502046855399385 45489.8047372116197948 45638.9547372116212500
340 49219.2383245250748587 49368.3883245250763139 45489.8047372116197948 45638.9547372116212500
341 47702.0222460019576829 47851.1722460019591381 45489.8047372116197948 45638.9547372116212500
342 48034.2712410517997341 48183.4212410518011893 45489.8047372116197948 45638.9547372116212500
343 50117.9562689191370737 50267.1062689191385289 45489.8047372116197948 45638.9547372116212500
344 47369.2011989069360425 47518.3511989069374977 45489.8047372116197948 45638.9547372116212500
345 50664.8416583838625229 50813.9916583838639781 45489.8047372116197948 45638.9547372116212500
346 47487.1907764193747425 47636.3407764193761977 45489.8047372116197948 45638.9547372116212500
347 51671.7146126185762114 51820.8646126185776666 45489.8047372116197948 45638.9547372116212500
348 47704.7094142342393752 47853.8594142342408304 45489.8047372116197948 45638.9547372116212500
349 76655.7346754125028383 76804.8846754124970175 45489.8047372116197948 45638.9547372116212500
350 46953.5508492722874507 47102.7008492722889059 45489.8047372116197948 45638.9547372116212500
351 54266.2464084041930619 54415.3964084041945171 45489.8047372116197948 45638.9547372116212500
352 51648.2374737127611297 51797.3874737127625849 45489.8047372116197948 45638.9547372116212500
353 50835.9275298495704192 50985.0775298495718744 45489.8047372116197948 45638.9547372116212500
354 57131.6105478629106074 57280.7605478629120626 45489.8047372116197948 45638.9547372116212500
355 47019.4574282508765464 47168.6074282508780016 45489.8047372116197948 45638.9547372116212500
356 48366.2778630391767365 48515.4278630391781917 45489.8047372116197948 45638.9547372116212500
357 53937.1453798513757647 54086.2953798513772199 45489.8047372116197948 45638.9547372116212500
358 52094.6312511718060705 52243.7812511718075257 45489.8047372116197948 45638.9547372116212500
359 57406.6300743538740790 57555.7800743538755341 45489.8047372116197948 45638.9547372116212500
360 47188.4630701922069420 47337.6130701922083972 45489.8047372116197948 45638.9547372116212500
361 47631.5502061145816697 47780.7002061145831249 45489.8047372116197948 45638.9547372116212500
362 55664.7740057008995791 55813.9240057009010343 45489.8047372116197948 45638.9547372116212500
363 53502.1447413723726640 53651.2947413723741192 45489.8047372116197948 45638.9547372116212500
364 46679.2126638638146687 46828.3626638638161239 45489.8047372116197948 45638.9547372116212500
365 46606.6146195529072429 46755.7646195529086981 45489.8047372116197948 45638.9547372116212500
366 51573.5052635195752373 51722.6552635195766925 45489.8047372116197948 45638.9547372116212500
367 47443.6730759677375318 47592.8230759677389869 45489.8047372116197948 45638.9547372116212500
368 48371.4367072522072704 48520.5867072522087255 45489.8047372116197948 45638.9547372116212500
369 50881.0846264880383387 51030.2346264880397939 45489.8047372116197948 45638.9547372116212500
370 49098.4876020898445859 49247.6376020898460411 45489.8047372116197948 45638.9547372116212500
371 55396.6897778024940635 55545.8397778024955187 45489.8047372116197948 45638.9547372116212500
372 55300.5638931162247900 55449.7138931162262452 45489.8047372116197948 45638.9547372116212500
373 50921.5976992900759797 51070.7476992900774349 45489.8047372116197948 45638.9547372116212500
374 58652.4615448572585592 58801.6115448572600144 45489.8047372116197948 45638.9547372116212500
375 52630.6905670481937705 52779.8405670481952257 45489.8047372116197948 45638.9547372116212500
376 59908.8570051645001513 60058.0070051645016065 45489.8047372116197948 45638.9547372116212500
377 83814.6418388376769144 83963.7918388376710936 45489.8047372116197948 45638.9547372116212500
378 54374.2762112758864532 54523.4262112758879084 45489.8047372116197948 45638.9547372116212500
379 49784.6173397534294054 49933.7673397534308606 45489.8047372116197948 45638.9547372116212500
380 49949.2051695839254535 50098.3551695839269087 45489.8047372116197948 45638.9547372116212500
381 47210.3598781761902501 47359.5098781761917053 45489.8047372116197948 45638.9547372116212500
382 63608.5773360183084151 63757.7273360183098703 45489.8047372116197948 45638.9547372116212500
383 63010.1423319769310183 63159.2923319769324735 45489.8047372116197948 45638.9547372116212500
384 48408.9894711420420208 48558.1394711420434760 45489.8047372116197948 45638.9547372116212500
385 65472.8722116301651113 65622.0222116301592905 45489.8047372116197948 45638.9547372116212500
386 71620.5740841050865129 71769.7240841050806921 45489.8047372116197948 45638.9547372116212500
387 50430.6358047430403531 50579.7858047430418083 45489.8047372116197948 45638.9547372116212500
388 48652.9767708635263261 48802.1267708635277813 45489.8047372116197948 45638.9547372116212500
389 78168.4014252622437198 78317.5514252622378990 45489.8047372116197948 45638.9547372116212500
390 70011.7835736255656229 70160.9335736255598022 45489.8047372116197948 45638.9547372116212500
391 61492.8370008847850841 61641.9870008847865392 45489.8047372116197948 45638.9547372116212500
392 61003.1959798569077975 61152.3459798569092527 45489.8047372116197948 45638.9547372116212500
393 51037.9349024113689666 51187.0849024113704218 45489.8047372116197948 45638.9547372116212500
394 55407.2358228272350971 55556.3858228272365523 45489.8047372116197948 45638.9547372116212500
395 63765.4330129454392591 63914.5830129454407142 45489.8047372116197948 45638.9547372116212500
396 71933.5003357915556990 72082.6503357915498782 45489.8047372116197948 45638.9547372116212500
397 84127.4291504169959808 84276.5791504169901600 45489.8047372116197948 45638.9547372116212500
398 67263.9961895666492637 67413.1461895666434430 45489.8047372116197948 45638.9547372116212500
399 70774.5723918489529751 70923.7223918489471544 45489.8047372116197948 45638.9547372116212500
400 74244.3206674993125489 74393.4706674993067281 45489.8047372116197948 45638.9547372116212500
401 82345.6470809733873466 82494.7970809733815258 45489.8047372116197948 45638.9547372116212500
402 81370.2229933236521902 81519.3729933236463694 45489.8047372116197948 45638.9547372116212500
403 64434.9716467574107810 64584.1216467574122362 45489.8047372116197948 45638.9547372116212500
404 60354.9168662894517183 60504.0668662894531735 45489.8047372116197948 45638.9547372116212500
405 61601.6120536202870426 61750.7620536202884978 45489.8047372116197948 45638.9547372116212500
406 72167.5814175084233284 72316.7314175084175076 45489.8047372116197948 45638.9547372116212500
407 69415.6200118693232071 69564.7700118693173863 45489.8047372116197948 45638.9547372116212500
408 57653.0508929520510719 57802.2008929520525271 45489.8047372116197948 45638.9547372116212500
409 50370.8328511067375075 50519.9828511067389627 45489.8047372116197948 45638.9547372116212500
410 54360.1934667633322533 54509.3434667633337085 45489.8047372116197948 45638.9547372116212500
411 48118.1815169849287486 48267.3315169849302038 45489.8047372116197948 45638.9547372116212500
412 54257.4605462394538336 54406.6105462394552887 45489.8047372116197948 45638.9547372116212500
413 48186.4133299419117975 48335.5633299419132527 45489.8047372116197948 45638.9547372116212500
414 58133.7150818318041274 58282.8650818318055826 45489.8047372116197948 45638.9547372116212500
415 88610.3682286443363409 88759.5182286443305202 45489.8047372116197948 45638.9547372116212500
416 47833.9187802817104966 47983.0687802817119518 45489.8047372116197948 45638.9547372116212500
417 64528.0325954889485729 64677.1825954889500281 45489.8047372116197948 45638.9547372116212500
418 59934.8283861728050397 60083.9783861728064949 45489.8047372116197948 45638.9547372116212500
419 49870.6959908176650060 50019.8459908176664612 45489.8047372116197948 45638.9547372116212500
420 55508.8848005475374521 55658.0348005475389073 45489.8047372116197948 45638.9547372116212500
421 67788.5124956881627440 67937.6624956881569233 45489.8047372116197948 45638.9547372116212500
422 72020.5621645946375793 72169.7121645946317585 45489.8047372116197948 45638.9547372116212500
423 62657.0872981759093818 62806.2372981759108370 45489.8047372116197948 45638.9547372116212500
424 48046.3546208022962674 48195.5046208022977225 45489.8047372116197948 45638.9547372116212500
425 68955.2273666469845921 69104.3773666469787713 45489.8047372116197948 45638.9547372116212500
426 64206.2989448856460513 64355.4489448856475065 45489.8047372116197948 45638.9547372116212500
427 63026.3553884597495198 63175.5053884597509750 45489.8047372116197948 45638.9547372116212500
428 63589.1386460317007732 63738.2886460317022284 45489.8047372116197948 45638.9547372116212500
429 73281.9022305024263915 73431.0522305024205707 45489.8047372116197948 45638.9547372116212500
430 54894.3712023118569050 55043.5212023118583602 45489.8047372116197948 45638.9547372116212500
431 62305.6988116918873857 62454.8488116918888409 45489.8047372116197948 45638.9547372116212500
432 55260.7942334740655497 55409.9442334740670049 45489.8047372116197948 45638.9547372116212500
433 52957.1643937640401418 53106.3143937640415970 45489.8047372116197948 45638.9547372116212500
434 51211.5441358295211103 51360.6941358295225655 45489.8047372116197948 45638.9547372116212500
435 73149.3935555277712410 73298.5435555277654203 45489.8047372116197948 45638.9547372116212500
436 70194.8254875055718003 70343.9754875055659795 45489.8047372116197948 45638.9547372116212500
437 62355.2603720702463761 62504.4103720702478313 45489.8047372116197948 45638.9547372116212500
438 79399.1749014277884271 79548.3249014277826063 45489.8047372116197948 45638.9547372116212500
439 59788.8856430491723586 59938.0356430491738138 45489.8047372116197948 45638.9547372116212500
440 50888.6296577908142353 51037.7796577908156905 45489.8047372116197948 45638.9547372116212500
441 54703.9390222910224111 54853.0890222910238663 45489.8047372116197948 45638.9547372116212500
442 61915.3387300902468269 62064.4887300902482821 45489.8047372116197948 45638.9547372116212500
443 59048.1578639724975801 59197.3078639724990353 45489.8047372116197948 45638.9547372116212500
444 210344.1688739683304448 210493.3188739683246240 45489.8047372116197948 45638.9547372116212500
445 46796.2354382897174219 46945.3854382897188771 45489.8047372116197948 45638.9547372116212500
446 52775.1614551345555810 52924.3114551345570362 45489.8047372116197948 45638.9547372116212500
447 52733.2217721080523916 52882.3717721080538468 45489.8047372116197948 45638.9547372116212500
448 51430.5545428379991790 51579.7045428380006342 45489.8047372116197948 45638.9547372116212500
449 46692.8826214013315621 46842.0326214013330173 45489.8047372116197948 45638.9547372116212500
450 52274.9986060810188064 52424.1486060810202616 45489.8047372116197948 45638.9547372116212500
451 55948.5244050105029601 56097.6744050105044153 45489.8047372116197948 45638.9547372116212500
452 55011.1470388957750401 55160.2970388957764953 45489.8047372116197948 45638.9547372116212500
453 56189.3968498281974462 56338.5468498281989014 45489.8047372116197948 45638.9547372116212500
454 51412.8596926002210239 51562.0096926002224791 45489.8047372116197948 45638.9547372116212500
455 46687.0419537676280015 46836.1919537676294567 45489.8047372116197948 45638.9547372116212500
456 50646.4170519395702286 50795.5670519395716838 45489.8047372116197948 45638.9547372116212500
457 46482.3944983064866392 46631.5444983064880944 45489.8047372116197948 45638.9547372116212500
458 46505.8694536095572403 46655.0194536095586955 45489.8047372116197948 45638.9547372116212500
459 53234.7672861442915746 53383.9172861442930298 45489.8047372116197948 45638.9547372116212500
460 47749.6999479076839634 47898.8499479076854186 45489.8047372116197948 45638.9547372116212500
461 63243.6678901980776573 63392.8178901980791125 45489.8047372116197948 45638.9547372116212500
462 50313.7484025762241799 50462.8984025762256351 45489.8047372116197948 45638.9547372116212500
463 187473.6662828275584616 187622.8162828275526408 45489.8047372116197948 45638.9547372116212500
464 51932.5011605938052526 52081.6511605938067078 45489.8047372116197948 45638.9547372116212500
465 58386.4454170583048835 58535.5954170583063387 45489.8047372116197948 45638.9547372116212500
466 60535.6391101042754599 60684.7891101042769151 45489.8047372116197948 45638.9547372116212500
467 54131.6091402211604873 54280.7591402211619425 45489.8047372116197948 45638.9547372116212500
468 52954.0052932412290829 53103.1552932412305381 45489.8047372116197948 45638.9547372116212500
469 47263.6645738829174661 47412.8145738829189213 45489.8047372116197948 45638.9547372116212500
470 54106.9304987002979033 54256.0804987002993585 45489.8047372116197948 45638.9547372116212500
471 46764.8205488812673138 46913.9705488812687690 45489.8047372116197948 45638.9547372116212500
472 47562.6053080345009221 47711.7553080345023773 45489.8047372116197948 45638.9547372116212500
473 63115.3956692464780645 63264.5456692464795196 45489.8047372116197948 45638.9547372116212500
474 53331.6388120136398356 53480.7888120136412908 45489.8047372116197948 45638.9547372116212500
475 47122.1367959581184550 47271.2867959581199102 45489.8047372116197948 45638.9547372116212500
476 50035.5880981349910144 50184.7380981349924696 45489.8047372116197948 45638.9547372116212500
477 50507.3074292511737440 50656.4574292511751992 45489.8047372116197948 45638.9547372116212500
478 51700.6991472125737346 51849.8491472125751898 45489.8047372116197948 45638.9547372116212500
479 78642.5385040078108432 78791.6885040078050224 45489.8047372116197948 45638.9547372116212500
480 59673.5344871597189922 59822.6844871597204474 45489.8047372116197948 45638.9547372116212500
481 59692.3021889597439440 59841.4521889597453992 45489.8047372116197948 45638.9547372116212500
482 47115.4075662318136892 47264.5575662318151444 45489.8047372116197948 45638.9547372116212500
483 54713.1678422894474352 54862.3178422894488904 45489.8047372116197948 45638.9547372116212500
484 50143.1970692763643456 50292.3470692763658008 45489.8047372116197948 45638.9547372116212500
485 114609.8546057034109253 114759.0046057034051046 45489.8047372116197948 45638.9547372116212500
486 46753.0400870410594507 46902.1900870410609059 45489.8047372116197948 45638.9547372116212500
487 46680.6554657985907397 46829.8054657985921949 45489.8047372116197948 45638.9547372116212500
488 48325.6861010191787500 48474.8361010191802052 45489.8047372116197948 45638.9547372116212500
489 46863.2455413436982781 47012.3955413436997333 45489.8047372116197948 45638.9547372116212500
490 57235.0646734106194344 57384.2146734106208896 45489.8047372116197948 45638.9547372116212500
491 60812.3973640820768196 60961.5473640820782748 45489.8047372116197948 45638.9547372116212500
492 55944.0594404484290862 56093.2094404484305414 45489.8047372116197948 45638.9547372116212500
493 51757.3029362512970692 51906.4529362512985244 45489.8047372116197948 45638.9547372116212500
494 50331.6234685872041155 50480.7734685872055707 45489.8047372116197948 45638.9547372116212500
495 57531.5752131074405042 57680.7252131074419594 45489.8047372116197948 45638.9547372116212500
496 65322.3944052744700457 65471.5444052744715009 45489.8047372116197948 45638.9547372116212500
497 60290.7357847517923801 60439.8857847517938353 45489.8047372116197948 45638.9547372116212500
498 76232.5587048274319386 76381.7087048274261178 45489.8047372116197948 45638.9547372116212500
499 98558.7206649474246660 98707.8706649474188453 45489.8047372116197948 45638.9547372116212500
500 87265.0325265157443937 87414.1825265157385729 45489.8047372116197948 45638.9547372116212500
