evaluations raw_y current_y raw_y_best current_y_best
1 30313.7712465224467451 30462.9212465224482003 30313.7712465224467451 30462.9212465224482003
2 3666.8080584785016072 3815.9580584785016981 3666.8080584785016072 3815.9580584785016981
3 10.8211042958394525 159.9711042958394671 10.8211042958394525 159.9711042958394671
4 943.3224268669557659 1092.4724268669558569 10.8211042958394525 159.9711042958394671
5 317.3338173354231344 466.4838173354231685 10.8211042958394525 159.9711042958394671
6 2706.7651587397344883 2855.9151587397345793 10.8211042958394525 159.9711042958394671
7 2130.9779473635585418 2280.1279473635586328 10.8211042958394525 159.9711042958394671
8 96293.5903689505794318 96442.7403689505736111 10.8211042958394525 159.9711042958394671
9 153.7059535728819810 302.8559535728819583 10.8211042958394525 159.9711042958394671
10 8471.2503484260741971 8620.4003484260738333 10.8211042958394525 159.9711042958394671
11 52.9794733463206668 202.1294733463206796 10.8211042958394525 159.9711042958394671
12 8620.6604130392152001 8769.8104130392148363 10.8211042958394525 159.9711042958394671
13 43.6685617724441641 192.8185617724441840 10.8211042958394525 159.9711042958394671
14 1205.1486496697079929 1354.2986496697080838 10.8211042958394525 159.9711042958394671
15 1042.4631986122976741 1191.6131986122977651 10.8211042958394525 159.9711042958394671
16 251.1864447004864758 400.3364447004864815 10.8211042958394525 159.9711042958394671
17 5.4606351785605183 154.6106351785605284 5.4606351785605183 154.6106351785605284
18 16.3833004651379959 165.5333004651380122 5.4606351785605183 154.6106351785605284
19 1.7333577409788403 150.8833577409788518 1.7333577409788403 150.8833577409788518
20 2.0444909314323700 151.1944909314323695 1.7333577409788403 150.8833577409788518
21 9.7988418851224672 158.9488418851224765 1.7333577409788403 150.8833577409788518
22 3.1832798843384342 152.3332798843384523 1.7333577409788403 150.8833577409788518
23 11.0170283546941903 160.1670283546941960 1.7333577409788403 150.8833577409788518
24 2.8544175750395193 152.0044175750395254 1.7333577409788403 150.8833577409788518
25 11.9390444851556161 161.0890444851556254 1.7333577409788403 150.8833577409788518
26 1.6936721811065947 150.8436721811065979 1.6936721811065947 150.8436721811065979
27 11.6590075342024981 160.8090075342024932 1.6936721811065947 150.8436721811065979
28 2.4223646798742378 151.5723646798742550 1.6936721811065947 150.8436721811065979
29 1.4570521633680216 150.6070521633680244 1.4570521633680216 150.6070521633680244
30 11.7017499246863643 160.8517499246863736 1.4570521633680216 150.6070521633680244
31 23.6657343957177488 172.8157343957177545 1.4570521633680216 150.6070521633680244
32 7.3950670709067010 156.5450670709066969 1.4570521633680216 150.6070521633680244
33 12.2715538837315528 161.4215538837315478 1.4570521633680216 150.6070521633680244
34 1.9347965019000899 151.0847965019000867 1.4570521633680216 150.6070521633680244
35 6.1488430095792861 155.2988430095792864 1.4570521633680216 150.6070521633680244
36 12.4728985002083910 161.6228985002084073 1.4570521633680216 150.6070521633680244
37 2.0556969239630449 151.2056969239630462 1.4570521633680216 150.6070521633680244
38 5.4871093538660984 154.6371093538660944 1.4570521633680216 150.6070521633680244
39 2.0128061215945929 151.1628061215945991 1.4570521633680216 150.6070521633680244
40 12.9112440514638749 162.0612440514638877 1.4570521633680216 150.6070521633680244
41 5.1060373445037541 154.2560373445037669 1.4570521633680216 150.6070521633680244
42 13.1563830285737176 162.3063830285737197 1.4570521633680216 150.6070521633680244
43 2.2410215087403826 151.3910215087403799 1.4570521633680216 150.6070521633680244
44 4.5424776747256823 153.6924776747256942 1.4570521633680216 150.6070521633680244
45 14.6691031645123662 163.8191031645123701 1.4570521633680216 150.6070521633680244
46 4.1341751189109903 153.2841751189110084 1.4570521633680216 150.6070521633680244
47 2.2998373982712459 151.4498373982712565 1.4570521633680216 150.6070521633680244
48 3.4824092698215816 152.6324092698215793 1.4570521633680216 150.6070521633680244
49 11.8163684970008624 160.9663684970008717 1.4570521633680216 150.6070521633680244
50 4.5854848579323528 153.7354848579323630 1.4570521633680216 150.6070521633680244
51 3.6852458148781468 152.8352458148781636 1.4570521633680216 150.6070521633680244
52 9.6759037383229227 158.8259037383229213 1.4570521633680216 150.6070521633680244
53 0.6260019744281791 149.7760019744281976 0.6260019744281791 149.7760019744281976
54 13.9858901619053135 163.1358901619053086 0.6260019744281791 149.7760019744281976
55 0.3664331798489988 149.5164331798490025 0.3664331798489988 149.5164331798490025
56 0.5346238751193509 149.6846238751193425 0.3664331798489988 149.5164331798490025
57 4.4963332873057267 153.6463332873057368 0.3664331798489988 149.5164331798490025
58 0.6556551822365771 149.8056551822365918 0.3664331798489988 149.5164331798490025
59 13.1974299585603436 162.3474299585603546 0.3664331798489988 149.5164331798490025
60 3.9032921753863321 153.0532921753863320 0.3664331798489988 149.5164331798490025
61 0.3528790323501446 149.5028790323501369 0.3528790323501446 149.5028790323501369
62 3.5943033635963291 152.7443033635963445 0.3528790323501446 149.5028790323501369
63 0.4110685539641485 149.5610685539641622 0.3528790323501446 149.5028790323501369
64 3.4200075221234907 152.5700075221234897 0.3528790323501446 149.5028790323501369
65 0.4924515884395062 149.6424515884395134 0.3528790323501446 149.5028790323501369
66 10.6540992036378572 159.8040992036378611 0.3528790323501446 149.5028790323501369
67 3.3468318293450170 152.4968318293450125 0.3528790323501446 149.5028790323501369
68 0.1978727253547030 149.3478727253547049 0.1978727253547030 149.3478727253547049
69 3.2862534689296914 152.4362534689296922 0.1978727253547030 149.3478727253547049
70 3.1673819858694570 152.3173819858694742 0.1978727253547030 149.3478727253547049
71 0.1960080796944195 149.3460080796944283 0.1960080796944195 149.3460080796944283
72 19.2888271682297265 168.4388271682297216 0.1960080796944195 149.3460080796944283
73 3.1571828515037819 152.3071828515037964 0.1960080796944195 149.3460080796944283
74 0.2791938308102116 149.4291938308102203 0.1960080796944195 149.3460080796944283
75 7.6927239829723124 156.8427239829723305 0.1960080796944195 149.3460080796944283
76 3.2284117807373063 152.3784117807373093 0.1960080796944195 149.3460080796944283
77 0.0828224799151764 149.2328224799151712 0.0828224799151764 149.2328224799151712
78 3.2543127218093617 152.4043127218093616 0.0828224799151764 149.2328224799151712
79 0.0860805372644327 149.2360805372644279 0.0828224799151764 149.2328224799151712
80 3.2551061571185405 152.4051061571185528 0.0828224799151764 149.2328224799151712
81 5.5990322014596607 154.7490322014596700 0.0828224799151764 149.2328224799151712
82 14.9166562404945928 164.0666562404946092 0.0828224799151764 149.2328224799151712
83 8.6039731448992569 157.7539731448992484 0.0828224799151764 149.2328224799151712
84 0.1250209618363156 149.2750209618363328 0.0828224799151764 149.2328224799151712
85 3.0645590068446347 152.2145590068446381 0.0828224799151764 149.2328224799151712
86 3.0848818033303238 152.2348818033303246 0.0828224799151764 149.2328224799151712
87 0.0992899766137111 149.2492899766137100 0.0828224799151764 149.2328224799151712
88 3.1858300875009911 152.3358300875009945 0.0828224799151764 149.2328224799151712
89 0.0507277560966624 149.2007277560966543 0.0507277560966624 149.2007277560966543
90 14.3771020406050436 163.5271020406050582 0.0507277560966624 149.2007277560966543
91 4.4686942934599330 153.6186942934599529 0.0507277560966624 149.2007277560966543
92 3.6402499174739869 152.7902499174740001 0.0507277560966624 149.2007277560966543
93 0.4333904220832710 149.5833904220832835 0.0507277560966624 149.2007277560966543
94 9.8368967212332112 158.9868967212332223 0.0507277560966624 149.2007277560966543
95 3.4099342234537180 152.5599342234537232 0.0507277560966624 149.2007277560966543
96 0.0390440721461721 149.1890440721461744 0.0390440721461721 149.1890440721461744
97 3.4827316388033944 152.6327316388033921 0.0390440721461721 149.1890440721461744
98 1.1121322114978820 150.2621322114978852 0.0390440721461721 149.1890440721461744
99 1.8288877922842874 150.9788877922842971 0.0390440721461721 149.1890440721461744
100 3.7445303569966182 152.8945303569966256 0.0390440721461721 149.1890440721461744
