evaluations raw_y current_y raw_y_best current_y_best
1 33851225.7804709672927856 33851015.9004709646105766 33851225.7804709672927856 33851015.9004709646105766
2 11110529.5632634684443474 11110319.6832634676247835 11110529.5632634684443474 11110319.6832634676247835
3 38512918.9771275818347931 38512709.0971275791525841 11110529.5632634684443474 11110319.6832634676247835
4 48116225.6218113601207733 48116015.7418113574385643 11110529.5632634684443474 11110319.6832634676247835
5 16965070.0610156357288361 16964860.1810156367719173 11110529.5632634684443474 11110319.6832634676247835
6 20129612.2174684219062328 20129402.3374684229493141 11110529.5632634684443474 11110319.6832634676247835
7 20457947.2451700307428837 20457737.3651700317859650 11110529.5632634684443474 11110319.6832634676247835
8 13429128.6269154045730829 13428918.7469154037535191 11110529.5632634684443474 11110319.6832634676247835
9 40805709.0119972079992294 40805499.1319972053170204 11110529.5632634684443474 11110319.6832634676247835
10 19357567.9843026548624039 19357358.1043026559054852 11110529.5632634684443474 11110319.6832634676247835
11 14518774.4427844472229481 14518564.5627844464033842 11110529.5632634684443474 11110319.6832634676247835
12 23967266.4563060961663723 23967056.5763060972094536 11110529.5632634684443474 11110319.6832634676247835
13 3278486.7931479224935174 3278276.9131479226052761 3278486.7931479224935174 3278276.9131479226052761
14 54557441.6107711941003799 54557231.7307711914181709 3278486.7931479224935174 3278276.9131479226052761
15 7045144.7831586468964815 7044934.9031586470082402 3278486.7931479224935174 3278276.9131479226052761
16 14160006.1347038336098194 14159796.2547038327902555 3278486.7931479224935174 3278276.9131479226052761
17 9883110.1503156870603561 9882900.2703156862407923 3278486.7931479224935174 3278276.9131479226052761
18 30693806.0838058814406395 30693596.2038058824837208 3278486.7931479224935174 3278276.9131479226052761
19 44516965.1808659136295319 44516755.3008659109473228 3278486.7931479224935174 3278276.9131479226052761
20 45126195.7190040946006775 45125985.8390040919184685 3278486.7931479224935174 3278276.9131479226052761
21 4813878.9571907613426447 4813669.0771907614544034 3278486.7931479224935174 3278276.9131479226052761
22 8788266.0196578912436962 8788056.1396578904241323 3278486.7931479224935174 3278276.9131479226052761
23 15770411.8155804723501205 15770201.9355804715305567 3278486.7931479224935174 3278276.9131479226052761
24 14858356.0847609341144562 14858146.2047609332948923 3278486.7931479224935174 3278276.9131479226052761
25 29722031.5384092628955841 29721821.6584092639386654 3278486.7931479224935174 3278276.9131479226052761
26 25575873.9139886088669300 25575664.0339886099100113 3278486.7931479224935174 3278276.9131479226052761
27 53551602.1949112564325333 53551392.3149112537503242 3278486.7931479224935174 3278276.9131479226052761
28 43806492.6546350792050362 43806282.7746350765228271 3278486.7931479224935174 3278276.9131479226052761
29 23595963.4449338838458061 23595753.5649338848888874 3278486.7931479224935174 3278276.9131479226052761
30 9158895.3357737790793180 9158685.4557737782597542 3278486.7931479224935174 3278276.9131479226052761
31 45399216.1536736860871315 45399006.2736736834049225 3278486.7931479224935174 3278276.9131479226052761
32 20673777.0175399929285049 20673567.1375399939715862 3278486.7931479224935174 3278276.9131479226052761
33 14454009.2952438089996576 14453799.4152438081800938 3278486.7931479224935174 3278276.9131479226052761
34 31006764.6515532769262791 31006554.7715532779693604 3278486.7931479224935174 3278276.9131479226052761
35 18728745.2163143530488014 18728535.3363143540918827 3278486.7931479224935174 3278276.9131479226052761
36 67747919.5616309940814972 67747709.6816309988498688 3278486.7931479224935174 3278276.9131479226052761
37 19584484.8613263964653015 19584274.9813263975083828 3278486.7931479224935174 3278276.9131479226052761
38 15625491.7466793954372406 15625281.8666793946176767 3278486.7931479224935174 3278276.9131479226052761
39 6051767.8046448212116957 6051557.9246448213234544 3278486.7931479224935174 3278276.9131479226052761
40 17440758.2431065291166306 17440548.3631065301597118 3278486.7931479224935174 3278276.9131479226052761
41 22498493.5216039940714836 22498283.6416039951145649 3278486.7931479224935174 3278276.9131479226052761
42 2879678.1995046315714717 2879468.3195046316832304 2879678.1995046315714717 2879468.3195046316832304
43 33998536.8939292132854462 33998327.0139292106032372 2879678.1995046315714717 2879468.3195046316832304
44 8297469.8665537703782320 8297259.9865537704899907 2879678.1995046315714717 2879468.3195046316832304
45 14455698.8526574838906527 14455488.9726574830710888 2879678.1995046315714717 2879468.3195046316832304
46 47083320.8572924882173538 47083110.9772924855351448 2879678.1995046315714717 2879468.3195046316832304
47 14655380.1124371662735939 14655170.2324371654540300 2879678.1995046315714717 2879468.3195046316832304
48 6142824.8131505716592073 6142614.9331505717709661 2879678.1995046315714717 2879468.3195046316832304
49 29708772.9468748643994331 29708563.0668748654425144 2879678.1995046315714717 2879468.3195046316832304
50 16703144.4499388337135315 16702934.5699388328939676 2879678.1995046315714717 2879468.3195046316832304
51 8549266.2398332208395004 8549056.3598332200199366 2879678.1995046315714717 2879468.3195046316832304
52 36046347.0057111158967018 36046137.1257111132144928 2879678.1995046315714717 2879468.3195046316832304
53 40874662.0674308240413666 40874452.1874308213591576 2879678.1995046315714717 2879468.3195046316832304
54 29634460.7899322807788849 29634250.9099322818219662 2879678.1995046315714717 2879468.3195046316832304
55 16207240.0800780467689037 16207030.2000780459493399 2879678.1995046315714717 2879468.3195046316832304
56 27185986.2009754031896591 27185776.3209754042327404 2879678.1995046315714717 2879468.3195046316832304
57 27425843.4215634278953075 27425633.5415634289383888 2879678.1995046315714717 2879468.3195046316832304
58 5476614.6484517352655530 5476404.7684517353773117 2879678.1995046315714717 2879468.3195046316832304
59 39017017.8591671362519264 39016807.9791671335697174 2879678.1995046315714717 2879468.3195046316832304
60 10069957.7836773730814457 10069747.9036773722618818 2879678.1995046315714717 2879468.3195046316832304
61 8342255.5971425604075193 8342045.7171425605192780 2879678.1995046315714717 2879468.3195046316832304
62 52357786.6666333675384521 52357576.7866333648562431 2879678.1995046315714717 2879468.3195046316832304
63 45955620.4005613774061203 45955410.5205613747239113 2879678.1995046315714717 2879468.3195046316832304
64 13496300.4294415656477213 13496090.5494415648281574 2879678.1995046315714717 2879468.3195046316832304
65 13707142.7336928937584162 13706932.8536928929388523 2879678.1995046315714717 2879468.3195046316832304
66 13013609.3134641051292419 13013399.4334641043096781 2879678.1995046315714717 2879468.3195046316832304
67 4381043.8984748702496290 4380834.0184748703613877 2879678.1995046315714717 2879468.3195046316832304
68 8767676.8425653092563152 8767466.9625653084367514 2879678.1995046315714717 2879468.3195046316832304
69 26344105.7672005072236061 26343895.8872005082666874 2879678.1995046315714717 2879468.3195046316832304
70 34685334.8807819038629532 34685125.0007819011807442 2879678.1995046315714717 2879468.3195046316832304
71 25345561.4189911149442196 25345351.5389911159873009 2879678.1995046315714717 2879468.3195046316832304
72 31206700.6149254217743874 31206490.7349254228174686 2879678.1995046315714717 2879468.3195046316832304
73 14147803.0164768025279045 14147593.1364768017083406 2879678.1995046315714717 2879468.3195046316832304
74 8880248.0519353933632374 8880038.1719353925436735 2879678.1995046315714717 2879468.3195046316832304
75 37970731.9247919246554375 37970522.0447919219732285 2879678.1995046315714717 2879468.3195046316832304
76 11199606.3822653423994780 11199396.5022653415799141 2879678.1995046315714717 2879468.3195046316832304
77 59769711.0028027892112732 59769501.1228027865290642 2879678.1995046315714717 2879468.3195046316832304
78 11395877.8359205946326256 11395667.9559205938130617 2879678.1995046315714717 2879468.3195046316832304
79 43547551.1356813609600067 43547341.2556813582777977 2879678.1995046315714717 2879468.3195046316832304
80 11916975.2662712633609772 11916765.3862712625414133 2879678.1995046315714717 2879468.3195046316832304
81 29735920.1714042015373707 29735710.2914042025804520 2879678.1995046315714717 2879468.3195046316832304
82 21740442.7388573773205280 21740232.8588573783636093 2879678.1995046315714717 2879468.3195046316832304
83 5703108.5150193870067596 5702898.6350193871185184 2879678.1995046315714717 2879468.3195046316832304
84 21092724.0141655318439007 21092514.1341655328869820 2879678.1995046315714717 2879468.3195046316832304
85 48591657.0434732735157013 48591447.1634732708334923 2879678.1995046315714717 2879468.3195046316832304
86 20990079.4391473010182381 20989869.5591473020613194 2879678.1995046315714717 2879468.3195046316832304
87 34604502.4168874323368073 34604292.5368874296545982 2879678.1995046315714717 2879468.3195046316832304
88 24592826.9880045242607594 24592617.1080045253038406 2879678.1995046315714717 2879468.3195046316832304
89 4624185.4632107401266694 4623975.5832107402384281 2879678.1995046315714717 2879468.3195046316832304
90 31672108.0991257056593895 31671898.2191257067024708 2879678.1995046315714717 2879468.3195046316832304
91 3106267.6295333020389080 3106057.7495333021506667 2879678.1995046315714717 2879468.3195046316832304
92 1919414.5911811748519540 1919204.7111811749637127 1919414.5911811748519540 1919204.7111811749637127
93 48557569.6457476690411568 48557359.7657476663589478 1919414.5911811748519540 1919204.7111811749637127
94 9057332.2880988344550133 9057122.4080988336354494 1919414.5911811748519540 1919204.7111811749637127
95 6187787.4115678984671831 6187577.5315678985789418 1919414.5911811748519540 1919204.7111811749637127
96 19766826.0773484744131565 19766616.1973484754562378 1919414.5911811748519540 1919204.7111811749637127
97 18799720.2337407693266869 18799510.3537407703697681 1919414.5911811748519540 1919204.7111811749637127
98 9728519.8837970606982708 9728310.0037970598787069 1919414.5911811748519540 1919204.7111811749637127
99 43365037.5764893069863319 43364827.6964893043041229 1919414.5911811748519540 1919204.7111811749637127
100 40444105.8775918930768967 40443895.9975918903946877 1919414.5911811748519540 1919204.7111811749637127
101 21058133.6098671071231365 21057923.7298671081662178 1919414.5911811748519540 1919204.7111811749637127
102 32688253.5233344510197639 32688043.6433344520628452 1919414.5911811748519540 1919204.7111811749637127
103 9530493.8181832581758499 9530283.9381832573562860 1919414.5911811748519540 1919204.7111811749637127
104 14986860.2461050897836685 14986650.3661050889641047 1919414.5911811748519540 1919204.7111811749637127
105 16683220.5150275919586420 16683010.6350275911390781 1919414.5911811748519540 1919204.7111811749637127
106 7922344.8489243658259511 7922134.9689243659377098 1919414.5911811748519540 1919204.7111811749637127
107 23572089.7890869379043579 23571879.9090869389474392 1919414.5911811748519540 1919204.7111811749637127
108 45725429.9365065693855286 45725220.0565065667033195 1919414.5911811748519540 1919204.7111811749637127
109 23036054.3817895650863647 23035844.5017895661294460 1919414.5911811748519540 1919204.7111811749637127
110 5042644.1947638848796487 5042434.3147638849914074 1919414.5911811748519540 1919204.7111811749637127
111 43585367.4312271475791931 43585157.5512271448969841 1919414.5911811748519540 1919204.7111811749637127
112 39013933.0659729167819023 39013723.1859729140996933 1919414.5911811748519540 1919204.7111811749637127
113 37916511.3803429082036018 37916301.5003429055213928 1919414.5911811748519540 1919204.7111811749637127
114 19794712.9620584510266781 19794503.0820584520697594 1919414.5911811748519540 1919204.7111811749637127
115 20214583.0309343002736568 20214373.1509343013167381 1919414.5911811748519540 1919204.7111811749637127
116 10291340.0848621129989624 10291130.2048621121793985 1919414.5911811748519540 1919204.7111811749637127
117 35296766.6128100976347923 35296556.7328100949525833 1919414.5911811748519540 1919204.7111811749637127
118 32229924.7052405066788197 32229714.8252405077219009 1919414.5911811748519540 1919204.7111811749637127
119 9923980.1305700652301311 9923770.2505700644105673 1919414.5911811748519540 1919204.7111811749637127
120 31243347.0755969360470772 31243137.1955969370901585 1919414.5911811748519540 1919204.7111811749637127
121 18300113.8787249922752380 18299903.9987249933183193 1919414.5911811748519540 1919204.7111811749637127
122 36001228.2095884010195732 36001018.3295883983373642 1919414.5911811748519540 1919204.7111811749637127
123 1498248.4136358494870365 1498038.5336358495987952 1498248.4136358494870365 1498038.5336358495987952
124 12291738.9995028302073479 12291529.1195028293877840 1498248.4136358494870365 1498038.5336358495987952
125 25126668.5859260372817516 25126458.7059260383248329 1498248.4136358494870365 1498038.5336358495987952
126 58263247.8333245068788528 58263037.9533245041966438 1498248.4136358494870365 1498038.5336358495987952
127 47440435.4973280876874924 47440225.6173280850052834 1498248.4136358494870365 1498038.5336358495987952
128 16383330.9759105443954468 16383121.0959105435758829 1498248.4136358494870365 1498038.5336358495987952
129 3668680.6647057496011257 3668470.7847057497128844 1498248.4136358494870365 1498038.5336358495987952
130 18672784.7717907316982746 18672574.8917907327413559 1498248.4136358494870365 1498038.5336358495987952
131 34959669.3471842110157013 34959459.4671842083334923 1498248.4136358494870365 1498038.5336358495987952
132 29337733.7818145789206028 29337523.9018145799636841 1498248.4136358494870365 1498038.5336358495987952
133 9170359.9174784589558840 9170150.0374784581363201 1498248.4136358494870365 1498038.5336358495987952
134 36053361.0419841706752777 36053151.1619841679930687 1498248.4136358494870365 1498038.5336358495987952
135 10007176.3412165902554989 10006966.4612165894359350 1498248.4136358494870365 1498038.5336358495987952
136 27830379.7003325782716274 27830169.8203325793147087 1498248.4136358494870365 1498038.5336358495987952
137 18785302.4032366834580898 18785092.5232366845011711 1498248.4136358494870365 1498038.5336358495987952
138 42626443.9852193444967270 42626234.1052193418145180 1498248.4136358494870365 1498038.5336358495987952
139 12228677.5545770898461342 12228467.6745770890265703 1498248.4136358494870365 1498038.5336358495987952
140 40204230.1029212325811386 40204020.2229212298989296 1498248.4136358494870365 1498038.5336358495987952
141 43499110.4423644989728928 43498900.5623644962906837 1498248.4136358494870365 1498038.5336358495987952
142 47453198.2581893205642700 47452988.3781893178820610 1498248.4136358494870365 1498038.5336358495987952
143 17487480.3549349755048752 17487270.4749349765479565 1498248.4136358494870365 1498038.5336358495987952
144 13622116.4379586558789015 13621906.5579586550593376 1498248.4136358494870365 1498038.5336358495987952
145 28786275.0380002930760384 28786065.1580002941191196 1498248.4136358494870365 1498038.5336358495987952
146 23400475.2406679503619671 23400265.3606679514050484 1498248.4136358494870365 1498038.5336358495987952
147 21546089.4184214584529400 21545879.5384214594960213 1498248.4136358494870365 1498038.5336358495987952
148 7321264.9310007877647877 7321055.0510007878765464 1498248.4136358494870365 1498038.5336358495987952
149 6351056.7542783208191395 6350846.8742783209308982 1498248.4136358494870365 1498038.5336358495987952
150 38152054.4879144504666328 38151844.6079144477844238 1498248.4136358494870365 1498038.5336358495987952
151 13671100.5597778782248497 13670890.6797778774052858 1498248.4136358494870365 1498038.5336358495987952
152 21429430.0700999647378922 21429220.1900999657809734 1498248.4136358494870365 1498038.5336358495987952
153 9134274.9511704836040735 9134065.0711704827845097 1498248.4136358494870365 1498038.5336358495987952
154 54365441.6150482222437859 54365231.7350482195615768 1498248.4136358494870365 1498038.5336358495987952
155 37782507.3326444178819656 37782297.4526444151997566 1498248.4136358494870365 1498038.5336358495987952
156 32124054.6902811564505100 32123844.8102811574935913 1498248.4136358494870365 1498038.5336358495987952
157 5698371.0617588181048632 5698161.1817588182166219 1498248.4136358494870365 1498038.5336358495987952
158 61013852.6018664613366127 61013642.7218664586544037 1498248.4136358494870365 1498038.5336358495987952
159 2976621.3082553213462234 2976411.4282553214579821 1498248.4136358494870365 1498038.5336358495987952
160 3460744.1108981394208968 3460534.2308981395326555 1498248.4136358494870365 1498038.5336358495987952
161 5949656.3719510659575462 5949446.4919510660693049 1498248.4136358494870365 1498038.5336358495987952
162 24864512.3812913298606873 24864302.5012913309037685 1498248.4136358494870365 1498038.5336358495987952
163 9492999.8963496014475822 9492790.0163496006280184 1498248.4136358494870365 1498038.5336358495987952
164 35883627.3592604771256447 35883417.4792604744434357 1498248.4136358494870365 1498038.5336358495987952
165 27730784.6359613575041294 27730574.7559613585472107 1498248.4136358494870365 1498038.5336358495987952
166 4150929.7995436172932386 4150719.9195436174049973 1498248.4136358494870365 1498038.5336358495987952
167 11136194.9394423700869083 11135985.0594423692673445 1498248.4136358494870365 1498038.5336358495987952
168 14293284.9551904853433371 14293075.0751904845237732 1498248.4136358494870365 1498038.5336358495987952
169 16115207.4549250267446041 16114997.5749250259250402 1498248.4136358494870365 1498038.5336358495987952
170 26270791.7931806221604347 26270581.9131806232035160 1498248.4136358494870365 1498038.5336358495987952
171 7220835.7338506802916527 7220625.8538506804034114 1498248.4136358494870365 1498038.5336358495987952
172 10762967.9631771314889193 10762758.0831771306693554 1498248.4136358494870365 1498038.5336358495987952
173 12611218.3698092177510262 12611008.4898092169314623 1498248.4136358494870365 1498038.5336358495987952
174 4084736.2324779136106372 4084526.3524779137223959 1498248.4136358494870365 1498038.5336358495987952
175 24187697.1786708831787109 24187487.2986708842217922 1498248.4136358494870365 1498038.5336358495987952
176 20881753.0422005578875542 20881543.1622005589306355 1498248.4136358494870365 1498038.5336358495987952
177 33373485.1388852298259735 33373275.2588852308690548 1498248.4136358494870365 1498038.5336358495987952
178 13400044.6007118113338947 13399834.7207118105143309 1498248.4136358494870365 1498038.5336358495987952
179 36109891.4460948705673218 36109681.5660948678851128 1498248.4136358494870365 1498038.5336358495987952
180 6292374.8890746142715216 6292165.0090746143832803 1498248.4136358494870365 1498038.5336358495987952
181 50028948.1898196190595627 50028738.3098196163773537 1498248.4136358494870365 1498038.5336358495987952
182 5855767.9059301968663931 5855558.0259301969781518 1498248.4136358494870365 1498038.5336358495987952
183 6811613.4492295142263174 6811403.5692295143380761 1498248.4136358494870365 1498038.5336358495987952
184 18512254.8838844150304794 18512045.0038844160735607 1498248.4136358494870365 1498038.5336358495987952
185 8683065.1489662490785122 8682855.2689662482589483 1498248.4136358494870365 1498038.5336358495987952
186 19633083.1266297809779644 19632873.2466297820210457 1498248.4136358494870365 1498038.5336358495987952
187 4845095.0079821823164821 4844885.1279821824282408 1498248.4136358494870365 1498038.5336358495987952
188 9092933.7461570892482996 9092723.8661570884287357 1498248.4136358494870365 1498038.5336358495987952
189 5814354.8870777599513531 5814145.0070777600631118 1498248.4136358494870365 1498038.5336358495987952
190 3065597.7834575306624174 3065387.9034575307741761 1498248.4136358494870365 1498038.5336358495987952
191 24417714.2861637100577354 24417504.4061637111008167 1498248.4136358494870365 1498038.5336358495987952
192 22088145.7848342582583427 22087935.9048342593014240 1498248.4136358494870365 1498038.5336358495987952
193 17010930.6053123064339161 17010720.7253123074769974 1498248.4136358494870365 1498038.5336358495987952
194 18306952.3992220535874367 18306742.5192220546305180 1498248.4136358494870365 1498038.5336358495987952
195 6259282.3913673264905810 6259072.5113673266023397 1498248.4136358494870365 1498038.5336358495987952
196 4712830.0104223936796188 4712620.1304223937913775 1498248.4136358494870365 1498038.5336358495987952
197 76454793.1231865733861923 76454583.2431865781545639 1498248.4136358494870365 1498038.5336358495987952
198 17774341.9501979537308216 17774132.0701979547739029 1498248.4136358494870365 1498038.5336358495987952
199 14986287.3170297294855118 14986077.4370297286659479 1498248.4136358494870365 1498038.5336358495987952
200 55503193.2108945995569229 55502983.3308945968747139 1498248.4136358494870365 1498038.5336358495987952
201 28719973.5512868277728558 28719763.6712868288159370 1498248.4136358494870365 1498038.5336358495987952
202 12886605.0723064709454775 12886395.1923064701259136 1498248.4136358494870365 1498038.5336358495987952
203 4143661.3723430265672505 4143451.4923430266790092 1498248.4136358494870365 1498038.5336358495987952
204 23658249.1293671280145645 23658039.2493671290576458 1498248.4136358494870365 1498038.5336358495987952
205 30067758.5919227898120880 30067548.7119227908551693 1498248.4136358494870365 1498038.5336358495987952
206 10211670.5266986005008221 10211460.6466985996812582 1498248.4136358494870365 1498038.5336358495987952
207 3754195.9138691732659936 3753986.0338691733777523 1498248.4136358494870365 1498038.5336358495987952
208 16152097.7063938416540623 16151887.8263938408344984 1498248.4136358494870365 1498038.5336358495987952
209 11349050.1466104034334421 11348840.2666104026138783 1498248.4136358494870365 1498038.5336358495987952
210 37728873.9241844788193703 37728664.0441844761371613 1498248.4136358494870365 1498038.5336358495987952
211 10644441.0528208166360855 10644231.1728208158165216 1498248.4136358494870365 1498038.5336358495987952
212 57685960.3040409982204437 57685750.4240409955382347 1498248.4136358494870365 1498038.5336358495987952
213 17661538.7756083868443966 17661328.8956083878874779 1498248.4136358494870365 1498038.5336358495987952
214 36653722.3151927515864372 36653512.4351927489042282 1498248.4136358494870365 1498038.5336358495987952
215 4870798.8745943438261747 4870588.9945943439379334 1498248.4136358494870365 1498038.5336358495987952
216 24083774.0852673612535000 24083564.2052673622965813 1498248.4136358494870365 1498038.5336358495987952
217 15413134.3679985925555229 15412924.4879985917359591 1498248.4136358494870365 1498038.5336358495987952
218 40963288.1952164098620415 40963078.3152164071798325 1498248.4136358494870365 1498038.5336358495987952
219 10511577.5249469820410013 10511367.6449469812214375 1498248.4136358494870365 1498038.5336358495987952
220 6023080.5139900688081980 6022870.6339900689199567 1498248.4136358494870365 1498038.5336358495987952
221 28714916.1971830539405346 28714706.3171830549836159 1498248.4136358494870365 1498038.5336358495987952
222 9606204.9130107350647449 9605995.0330107342451811 1498248.4136358494870365 1498038.5336358495987952
223 3525941.7058942103758454 3525731.8258942104876041 1498248.4136358494870365 1498038.5336358495987952
224 13068894.4735108613967896 13068684.5935108605772257 1498248.4136358494870365 1498038.5336358495987952
225 38942928.0066511556506157 38942718.1266511529684067 1498248.4136358494870365 1498038.5336358495987952
226 18413738.7443518824875355 18413528.8643518835306168 1498248.4136358494870365 1498038.5336358495987952
227 1944211.3187517325859517 1944001.4387517326977104 1498248.4136358494870365 1498038.5336358495987952
228 14138768.3986170068383217 14138558.5186170060187578 1498248.4136358494870365 1498038.5336358495987952
229 4139165.1982327098958194 4138955.3182327100075781 1498248.4136358494870365 1498038.5336358495987952
230 12147793.9057321734726429 12147584.0257321726530790 1498248.4136358494870365 1498038.5336358495987952
231 22437537.0213738381862640 22437327.1413738392293453 1498248.4136358494870365 1498038.5336358495987952
232 8842682.2398804519325495 8842472.3598804511129856 1498248.4136358494870365 1498038.5336358495987952
233 32072159.6167448349297047 32071949.7367448359727859 1498248.4136358494870365 1498038.5336358495987952
234 9575946.8743086922913790 9575736.9943086914718151 1498248.4136358494870365 1498038.5336358495987952
235 6772128.3706810027360916 6771918.4906810028478503 1498248.4136358494870365 1498038.5336358495987952
236 5201452.9901663158088923 5201243.1101663159206510 1498248.4136358494870365 1498038.5336358495987952
237 46445977.6081063151359558 46445767.7281063124537468 1498248.4136358494870365 1498038.5336358495987952
238 16136121.8446600586175919 16135911.9646600577980280 1498248.4136358494870365 1498038.5336358495987952
239 8964144.9978352934122086 8963935.1178352925926447 1498248.4136358494870365 1498038.5336358495987952
240 18024831.4996888227760792 18024621.6196888238191605 1498248.4136358494870365 1498038.5336358495987952
241 34774730.9709643721580505 34774521.0909643694758415 1498248.4136358494870365 1498038.5336358495987952
242 15846838.2054834607988596 15846628.3254834599792957 1498248.4136358494870365 1498038.5336358495987952
243 47456614.4795786142349243 47456404.5995786115527153 1498248.4136358494870365 1498038.5336358495987952
244 4906671.6505621513351798 4906461.7705621514469385 1498248.4136358494870365 1498038.5336358495987952
245 9794171.4010974075645208 9793961.5210974067449570 1498248.4136358494870365 1498038.5336358495987952
246 8267910.3118095137178898 8267700.4318095138296485 1498248.4136358494870365 1498038.5336358495987952
247 28436386.0490748248994350 28436176.1690748259425163 1498248.4136358494870365 1498038.5336358495987952
248 49274317.3020793125033379 49274107.4220793098211288 1498248.4136358494870365 1498038.5336358495987952
249 9717512.3521492090076208 9717302.4721492081880569 1498248.4136358494870365 1498038.5336358495987952
250 30632111.7182447798550129 30631901.8382447808980942 1498248.4136358494870365 1498038.5336358495987952
251 14427533.5575461015105247 14427323.6775461006909609 1498248.4136358494870365 1498038.5336358495987952
252 22609429.7467033639550209 22609219.8667033649981022 1498248.4136358494870365 1498038.5336358495987952
253 32688735.7297768890857697 32688525.8497768901288509 1498248.4136358494870365 1498038.5336358495987952
254 9055084.7823516335338354 9054874.9023516327142715 1498248.4136358494870365 1498038.5336358495987952
255 23817551.3753586262464523 23817341.4953586272895336 1498248.4136358494870365 1498038.5336358495987952
256 14825865.6830474473536015 14825655.8030474465340376 1498248.4136358494870365 1498038.5336358495987952
257 45499775.2310906648635864 45499565.3510906621813774 1498248.4136358494870365 1498038.5336358495987952
258 19204632.9920328408479691 19204423.1120328418910503 1498248.4136358494870365 1498038.5336358495987952
259 15199650.8658166062086821 15199440.9858166053891182 1498248.4136358494870365 1498038.5336358495987952
260 8487996.7364747803658247 8487786.8564747795462608 1498248.4136358494870365 1498038.5336358495987952
261 23464482.7080992683768272 23464272.8280992694199085 1498248.4136358494870365 1498038.5336358495987952
262 21384658.9156744331121445 21384449.0356744341552258 1498248.4136358494870365 1498038.5336358495987952
263 53685488.9613966718316078 53685279.0813966691493988 1498248.4136358494870365 1498038.5336358495987952
264 18008553.9896875023841858 18008344.1096875034272671 1498248.4136358494870365 1498038.5336358495987952
265 49562616.2675056606531143 49562406.3875056579709053 1498248.4136358494870365 1498038.5336358495987952
266 8637666.6894175931811333 8637456.8094175923615694 1498248.4136358494870365 1498038.5336358495987952
267 25643905.6953587532043457 25643695.8153587542474270 1498248.4136358494870365 1498038.5336358495987952
268 4406532.4629038218408823 4406322.5829038219526410 1498248.4136358494870365 1498038.5336358495987952
269 11082530.9524104334414005 11082321.0724104326218367 1498248.4136358494870365 1498038.5336358495987952
270 50744616.3796911686658859 50744406.4996911659836769 1498248.4136358494870365 1498038.5336358495987952
271 3210372.0089176977053285 3210162.1289176978170872 1498248.4136358494870365 1498038.5336358495987952
272 19042528.4871385879814625 19042318.6071385890245438 1498248.4136358494870365 1498038.5336358495987952
273 9233736.5263848993927240 9233526.6463848985731602 1498248.4136358494870365 1498038.5336358495987952
274 7345788.2745614890009165 7345578.3945614891126752 1498248.4136358494870365 1498038.5336358495987952
275 8907064.6708572488278151 8906854.7908572480082512 1498248.4136358494870365 1498038.5336358495987952
276 24033828.4976393878459930 24033618.6176393888890743 1498248.4136358494870365 1498038.5336358495987952
277 34618221.3939287811517715 34618011.5139287784695625 1498248.4136358494870365 1498038.5336358495987952
278 26544538.7737752348184586 26544328.8937752358615398 1498248.4136358494870365 1498038.5336358495987952
279 32036667.2431802302598953 32036457.3631802313029766 1498248.4136358494870365 1498038.5336358495987952
280 22968020.5007837861776352 22967810.6207837872207165 1498248.4136358494870365 1498038.5336358495987952
281 33460932.3248691782355309 33460722.4448691792786121 1498248.4136358494870365 1498038.5336358495987952
282 53868390.9422876760363579 53868181.0622876733541489 1498248.4136358494870365 1498038.5336358495987952
283 24263373.9190633893013000 24263164.0390633903443813 1498248.4136358494870365 1498038.5336358495987952
284 18281877.1164742186665535 18281667.2364742197096348 1498248.4136358494870365 1498038.5336358495987952
285 36101448.2812926173210144 36101238.4012926146388054 1498248.4136358494870365 1498038.5336358495987952
286 23530787.7390142232179642 23530577.8590142242610455 1498248.4136358494870365 1498038.5336358495987952
287 2807744.4094302561134100 2807534.5294302562251687 1498248.4136358494870365 1498038.5336358495987952
288 43696695.1835309788584709 43696485.3035309761762619 1498248.4136358494870365 1498038.5336358495987952
289 12917352.1131319813430309 12917142.2331319805234671 1498248.4136358494870365 1498038.5336358495987952
290 30300655.2375922165811062 30300445.3575922176241875 1498248.4136358494870365 1498038.5336358495987952
291 22527931.7262334525585175 22527721.8462334536015987 1498248.4136358494870365 1498038.5336358495987952
292 5183019.1449612108990550 5182809.2649612110108137 1498248.4136358494870365 1498038.5336358495987952
293 13887295.2289292067289352 13887085.3489292059093714 1498248.4136358494870365 1498038.5336358495987952
294 36123524.6324799880385399 36123314.7524799853563309 1498248.4136358494870365 1498038.5336358495987952
295 9808348.8615020662546158 9808138.9815020654350519 1498248.4136358494870365 1498038.5336358495987952
296 15895145.4290876854211092 15894935.5490876846015453 1498248.4136358494870365 1498038.5336358495987952
297 3652462.7909729331731796 3652252.9109729332849383 1498248.4136358494870365 1498038.5336358495987952
298 25478449.2633456662297249 25478239.3833456672728062 1498248.4136358494870365 1498038.5336358495987952
299 32809711.0813492313027382 32809501.2013492323458195 1498248.4136358494870365 1498038.5336358495987952
300 10641335.5901977382600307 10641125.7101977374404669 1498248.4136358494870365 1498038.5336358495987952
301 17468317.1400760002434254 17468107.2600760012865067 1498248.4136358494870365 1498038.5336358495987952
302 45426388.7560502886772156 45426178.8760502859950066 1498248.4136358494870365 1498038.5336358495987952
303 15201886.9125331174582243 15201677.0325331166386604 1498248.4136358494870365 1498038.5336358495987952
304 40130188.7666921839118004 40129978.8866921812295914 1498248.4136358494870365 1498038.5336358495987952
305 7258883.9808935113251209 7258674.1008935114368796 1498248.4136358494870365 1498038.5336358495987952
306 7392141.1219400204718113 7391931.2419400205835700 1498248.4136358494870365 1498038.5336358495987952
307 48921645.4556970894336700 48921435.5756970867514610 1498248.4136358494870365 1498038.5336358495987952
308 40684367.3991790637373924 40684157.5191790610551834 1498248.4136358494870365 1498038.5336358495987952
309 15788213.7882426604628563 15788003.9082426596432924 1498248.4136358494870365 1498038.5336358495987952
310 19115039.3792663589119911 19114829.4992663599550724 1498248.4136358494870365 1498038.5336358495987952
311 21351997.6962937340140343 21351787.8162937350571156 1498248.4136358494870365 1498038.5336358495987952
312 4645424.3286635708063841 4645214.4486635709181428 1498248.4136358494870365 1498038.5336358495987952
313 5547180.1785856382921338 5546970.2985856384038925 1498248.4136358494870365 1498038.5336358495987952
314 21987587.6975268274545670 21987377.8175268284976482 1498248.4136358494870365 1498038.5336358495987952
315 25361540.9985418319702148 25361331.1185418330132961 1498248.4136358494870365 1498038.5336358495987952
316 28510635.2482117787003517 28510425.3682117797434330 1498248.4136358494870365 1498038.5336358495987952
317 11340545.3590115290135145 11340335.4790115281939507 1498248.4136358494870365 1498038.5336358495987952
318 4885714.1901481086388230 4885504.3101481087505817 1498248.4136358494870365 1498038.5336358495987952
319 8466769.8610426820814610 8466559.9810426812618971 1498248.4136358494870365 1498038.5336358495987952
320 18322579.7097479030489922 18322369.8297479040920734 1498248.4136358494870365 1498038.5336358495987952
321 16131348.8570976704359055 16131138.9770976696163416 1498248.4136358494870365 1498038.5336358495987952
322 7764654.6194182476028800 7764444.7394182477146387 1498248.4136358494870365 1498038.5336358495987952
323 15572247.6693821996450424 15572037.7893821988254786 1498248.4136358494870365 1498038.5336358495987952
324 54181212.0615689158439636 54181002.1815689131617546 1498248.4136358494870365 1498038.5336358495987952
325 25279865.5172889195382595 25279655.6372889205813408 1498248.4136358494870365 1498038.5336358495987952
326 12149259.2041224986314774 12149049.3241224978119135 1498248.4136358494870365 1498038.5336358495987952
327 8519992.4916725642979145 8519782.6116725634783506 1498248.4136358494870365 1498038.5336358495987952
328 28251390.9166609570384026 28251181.0366609580814838 1498248.4136358494870365 1498038.5336358495987952
329 60098009.9910447746515274 60097800.1110447719693184 1498248.4136358494870365 1498038.5336358495987952
330 14387596.8346982896327972 14387386.9546982888132334 1498248.4136358494870365 1498038.5336358495987952
331 32336306.5928886793553829 32336096.7128886803984642 1498248.4136358494870365 1498038.5336358495987952
332 31603040.8792516514658928 31602830.9992516525089741 1498248.4136358494870365 1498038.5336358495987952
333 6178176.6233750227838755 6177966.7433750228956342 1498248.4136358494870365 1498038.5336358495987952
334 7971366.6104561453685164 7971156.7304561454802752 1498248.4136358494870365 1498038.5336358495987952
335 16793558.3953375965356827 16793348.5153375975787640 1498248.4136358494870365 1498038.5336358495987952
336 16377686.2165739089250565 16377476.3365739081054926 1498248.4136358494870365 1498038.5336358495987952
337 30236193.0475975908339024 30235983.1675975918769836 1498248.4136358494870365 1498038.5336358495987952
338 10257371.0407863669097424 10257161.1607863660901785 1498248.4136358494870365 1498038.5336358495987952
339 11177128.5009591095149517 11176918.6209591086953878 1498248.4136358494870365 1498038.5336358495987952
340 47704373.6351398378610611 47704163.7551398351788521 1498248.4136358494870365 1498038.5336358495987952
341 19124587.7316365316510201 19124377.8516365326941013 1498248.4136358494870365 1498038.5336358495987952
342 19459463.4120446220040321 19459253.5320446230471134 1498248.4136358494870365 1498038.5336358495987952
343 9553003.3110569678246975 9552793.4310569670051336 1498248.4136358494870365 1498038.5336358495987952
344 34338584.3008566871285439 34338374.4208566844463348 1498248.4136358494870365 1498038.5336358495987952
345 29864619.2823456004261971 29864409.4023456014692783 1498248.4136358494870365 1498038.5336358495987952
346 654284.3739210033090785 654074.4939210033044219 654284.3739210033090785 654074.4939210033044219
347 8571218.0343177523463964 8571008.1543177515268326 654284.3739210033090785 654074.4939210033044219
348 27665453.7468685284256935 27665243.8668685294687748 654284.3739210033090785 654074.4939210033044219
349 22323441.3967393487691879 22323231.5167393498122692 654284.3739210033090785 654074.4939210033044219
350 21323957.6620814837515354 21323747.7820814847946167 654284.3739210033090785 654074.4939210033044219
351 3736997.7939903987571597 3736787.9139903988689184 654284.3739210033090785 654074.4939210033044219
352 7251428.0701033184304833 7251218.1901033185422421 654284.3739210033090785 654074.4939210033044219
353 15843201.6289186589419842 15842991.7489186581224203 654284.3739210033090785 654074.4939210033044219
354 7882382.6202698033303022 7882172.7402698034420609 654284.3739210033090785 654074.4939210033044219
355 21359070.4836931563913822 21358860.6036931574344635 654284.3739210033090785 654074.4939210033044219
356 11753572.7777979765087366 11753362.8977979756891727 654284.3739210033090785 654074.4939210033044219
357 14596351.5966590680181980 14596141.7166590671986341 654284.3739210033090785 654074.4939210033044219
358 4607998.9519911874085665 4607789.0719911875203252 654284.3739210033090785 654074.4939210033044219
359 28428503.1865185946226120 28428293.3065185956656933 654284.3739210033090785 654074.4939210033044219
360 7370398.1711874315515161 7370188.2911874316632748 654284.3739210033090785 654074.4939210033044219
361 33402950.9488525092601776 33402741.0688525103032589 654284.3739210033090785 654074.4939210033044219
362 14456927.2893719915300608 14456717.4093719907104969 654284.3739210033090785 654074.4939210033044219
363 7202987.8702667867764831 7202777.9902667868882418 654284.3739210033090785 654074.4939210033044219
364 9303132.2507454939186573 9302922.3707454930990934 654284.3739210033090785 654074.4939210033044219
365 23014232.2513087913393974 23014022.3713087923824787 654284.3739210033090785 654074.4939210033044219
366 15245115.1682012006640434 15244905.2882011998444796 654284.3739210033090785 654074.4939210033044219
367 36603719.5481050163507462 36603509.6681050136685371 654284.3739210033090785 654074.4939210033044219
368 20582174.4296062029898167 20581964.5496062040328979 654284.3739210033090785 654074.4939210033044219
369 42902585.3581450805068016 42902375.4781450778245926 654284.3739210033090785 654074.4939210033044219
370 19911816.9832985028624535 19911607.1032985039055347 654284.3739210033090785 654074.4939210033044219
371 19467814.4039793759584427 19467604.5239793770015240 654284.3739210033090785 654074.4939210033044219
372 23589887.9764476828277111 23589678.0964476838707924 654284.3739210033090785 654074.4939210033044219
373 50561901.5254675298929214 50561691.6454675272107124 654284.3739210033090785 654074.4939210033044219
374 3164608.0684242611750960 3164398.1884242612868547 654284.3739210033090785 654074.4939210033044219
375 19187048.6828976571559906 19186838.8028976581990719 654284.3739210033090785 654074.4939210033044219
376 13019167.2815388031303883 13018957.4015388023108244 654284.3739210033090785 654074.4939210033044219
377 49173560.9916947558522224 49173351.1116947531700134 654284.3739210033090785 654074.4939210033044219
378 3740695.6907088104635477 3740485.8107088105753064 654284.3739210033090785 654074.4939210033044219
379 40612334.4358580708503723 40612124.5558580681681633 654284.3739210033090785 654074.4939210033044219
380 8716415.7530834954231977 8716205.8730834946036339 654284.3739210033090785 654074.4939210033044219
381 35879692.2479166463017464 35879482.3679166436195374 654284.3739210033090785 654074.4939210033044219
382 62587420.7325488254427910 62587210.8525488227605820 654284.3739210033090785 654074.4939210033044219
383 5457231.2422684002667665 5457021.3622684003785253 654284.3739210033090785 654074.4939210033044219
384 8469825.1229283511638641 8469615.2429283503443003 654284.3739210033090785 654074.4939210033044219
385 31460635.6153829991817474 31460425.7353830002248287 654284.3739210033090785 654074.4939210033044219
386 10509990.2427241876721382 10509780.3627241868525743 654284.3739210033090785 654074.4939210033044219
387 6814989.4505220083519816 6814779.5705220084637403 654284.3739210033090785 654074.4939210033044219
388 17093791.4061282202601433 17093581.5261282213032246 654284.3739210033090785 654074.4939210033044219
389 16949152.9590056389570236 16948943.0790056400001049 654284.3739210033090785 654074.4939210033044219
390 34399497.3665424212813377 34399287.4865424185991287 654284.3739210033090785 654074.4939210033044219
391 4384911.7874861760064960 4384701.9074861761182547 654284.3739210033090785 654074.4939210033044219
392 4007805.1315403524786234 4007595.2515403525903821 654284.3739210033090785 654074.4939210033044219
393 6257378.3966898033395410 6257168.5166898034512997 654284.3739210033090785 654074.4939210033044219
394 15299206.1473037637770176 15298996.2673037629574537 654284.3739210033090785 654074.4939210033044219
395 15458684.2309726383537054 15458474.3509726375341415 654284.3739210033090785 654074.4939210033044219
396 27818895.3491554260253906 27818685.4691554270684719 654284.3739210033090785 654074.4939210033044219
397 6853768.4898058837279677 6853558.6098058838397264 654284.3739210033090785 654074.4939210033044219
398 21123608.0376324430108070 21123398.1576324440538883 654284.3739210033090785 654074.4939210033044219
399 9892543.2980636656284332 9892333.4180636648088694 654284.3739210033090785 654074.4939210033044219
400 5788233.1405126946046948 5788023.2605126947164536 654284.3739210033090785 654074.4939210033044219
401 21205304.9519288465380669 21205095.0719288475811481 654284.3739210033090785 654074.4939210033044219
402 3223409.2699933564290404 3223199.3899933565407991 654284.3739210033090785 654074.4939210033044219
403 20347946.7396295294165611 20347736.8596295304596424 654284.3739210033090785 654074.4939210033044219
404 5086439.7727397475391626 5086229.8927397476509213 654284.3739210033090785 654074.4939210033044219
405 4448850.9752873238176107 4448641.0952873239293694 654284.3739210033090785 654074.4939210033044219
406 9252315.6189227756112814 9252105.7389227747917175 654284.3739210033090785 654074.4939210033044219
407 60165603.8531163334846497 60165393.9731163308024406 654284.3739210033090785 654074.4939210033044219
408 5619571.4684227202087641 5619361.5884227203205228 654284.3739210033090785 654074.4939210033044219
409 32186546.4210561960935593 32186336.5410561971366405 654284.3739210033090785 654074.4939210033044219
410 39426531.1021226942539215 39426321.2221226915717125 654284.3739210033090785 654074.4939210033044219
411 18039561.6857953853905201 18039351.8057953864336014 654284.3739210033090785 654074.4939210033044219
412 5612749.1713316626846790 5612539.2913316627964377 654284.3739210033090785 654074.4939210033044219
413 6834945.2576138768345118 6834735.3776138769462705 654284.3739210033090785 654074.4939210033044219
414 7273051.7838712660595775 7272841.9038712661713362 654284.3739210033090785 654074.4939210033044219
415 21446078.3523841053247452 21445868.4723841063678265 654284.3739210033090785 654074.4939210033044219
416 18973280.2916988991200924 18973070.4116989001631737 654284.3739210033090785 654074.4939210033044219
417 9506702.8233289420604706 9506492.9433289412409067 654284.3739210033090785 654074.4939210033044219
418 11361500.0244371220469475 11361290.1444371212273836 654284.3739210033090785 654074.4939210033044219
419 17784761.6683524250984192 17784551.7883524261415005 654284.3739210033090785 654074.4939210033044219
420 13683816.8362475167959929 13683606.9562475159764290 654284.3739210033090785 654074.4939210033044219
421 15103599.6810305695980787 15103389.8010305687785149 654284.3739210033090785 654074.4939210033044219
422 12458714.4022763725370169 12458504.5222763717174530 654284.3739210033090785 654074.4939210033044219
423 54356069.2580422386527061 54355859.3780422359704971 654284.3739210033090785 654074.4939210033044219
424 19095237.1309790983796120 19095027.2509790994226933 654284.3739210033090785 654074.4939210033044219
425 33377706.7699563577771187 33377496.8899563588202000 654284.3739210033090785 654074.4939210033044219
426 3852725.5267226095311344 3852515.6467226096428931 654284.3739210033090785 654074.4939210033044219
427 36988406.9564734101295471 36988197.0764734074473381 654284.3739210033090785 654074.4939210033044219
428 17525638.9626726955175400 17525429.0826726965606213 654284.3739210033090785 654074.4939210033044219
429 6446581.2779656397178769 6446371.3979656398296356 654284.3739210033090785 654074.4939210033044219
430 20648475.2985527664422989 20648265.4185527674853802 654284.3739210033090785 654074.4939210033044219
431 8547289.5440375339239836 8547079.6640375331044197 654284.3739210033090785 654074.4939210033044219
432 15615614.9278918206691742 15615405.0478918198496103 654284.3739210033090785 654074.4939210033044219
433 58983097.6519869714975357 58982887.7719869688153267 654284.3739210033090785 654074.4939210033044219
434 20619398.6640036143362522 20619188.7840036153793335 654284.3739210033090785 654074.4939210033044219
435 15100332.5288780406117439 15100122.6488780397921801 654284.3739210033090785 654074.4939210033044219
436 12968019.5240301378071308 12967809.6440301369875669 654284.3739210033090785 654074.4939210033044219
437 39229325.8746885210275650 39229115.9946885183453560 654284.3739210033090785 654074.4939210033044219
438 17375303.9212114475667477 17375094.0412114486098289 654284.3739210033090785 654074.4939210033044219
439 39721886.2312328219413757 39721676.3512328192591667 654284.3739210033090785 654074.4939210033044219
440 25680208.4867428056895733 25679998.6067428067326546 654284.3739210033090785 654074.4939210033044219
441 8387280.5984942121431231 8387070.7184942122548819 654284.3739210033090785 654074.4939210033044219
442 12068729.4640418924391270 12068519.5840418916195631 654284.3739210033090785 654074.4939210033044219
443 15506635.5470618642866611 15506425.6670618634670973 654284.3739210033090785 654074.4939210033044219
444 26881559.7096224687993526 26881349.8296224698424339 654284.3739210033090785 654074.4939210033044219
445 11757815.4038539789617062 11757605.5238539781421423 654284.3739210033090785 654074.4939210033044219
446 14616017.9241077154874802 14615808.0441077146679163 654284.3739210033090785 654074.4939210033044219
447 15776806.7318053059279919 15776596.8518053051084280 654284.3739210033090785 654074.4939210033044219
448 8013091.4941887063905597 8012881.6141887065023184 654284.3739210033090785 654074.4939210033044219
449 5263971.6727728303521872 5263761.7927728304639459 654284.3739210033090785 654074.4939210033044219
450 6479645.5566087476909161 6479435.6766087478026748 654284.3739210033090785 654074.4939210033044219
451 43308250.4231495261192322 43308040.5431495234370232 654284.3739210033090785 654074.4939210033044219
452 22802511.5852161794900894 22802301.7052161805331707 654284.3739210033090785 654074.4939210033044219
453 14926746.0327074788510799 14926536.1527074780315161 654284.3739210033090785 654074.4939210033044219
454 10642591.9612242039293051 10642382.0812242031097412 654284.3739210033090785 654074.4939210033044219
455 12851112.6316899619996548 12850902.7516899611800909 654284.3739210033090785 654074.4939210033044219
456 12169447.9573205597698689 12169238.0773205589503050 654284.3739210033090785 654074.4939210033044219
457 3943920.0082945781759918 3943710.1282945782877505 654284.3739210033090785 654074.4939210033044219
458 24629060.4223449751734734 24628850.5423449762165546 654284.3739210033090785 654074.4939210033044219
459 18686144.3042120486497879 18685934.4242120496928692 654284.3739210033090785 654074.4939210033044219
460 15127455.9532403200864792 15127246.0732403192669153 654284.3739210033090785 654074.4939210033044219
461 23812346.2823312655091286 23812136.4023312665522099 654284.3739210033090785 654074.4939210033044219
462 5143778.6213792301714420 5143568.7413792302832007 654284.3739210033090785 654074.4939210033044219
463 30018799.3763514682650566 30018589.4963514693081379 654284.3739210033090785 654074.4939210033044219
464 5218757.5645349947735667 5218547.6845349948853254 654284.3739210033090785 654074.4939210033044219
465 1904305.9986705817282200 1904096.1186705818399787 654284.3739210033090785 654074.4939210033044219
466 37427778.2009265720844269 37427568.3209265694022179 654284.3739210033090785 654074.4939210033044219
467 10625720.8076539468020201 10625510.9276539459824562 654284.3739210033090785 654074.4939210033044219
468 25888947.7632149308919907 25888737.8832149319350719 654284.3739210033090785 654074.4939210033044219
469 10357856.0602012742310762 10357646.1802012734115124 654284.3739210033090785 654074.4939210033044219
470 3288242.0938204987905920 3288032.2138204989023507 654284.3739210033090785 654074.4939210033044219
471 3447975.4298320314846933 3447765.5498320315964520 654284.3739210033090785 654074.4939210033044219
472 5313234.0493367211893201 5313024.1693367213010788 654284.3739210033090785 654074.4939210033044219
473 12743440.8113540075719357 12743230.9313540067523718 654284.3739210033090785 654074.4939210033044219
474 6129595.7591516682878137 6129385.8791516683995724 654284.3739210033090785 654074.4939210033044219
475 16468808.7956923376768827 16468598.9156923368573189 654284.3739210033090785 654074.4939210033044219
476 6913321.9193454151973128 6913112.0393454153090715 654284.3739210033090785 654074.4939210033044219
477 9815310.5637659337371588 9815100.6837659329175949 654284.3739210033090785 654074.4939210033044219
478 4508598.2192663699388504 4508388.3392663700506091 654284.3739210033090785 654074.4939210033044219
479 6223260.6245873272418976 6223050.7445873273536563 654284.3739210033090785 654074.4939210033044219
480 11870456.7407444473356009 11870246.8607444465160370 654284.3739210033090785 654074.4939210033044219
481 16498606.2820241097360849 16498396.4020241089165211 654284.3739210033090785 654074.4939210033044219
482 7466865.5164020489901304 7466655.6364020491018891 654284.3739210033090785 654074.4939210033044219
483 17384297.3579065576195717 17384087.4779065586626530 654284.3739210033090785 654074.4939210033044219
484 11890259.7325240150094032 11890049.8525240141898394 654284.3739210033090785 654074.4939210033044219
485 11015379.0242934767156839 11015169.1442934758961201 654284.3739210033090785 654074.4939210033044219
486 32208657.9023877680301666 32208448.0223877690732479 654284.3739210033090785 654074.4939210033044219
487 38848595.1439572349190712 38848385.2639572322368622 654284.3739210033090785 654074.4939210033044219
488 9374072.5073768794536591 9373862.6273768786340952 654284.3739210033090785 654074.4939210033044219
489 3568275.3830091943964362 3568065.5030091945081949 654284.3739210033090785 654074.4939210033044219
490 17673498.8201032169163227 17673288.9401032179594040 654284.3739210033090785 654074.4939210033044219
491 9898662.8472066074609756 9898452.9672066066414118 654284.3739210033090785 654074.4939210033044219
492 4986368.9840248618274927 4986159.1040248619392514 654284.3739210033090785 654074.4939210033044219
493 33834688.3163533955812454 33834478.4363533928990364 654284.3739210033090785 654074.4939210033044219
494 21226592.9983041249215603 21226383.1183041259646416 654284.3739210033090785 654074.4939210033044219
495 40090679.0010530650615692 40090469.1210530623793602 654284.3739210033090785 654074.4939210033044219
496 15685305.3837608881294727 15685095.5037608873099089 654284.3739210033090785 654074.4939210033044219
497 9916514.3391655907034874 9916304.4591655898839235 654284.3739210033090785 654074.4939210033044219
498 7100611.2455608779564500 7100401.3655608780682087 654284.3739210033090785 654074.4939210033044219
499 9588382.2851055357605219 9588172.4051055349409580 654284.3739210033090785 654074.4939210033044219
500 52532827.9137424081563950 52532618.0337424054741859 654284.3739210033090785 654074.4939210033044219
