evaluations raw_y current_y raw_y_best current_y_best
1 85.4011117376283124 -914.5988882623717018 85.4011117376283124 -914.5988882623717018
2 86.3716389869993577 -913.6283610130005854 85.4011117376283124 -914.5988882623717018
3 85.2902796938980146 -914.7097203061019854 85.2902796938980146 -914.7097203061019854
4 86.4088104735492664 -913.5911895264507621 85.2902796938980146 -914.7097203061019854
5 86.4808257126066735 -913.5191742873932981 85.2902796938980146 -914.7097203061019854
6 86.4616872541911476 -913.5383127458088666 85.2902796938980146 -914.7097203061019854
7 86.4829941827176469 -913.5170058172823246 85.2902796938980146 -914.7097203061019854
8 86.1855741739618537 -913.8144258260381321 85.2902796938980146 -914.7097203061019854
9 82.0647787434814120 -917.9352212565186164 82.0647787434814120 -917.9352212565186164
10 85.6907480698890254 -914.3092519301110315 82.0647787434814120 -917.9352212565186164
11 85.3641021302965299 -914.6358978697035127 82.0647787434814120 -917.9352212565186164
12 85.7297377334473225 -914.2702622665526633 82.0647787434814120 -917.9352212565186164
13 85.9877248363533084 -914.0122751636466774 82.0647787434814120 -917.9352212565186164
14 85.9116053349779634 -914.0883946650220651 82.0647787434814120 -917.9352212565186164
15 84.3678878570784434 -915.6321121429215282 82.0647787434814120 -917.9352212565186164
16 82.0106124706398134 -917.9893875293602150 82.0106124706398134 -917.9893875293602150
17 84.7221959017709878 -915.2778040982290122 82.0106124706398134 -917.9893875293602150
18 86.1211625046249623 -913.8788374953750235 82.0106124706398134 -917.9893875293602150
19 83.9254462041863860 -916.0745537958135856 82.0106124706398134 -917.9893875293602150
20 85.8482963242813781 -914.1517036757186361 82.0106124706398134 -917.9893875293602150
21 83.1398760872925209 -916.8601239127074223 82.0106124706398134 -917.9893875293602150
22 80.7692923791112776 -919.2307076208887793 80.7692923791112776 -919.2307076208887793
23 78.7884845787414179 -921.2115154212585821 78.7884845787414179 -921.2115154212585821
24 79.2823522313179012 -920.7176477686821272 78.7884845787414179 -921.2115154212585821
25 78.5429265984478207 -921.4570734015521793 78.5429265984478207 -921.4570734015521793
26 85.5190608200538520 -914.4809391799461764 78.5429265984478207 -921.4570734015521793
27 78.3325672467559571 -921.6674327532440429 78.3325672467559571 -921.6674327532440429
28 79.4678566198737997 -920.5321433801261719 78.3325672467559571 -921.6674327532440429
29 78.2362230685593119 -921.7637769314407024 78.2362230685593119 -921.7637769314407024
30 78.1095871358365912 -921.8904128641634088 78.1095871358365912 -921.8904128641634088
31 78.0246053882592889 -921.9753946117407395 78.0246053882592889 -921.9753946117407395
32 77.9817958061540963 -922.0182041938459179 77.9817958061540963 -922.0182041938459179
33 80.3451066407769616 -919.6548933592230242 77.9817958061540963 -922.0182041938459179
34 78.0091166521224721 -921.9908833478775705 77.9817958061540963 -922.0182041938459179
35 78.1331914852728744 -921.8668085147271540 77.9817958061540963 -922.0182041938459179
36 81.9579803747597566 -918.0420196252403002 77.9817958061540963 -922.0182041938459179
37 78.0055380524574247 -921.9944619475426180 77.9817958061540963 -922.0182041938459179
38 77.9823862007995388 -922.0176137992004897 77.9817958061540963 -922.0182041938459179
39 77.9798123278661564 -922.0201876721338294 77.9798123278661564 -922.0201876721338294
40 77.9509488638116892 -922.0490511361882682 77.9509488638116892 -922.0490511361882682
41 77.9773502725604857 -922.0226497274395570 77.9509488638116892 -922.0490511361882682
42 80.5223111891833412 -919.4776888108166304 77.9509488638116892 -922.0490511361882682
43 77.9498226376574905 -922.0501773623425379 77.9498226376574905 -922.0501773623425379
44 77.9326360766483361 -922.0673639233516496 77.9326360766483361 -922.0673639233516496
45 77.9472611064868914 -922.0527388935131512 77.9326360766483361 -922.0673639233516496
46 77.9091156242440945 -922.0908843757558770 77.9091156242440945 -922.0908843757558770
47 77.9623742014921106 -922.0376257985078610 77.9091156242440945 -922.0908843757558770
48 77.9023935421203788 -922.0976064578795786 77.9023935421203788 -922.0976064578795786
49 83.3017809600306833 -916.6982190399693309 77.9023935421203788 -922.0976064578795786
50 77.8252461728969251 -922.1747538271031317 77.8252461728969251 -922.1747538271031317
51 77.8403645504913158 -922.1596354495086416 77.8252461728969251 -922.1747538271031317
52 84.9121804062237686 -915.0878195937762030 77.8252461728969251 -922.1747538271031317
53 84.1952768752135512 -915.8047231247865057 77.8252461728969251 -922.1747538271031317
54 77.9340946579571607 -922.0659053420428108 77.8252461728969251 -922.1747538271031317
55 85.9220030759531994 -914.0779969240468290 77.8252461728969251 -922.1747538271031317
56 82.2078477896837825 -917.7921522103162033 77.8252461728969251 -922.1747538271031317
57 85.6920037328110737 -914.3079962671889689 77.8252461728969251 -922.1747538271031317
58 78.4081733314248766 -921.5918266685750950 77.8252461728969251 -922.1747538271031317
59 85.7976516696102607 -914.2023483303897819 77.8252461728969251 -922.1747538271031317
60 84.3818418564589763 -915.6181581435409953 77.8252461728969251 -922.1747538271031317
61 84.6110328308337643 -915.3889671691662215 77.8252461728969251 -922.1747538271031317
62 78.2186682228021937 -921.7813317771978063 77.8252461728969251 -922.1747538271031317
63 78.3007869930419105 -921.6992130069580753 77.8252461728969251 -922.1747538271031317
64 82.2998513361037851 -917.7001486638962433 77.8252461728969251 -922.1747538271031317
65 80.4489437361621356 -919.5510562638378360 77.8252461728969251 -922.1747538271031317
66 85.0653829496901182 -914.9346170503098392 77.8252461728969251 -922.1747538271031317
67 84.2289468518130917 -915.7710531481868657 77.8252461728969251 -922.1747538271031317
68 84.1252864789538677 -915.8747135210461465 77.8252461728969251 -922.1747538271031317
69 85.2696880799472012 -914.7303119200528272 77.8252461728969251 -922.1747538271031317
70 83.9287366833689958 -916.0712633166309615 77.8252461728969251 -922.1747538271031317
71 78.3555971763743315 -921.6444028236256827 77.8252461728969251 -922.1747538271031317
72 78.8541962400014995 -921.1458037599984436 77.8252461728969251 -922.1747538271031317
73 83.4939274844866901 -916.5060725155133241 77.8252461728969251 -922.1747538271031317
74 84.8909557203492255 -915.1090442796507887 77.8252461728969251 -922.1747538271031317
75 85.9957986867319732 -914.0042013132680268 77.8252461728969251 -922.1747538271031317
76 81.3047230410735864 -918.6952769589264562 77.8252461728969251 -922.1747538271031317
77 78.5958921866965170 -921.4041078133034262 77.8252461728969251 -922.1747538271031317
78 78.6047380896913239 -921.3952619103087045 77.8252461728969251 -922.1747538271031317
79 84.6534208207843051 -915.3465791792157233 77.8252461728969251 -922.1747538271031317
80 80.3531366485284622 -919.6468633514715521 77.8252461728969251 -922.1747538271031317
81 78.7509123009515974 -921.2490876990484594 77.8252461728969251 -922.1747538271031317
82 82.7421530631663273 -917.2578469368336300 77.8252461728969251 -922.1747538271031317
83 80.4614770167943050 -919.5385229832056666 77.8252461728969251 -922.1747538271031317
84 84.5859717998024081 -915.4140282001975493 77.8252461728969251 -922.1747538271031317
85 85.2095808206909595 -914.7904191793090831 77.8252461728969251 -922.1747538271031317
86 79.3359536941351280 -920.6640463058648720 77.8252461728969251 -922.1747538271031317
87 85.1719764462840914 -914.8280235537158660 77.8252461728969251 -922.1747538271031317
88 86.2375723679300421 -913.7624276320699437 77.8252461728969251 -922.1747538271031317
89 83.1051729230248668 -916.8948270769751616 77.8252461728969251 -922.1747538271031317
90 79.5676143510481779 -920.4323856489518221 77.8252461728969251 -922.1747538271031317
91 78.4808933182174826 -921.5191066817825458 77.8252461728969251 -922.1747538271031317
92 81.1284033652351582 -918.8715966347648418 77.8252461728969251 -922.1747538271031317
93 80.8202407035488761 -919.1797592964511523 77.8252461728969251 -922.1747538271031317
94 85.3059493272088076 -914.6940506727911497 77.8252461728969251 -922.1747538271031317
95 84.8088587441060469 -915.1911412558939674 77.8252461728969251 -922.1747538271031317
96 80.1414679751812571 -919.8585320248187145 77.8252461728969251 -922.1747538271031317
97 83.7404221282272516 -916.2595778717727626 77.8252461728969251 -922.1747538271031317
98 81.9606557652622314 -918.0393442347377686 77.8252461728969251 -922.1747538271031317
99 85.2742691960848447 -914.7257308039152122 77.8252461728969251 -922.1747538271031317
100 79.4328280063496095 -920.5671719936503905 77.8252461728969251 -922.1747538271031317
101 83.1927944515103377 -916.8072055484897191 77.8252461728969251 -922.1747538271031317
102 84.0211780534210391 -915.9788219465789325 77.8252461728969251 -922.1747538271031317
103 79.7349412078313549 -920.2650587921687020 77.8252461728969251 -922.1747538271031317
104 84.5399100044020031 -915.4600899955979685 77.8252461728969251 -922.1747538271031317
105 84.7270219665827113 -915.2729780334173029 77.8252461728969251 -922.1747538271031317
106 83.7944510765073005 -916.2055489234926426 77.8252461728969251 -922.1747538271031317
107 83.7593572980285614 -916.2406427019714101 77.8252461728969251 -922.1747538271031317
108 84.2645598281175552 -915.7354401718824874 77.8252461728969251 -922.1747538271031317
109 82.0462902822451667 -917.9537097177548048 77.8252461728969251 -922.1747538271031317
110 78.0212303448214612 -921.9787696551785530 77.8252461728969251 -922.1747538271031317
111 81.6751956138129600 -918.3248043861869974 77.8252461728969251 -922.1747538271031317
112 85.7004846140179524 -914.2995153859820903 77.8252461728969251 -922.1747538271031317
113 82.9547846412255012 -917.0452153587744988 77.8252461728969251 -922.1747538271031317
114 78.0127906579539143 -921.9872093420460715 77.8252461728969251 -922.1747538271031317
115 78.0150921673874933 -921.9849078326125209 77.8252461728969251 -922.1747538271031317
116 78.0173865338917238 -921.9826134661083188 77.8252461728969251 -922.1747538271031317
117 78.0197471208969091 -921.9802528791030909 77.8252461728969251 -922.1747538271031317
118 78.0221792589821206 -921.9778207410179220 77.8252461728969251 -922.1747538271031317
119 79.9636802103215132 -920.0363197896784868 77.8252461728969251 -922.1747538271031317
120 77.9737700670028460 -922.0262299329971256 77.8252461728969251 -922.1747538271031317
121 77.9777222173674431 -922.0222777826325000 77.8252461728969251 -922.1747538271031317
122 78.0201344383724233 -921.9798655616275482 77.8252461728969251 -922.1747538271031317
123 80.3588586652830372 -919.6411413347169628 77.8252461728969251 -922.1747538271031317
124 78.1563368801826925 -921.8436631198172790 77.8252461728969251 -922.1747538271031317
125 78.1573977687761925 -921.8426022312238501 77.8252461728969251 -922.1747538271031317
126 78.1584089834574058 -921.8415910165425657 77.8252461728969251 -922.1747538271031317
127 80.1444338687051783 -919.8555661312948359 77.8252461728969251 -922.1747538271031317
128 78.0156482729532144 -921.9843517270468283 77.8252461728969251 -922.1747538271031317
129 78.0184240789757411 -921.9815759210242732 77.8252461728969251 -922.1747538271031317
130 78.0205688387799796 -921.9794311612199635 77.8252461728969251 -922.1747538271031317
131 81.0420769709801050 -918.9579230290198666 77.8252461728969251 -922.1747538271031317
132 78.1910411918388064 -921.8089588081611510 77.8252461728969251 -922.1747538271031317
133 78.1923425530367382 -921.8076574469632760 77.8252461728969251 -922.1747538271031317
134 78.1938234215529775 -921.8061765784469799 77.8252461728969251 -922.1747538271031317
135 79.5797334909594412 -920.4202665090405162 77.8252461728969251 -922.1747538271031317
136 78.2390875727416670 -921.7609124272582903 77.8252461728969251 -922.1747538271031317
137 78.2416172065397149 -921.7583827934603278 77.8252461728969251 -922.1747538271031317
138 78.1454340347276855 -921.8545659652722861 77.8252461728969251 -922.1747538271031317
139 82.1568127497121310 -917.8431872502878832 77.8252461728969251 -922.1747538271031317
140 78.1938750633156872 -921.8061249366843413 77.8252461728969251 -922.1747538271031317
141 78.1965263391928289 -921.8034736608071853 77.8252461728969251 -922.1747538271031317
142 78.1996252991834950 -921.8003747008165192 77.8252461728969251 -922.1747538271031317
143 76.8853768944550069 -923.1146231055449789 76.8853768944550069 -923.1146231055449789
144 77.4379262814633336 -922.5620737185366806 76.8853768944550069 -923.1146231055449789
145 77.2896913984360765 -922.7103086015639519 76.8853768944550069 -923.1146231055449789
146 77.4936695628968835 -922.5063304371030881 76.8853768944550069 -923.1146231055449789
147 77.5783712072909850 -922.4216287927090434 76.8853768944550069 -923.1146231055449789
148 77.3219565287310218 -922.6780434712690067 76.8853768944550069 -923.1146231055449789
149 77.0477009505497108 -922.9522990494502892 76.8853768944550069 -923.1146231055449789
150 82.8243225171894863 -917.1756774828105563 76.8853768944550069 -923.1146231055449789
151 77.7355300448789563 -922.2644699551210579 76.8853768944550069 -923.1146231055449789
152 77.2177871192407110 -922.7822128807592890 76.8853768944550069 -923.1146231055449789
153 77.2728642050075507 -922.7271357949924777 76.8853768944550069 -923.1146231055449789
154 77.2861445969749212 -922.7138554030250361 76.8853768944550069 -923.1146231055449789
155 76.9725308175281668 -923.0274691824718047 76.8853768944550069 -923.1146231055449789
156 77.4348280136564995 -922.5651719863435574 76.8853768944550069 -923.1146231055449789
157 76.5735032171077137 -923.4264967828922863 76.5735032171077137 -923.4264967828922863
158 77.0379234880499837 -922.9620765119500447 76.5735032171077137 -923.4264967828922863
159 77.6846009696121058 -922.3153990303878800 76.5735032171077137 -923.4264967828922863
160 77.0650952214687237 -922.9349047785312905 76.5735032171077137 -923.4264967828922863
161 76.2382800889508587 -923.7617199110491129 76.2382800889508587 -923.7617199110491129
162 76.1618072585704482 -923.8381927414295660 76.1618072585704482 -923.8381927414295660
163 76.7051803245428658 -923.2948196754571200 76.1618072585704482 -923.8381927414295660
164 76.1681444791348952 -923.8318555208651333 76.1618072585704482 -923.8381927414295660
165 76.4337520827330223 -923.5662479172669919 76.1618072585704482 -923.8381927414295660
166 76.3353897936615908 -923.6646102063384660 76.1618072585704482 -923.8381927414295660
167 77.6909107337174305 -922.3090892662826263 76.1618072585704482 -923.8381927414295660
168 76.8559259087476505 -923.1440740912523779 76.1618072585704482 -923.8381927414295660
169 76.2346819641496580 -923.7653180358503278 76.1618072585704482 -923.8381927414295660
170 76.2964120304176134 -923.7035879695823724 76.1618072585704482 -923.8381927414295660
171 76.4011235376128184 -923.5988764623871248 76.1618072585704482 -923.8381927414295660
172 76.3813245528736076 -923.6186754471264067 76.1618072585704482 -923.8381927414295660
173 76.4256092080809140 -923.5743907919190860 76.1618072585704482 -923.8381927414295660
174 76.8753145695243916 -923.1246854304756653 76.1618072585704482 -923.8381927414295660
175 77.8781696047739018 -922.1218303952260840 76.1618072585704482 -923.8381927414295660
176 78.0506731201399759 -921.9493268798599956 76.1618072585704482 -923.8381927414295660
177 77.8170754464176042 -922.1829245535824384 76.1618072585704482 -923.8381927414295660
178 78.7823251954333443 -921.2176748045666272 76.1618072585704482 -923.8381927414295660
179 75.1007379981848970 -924.8992620018151456 75.1007379981848970 -924.8992620018151456
180 75.8157946790206978 -924.1842053209793448 75.1007379981848970 -924.8992620018151456
181 74.5342293304562986 -925.4657706695436445 74.5342293304562986 -925.4657706695436445
182 75.1865168195530771 -924.8134831804469513 74.5342293304562986 -925.4657706695436445
183 73.7575302252393215 -926.2424697747607070 73.7575302252393215 -926.2424697747607070
184 73.6628509512505332 -926.3371490487494384 73.6628509512505332 -926.3371490487494384
185 74.4774187693759728 -925.5225812306240414 73.6628509512505332 -926.3371490487494384
186 73.3398412420258410 -926.6601587579741590 73.3398412420258410 -926.6601587579741590
187 73.3569691851613754 -926.6430308148386530 73.3398412420258410 -926.6601587579741590
188 73.6072644922870296 -926.3927355077129278 73.3398412420258410 -926.6601587579741590
189 72.9969425051515373 -927.0030574948484627 72.9969425051515373 -927.0030574948484627
190 73.0607652079036285 -926.9392347920963857 72.9969425051515373 -927.0030574948484627
191 73.3515554550297253 -926.6484445449702889 72.9969425051515373 -927.0030574948484627
192 73.3171933793437347 -926.6828066206562653 72.9969425051515373 -927.0030574948484627
193 73.4951562882322662 -926.5048437117677622 72.9969425051515373 -927.0030574948484627
194 73.5432404273440454 -926.4567595726559830 72.9969425051515373 -927.0030574948484627
195 74.2884002080837007 -925.7115997919163419 72.9969425051515373 -927.0030574948484627
196 73.4094601824360495 -926.5905398175639220 72.9969425051515373 -927.0030574948484627
197 73.9785437247109741 -926.0214562752889833 72.9969425051515373 -927.0030574948484627
198 74.0186016678117937 -925.9813983321881778 72.9969425051515373 -927.0030574948484627
199 74.1000644389973075 -925.8999355610027351 72.9969425051515373 -927.0030574948484627
200 74.3445407318781690 -925.6554592681218310 72.9969425051515373 -927.0030574948484627
201 79.8517497226941231 -920.1482502773059196 72.9969425051515373 -927.0030574948484627
202 73.7676241574046969 -926.2323758425952747 72.9969425051515373 -927.0030574948484627
203 79.6349920545584666 -920.3650079454415618 72.9969425051515373 -927.0030574948484627
204 74.4294787192460205 -925.5705212807539510 72.9969425051515373 -927.0030574948484627
205 78.3392909636437764 -921.6607090363562520 72.9969425051515373 -927.0030574948484627
206 75.2552411955995950 -924.7447588044003624 72.9969425051515373 -927.0030574948484627
207 79.4074084698495142 -920.5925915301504574 72.9969425051515373 -927.0030574948484627
208 74.1600969568842743 -925.8399030431157826 72.9969425051515373 -927.0030574948484627
209 81.7245456688048790 -918.2754543311950783 72.9969425051515373 -927.0030574948484627
210 74.1566951987179834 -925.8433048012819881 72.9969425051515373 -927.0030574948484627
211 76.6843448972371959 -923.3156551027627756 72.9969425051515373 -927.0030574948484627
212 75.0545028135927907 -924.9454971864072377 72.9969425051515373 -927.0030574948484627
213 74.5353721944407539 -925.4646278055593029 72.9969425051515373 -927.0030574948484627
214 76.8611951225099119 -923.1388048774900881 72.9969425051515373 -927.0030574948484627
215 74.8913982084188206 -925.1086017915811226 72.9969425051515373 -927.0030574948484627
216 75.8171552147157968 -924.1828447852842601 72.9969425051515373 -927.0030574948484627
217 80.3560050348156665 -919.6439949651843335 72.9969425051515373 -927.0030574948484627
218 77.2260292838672768 -922.7739707161326805 72.9969425051515373 -927.0030574948484627
219 74.8253426435285718 -925.1746573564714708 72.9969425051515373 -927.0030574948484627
220 79.1763897472708891 -920.8236102527291678 72.9969425051515373 -927.0030574948484627
221 78.3780359519229393 -921.6219640480770749 72.9969425051515373 -927.0030574948484627
222 74.5859639572847328 -925.4140360427152245 72.9969425051515373 -927.0030574948484627
223 78.3962382565582345 -921.6037617434417371 72.9969425051515373 -927.0030574948484627
224 74.5915188827401323 -925.4084811172598393 72.9969425051515373 -927.0030574948484627
225 82.1910673067578585 -917.8089326932421272 72.9969425051515373 -927.0030574948484627
226 75.1458534199604031 -924.8541465800395827 72.9969425051515373 -927.0030574948484627
227 75.4628803389116882 -924.5371196610883544 72.9969425051515373 -927.0030574948484627
228 77.8323091948733179 -922.1676908051266537 72.9969425051515373 -927.0030574948484627
229 75.0611905820979501 -924.9388094179020072 72.9969425051515373 -927.0030574948484627
230 75.2359163137565616 -924.7640836862434526 72.9969425051515373 -927.0030574948484627
231 75.4863692483100692 -924.5136307516899024 72.9969425051515373 -927.0030574948484627
232 73.9588296258175291 -926.0411703741824567 72.9969425051515373 -927.0030574948484627
233 74.6746161088821481 -925.3253838911178946 72.9969425051515373 -927.0030574948484627
234 77.7899718520495611 -922.2100281479504247 72.9969425051515373 -927.0030574948484627
235 73.6210809354077469 -926.3789190645923100 72.9969425051515373 -927.0030574948484627
236 79.4523142386785253 -920.5476857613214179 72.9969425051515373 -927.0030574948484627
237 75.4067924405531613 -924.5932075594467960 72.9969425051515373 -927.0030574948484627
238 76.0429528878301113 -923.9570471121699029 72.9969425051515373 -927.0030574948484627
239 74.2223128683067443 -925.7776871316932557 72.9969425051515373 -927.0030574948484627
240 76.8716527587206713 -923.1283472412793571 72.9969425051515373 -927.0030574948484627
241 81.2871595425951057 -918.7128404574049227 72.9969425051515373 -927.0030574948484627
242 74.1882445825327466 -925.8117554174672250 72.9969425051515373 -927.0030574948484627
243 75.3865802366807713 -924.6134197633192571 72.9969425051515373 -927.0030574948484627
244 74.9102008449678749 -925.0897991550320967 72.9969425051515373 -927.0030574948484627
245 75.2034972691797066 -924.7965027308202934 72.9969425051515373 -927.0030574948484627
246 74.8634848173345659 -925.1365151826654483 72.9969425051515373 -927.0030574948484627
247 74.0310876923432204 -925.9689123076567512 72.9969425051515373 -927.0030574948484627
248 75.7567470225642552 -924.2432529774357590 72.9969425051515373 -927.0030574948484627
249 73.4267111254313676 -926.5732888745686751 72.9969425051515373 -927.0030574948484627
250 73.7937350575146525 -926.2062649424854044 72.9969425051515373 -927.0030574948484627
251 74.9883920940314681 -925.0116079059685035 72.9969425051515373 -927.0030574948484627
252 74.0991604173626541 -925.9008395826373317 72.9969425051515373 -927.0030574948484627
253 74.2313475526848094 -925.7686524473151621 72.9969425051515373 -927.0030574948484627
254 74.6816840861344531 -925.3183159138654901 72.9969425051515373 -927.0030574948484627
255 73.6754127160219383 -926.3245872839780759 72.9969425051515373 -927.0030574948484627
256 73.1623395093716908 -926.8376604906283092 72.9969425051515373 -927.0030574948484627
257 72.3479409168644167 -927.6520590831355548 72.3479409168644167 -927.6520590831355548
258 73.3707916497405392 -926.6292083502594323 72.3479409168644167 -927.6520590831355548
259 73.2230329831808007 -926.7769670168191851 72.3479409168644167 -927.6520590831355548
260 76.5787999710584160 -923.4212000289415982 72.3479409168644167 -927.6520590831355548
261 72.3543535111779335 -927.6456464888220808 72.3479409168644167 -927.6520590831355548
262 72.4174122614618483 -927.5825877385381091 72.3479409168644167 -927.6520590831355548
263 72.5628354707080518 -927.4371645292919766 72.3479409168644167 -927.6520590831355548
264 72.5302762299540547 -927.4697237700459027 72.3479409168644167 -927.6520590831355548
265 72.5001793085375397 -927.4998206914624461 72.3479409168644167 -927.6520590831355548
266 72.6318312475743966 -927.3681687524256176 72.3479409168644167 -927.6520590831355548
267 72.3992099303984560 -927.6007900696015440 72.3479409168644167 -927.6520590831355548
268 72.5157131854483907 -927.4842868145516377 72.3479409168644167 -927.6520590831355548
269 72.0156394033832754 -927.9843605966167388 72.0156394033832754 -927.9843605966167388
270 72.8167897805572863 -927.1832102194426852 72.0156394033832754 -927.9843605966167388
271 72.2708996941656068 -927.7291003058344359 72.0156394033832754 -927.9843605966167388
272 71.6396793189542365 -928.3603206810457777 71.6396793189542365 -928.3603206810457777
273 71.5468947077783497 -928.4531052922216077 71.5468947077783497 -928.4531052922216077
274 71.9305075997185952 -928.0694924002814332 71.5468947077783497 -928.4531052922216077
275 72.1752298375301677 -927.8247701624698038 71.5468947077783497 -928.4531052922216077
276 73.5120761148205446 -926.4879238851794980 71.5468947077783497 -928.4531052922216077
277 77.1959036608671880 -922.8040963391327978 71.5468947077783497 -928.4531052922216077
278 71.6324717147173828 -928.3675282852825603 71.5468947077783497 -928.4531052922216077
279 71.6734889654565137 -928.3265110345435005 71.5468947077783497 -928.4531052922216077
280 72.8145497499757113 -927.1854502500242461 71.5468947077783497 -928.4531052922216077
281 72.1149910387716062 -927.8850089612284364 71.5468947077783497 -928.4531052922216077
282 72.1247270129062628 -927.8752729870936946 71.5468947077783497 -928.4531052922216077
283 72.8540243326854267 -927.1459756673145876 71.5468947077783497 -928.4531052922216077
284 72.9194840553460324 -927.0805159446539392 71.5468947077783497 -928.4531052922216077
285 71.5918977176361864 -928.4081022823638705 71.5468947077783497 -928.4531052922216077
286 72.6787666412099327 -927.3212333587900957 71.5468947077783497 -928.4531052922216077
287 71.5118954777421578 -928.4881045222577995 71.5118954777421578 -928.4881045222577995
288 72.2150323418997289 -927.7849676581002996 71.5118954777421578 -928.4881045222577995
289 73.8992715894352017 -926.1007284105647841 71.5118954777421578 -928.4881045222577995
290 71.6220797058845733 -928.3779202941154836 71.5118954777421578 -928.4881045222577995
291 71.5119932798159539 -928.4880067201841030 71.5118954777421578 -928.4881045222577995
292 71.4664552406485569 -928.5335447593514573 71.4664552406485569 -928.5335447593514573
293 71.4166432890855845 -928.5833567109143587 71.4166432890855845 -928.5833567109143587
294 72.1041526860312558 -927.8958473139687158 71.4166432890855845 -928.5833567109143587
295 72.5227675613103884 -927.4772324386896116 71.4166432890855845 -928.5833567109143587
296 71.4545845690315815 -928.5454154309684327 71.4166432890855845 -928.5833567109143587
297 71.2919441747548461 -928.7080558252451965 71.2919441747548461 -928.7080558252451965
298 71.5436468905134291 -928.4563531094865994 71.2919441747548461 -928.7080558252451965
299 71.3358969605732227 -928.6641030394267773 71.2919441747548461 -928.7080558252451965
300 71.7747844753705095 -928.2252155246294478 71.2919441747548461 -928.7080558252451965
301 74.8284480888132890 -925.1715519111867252 71.2919441747548461 -928.7080558252451965
302 71.6759770715941613 -928.3240229284058387 71.2919441747548461 -928.7080558252451965
303 73.7438469656424900 -926.2561530343575669 71.2919441747548461 -928.7080558252451965
304 71.4390430605919704 -928.5609569394080154 71.2919441747548461 -928.7080558252451965
305 71.3452865680494881 -928.6547134319505403 71.2919441747548461 -928.7080558252451965
306 71.9821273555150469 -928.0178726444848962 71.2919441747548461 -928.7080558252451965
307 74.7723196911884287 -925.2276803088116139 71.2919441747548461 -928.7080558252451965
308 71.4110347020957761 -928.5889652979042239 71.2919441747548461 -928.7080558252451965
309 76.7713333701968281 -923.2286666298032287 71.2919441747548461 -928.7080558252451965
310 72.0374074754768969 -927.9625925245230746 71.2919441747548461 -928.7080558252451965
311 71.7428912777820784 -928.2571087222179358 71.2919441747548461 -928.7080558252451965
312 72.8438253152259279 -927.1561746847741006 71.2919441747548461 -928.7080558252451965
313 72.1925031632064957 -927.8074968367934616 71.2919441747548461 -928.7080558252451965
314 71.9985576035159340 -928.0014423964840944 71.2919441747548461 -928.7080558252451965
315 72.1498211581059081 -927.8501788418941487 71.2919441747548461 -928.7080558252451965
316 72.8972241918502135 -927.1027758081497723 71.2919441747548461 -928.7080558252451965
317 71.3398332134326694 -928.6601667865672880 71.2919441747548461 -928.7080558252451965
318 72.9292056389584076 -927.0707943610416351 71.2919441747548461 -928.7080558252451965
319 86.3137597642778616 -913.6862402357221526 71.2919441747548461 -928.7080558252451965
320 71.4064107856206789 -928.5935892143793353 71.2919441747548461 -928.7080558252451965
321 71.3166814528870248 -928.6833185471130037 71.2919441747548461 -928.7080558252451965
322 71.2991131972648589 -928.7008868027351127 71.2919441747548461 -928.7080558252451965
323 67.9759874994740017 -932.0240125005259415 67.9759874994740017 -932.0240125005259415
324 69.2095185494420946 -930.7904814505578770 67.9759874994740017 -932.0240125005259415
325 70.0163947147855197 -929.9836052852144803 67.9759874994740017 -932.0240125005259415
326 71.1681806200752760 -928.8318193799246956 67.9759874994740017 -932.0240125005259415
327 70.4355092952918511 -929.5644907047081915 67.9759874994740017 -932.0240125005259415
328 70.5168341128471781 -929.4831658871528361 67.9759874994740017 -932.0240125005259415
329 70.7907457925562511 -929.2092542074437915 67.9759874994740017 -932.0240125005259415
330 74.3863962666022900 -925.6136037333976674 67.9759874994740017 -932.0240125005259415
331 71.1233192914345409 -928.8766807085654591 67.9759874994740017 -932.0240125005259415
332 71.1216748142544759 -928.8783251857455525 67.9759874994740017 -932.0240125005259415
333 71.0688567615062965 -928.9311432384937461 67.9759874994740017 -932.0240125005259415
334 75.7666783935422217 -924.2333216064578210 67.9759874994740017 -932.0240125005259415
335 76.8810453730875594 -923.1189546269124548 67.9759874994740017 -932.0240125005259415
336 70.6160320094067515 -929.3839679905931916 67.9759874994740017 -932.0240125005259415
337 72.2134389625346529 -927.7865610374653897 67.9759874994740017 -932.0240125005259415
338 70.6679423369613460 -929.3320576630386540 67.9759874994740017 -932.0240125005259415
339 71.6927584440661718 -928.3072415559338424 67.9759874994740017 -932.0240125005259415
340 74.7986714634888301 -925.2013285365111415 67.9759874994740017 -932.0240125005259415
341 72.8650087790351364 -927.1349912209648210 67.9759874994740017 -932.0240125005259415
342 74.3349975730949382 -925.6650024269050618 67.9759874994740017 -932.0240125005259415
343 73.0941723747689593 -926.9058276252310407 67.9759874994740017 -932.0240125005259415
344 73.3155441910886054 -926.6844558089113661 67.9759874994740017 -932.0240125005259415
345 70.6717935254496297 -929.3282064745503703 67.9759874994740017 -932.0240125005259415
346 68.4256796202051873 -931.5743203797948127 67.9759874994740017 -932.0240125005259415
347 69.4812764199912181 -930.5187235800087819 67.9759874994740017 -932.0240125005259415
348 71.6654424769690337 -928.3345575230309805 67.9759874994740017 -932.0240125005259415
349 69.7488084789553540 -930.2511915210446887 67.9759874994740017 -932.0240125005259415
350 71.6365000628271531 -928.3634999371728327 67.9759874994740017 -932.0240125005259415
351 69.7516120841696363 -930.2483879158303353 67.9759874994740017 -932.0240125005259415
352 70.1730903640021069 -929.8269096359979358 67.9759874994740017 -932.0240125005259415
353 69.9665499602324417 -930.0334500397675583 67.9759874994740017 -932.0240125005259415
354 69.0314752725647196 -930.9685247274352378 67.9759874994740017 -932.0240125005259415
355 70.3625868438680016 -929.6374131561319700 67.9759874994740017 -932.0240125005259415
356 69.3002737523347179 -930.6997262476652395 67.9759874994740017 -932.0240125005259415
357 71.8492978171650378 -928.1507021828349480 67.9759874994740017 -932.0240125005259415
358 72.4858678016106381 -927.5141321983893476 67.9759874994740017 -932.0240125005259415
359 69.4298519248408326 -930.5701480751591816 67.9759874994740017 -932.0240125005259415
360 78.0150052549978454 -921.9849947450021546 67.9759874994740017 -932.0240125005259415
361 71.2814382246522342 -928.7185617753477800 67.9759874994740017 -932.0240125005259415
362 72.4711511524721175 -927.5288488475279109 67.9759874994740017 -932.0240125005259415
363 68.8779829213109878 -931.1220170786890549 67.9759874994740017 -932.0240125005259415
364 77.3282105578835086 -922.6717894421165056 67.9759874994740017 -932.0240125005259415
365 69.9268908880226689 -930.0731091119773737 67.9759874994740017 -932.0240125005259415
366 70.6189497619613462 -929.3810502380385969 67.9759874994740017 -932.0240125005259415
367 72.0172792333506351 -927.9827207666493223 67.9759874994740017 -932.0240125005259415
368 75.1889749725299765 -924.8110250274700093 67.9759874994740017 -932.0240125005259415
369 71.4219666259261032 -928.5780333740739252 67.9759874994740017 -932.0240125005259415
370 69.7469189475324640 -930.2530810524675644 67.9759874994740017 -932.0240125005259415
371 72.5244694009281829 -927.4755305990718171 67.9759874994740017 -932.0240125005259415
372 76.6628985875844791 -923.3371014124155636 67.9759874994740017 -932.0240125005259415
373 70.9055599702613506 -929.0944400297386210 67.9759874994740017 -932.0240125005259415
374 75.6119958574806503 -924.3880041425193212 67.9759874994740017 -932.0240125005259415
375 69.2471635579882019 -930.7528364420118123 67.9759874994740017 -932.0240125005259415
376 75.7479625892231212 -924.2520374107768930 67.9759874994740017 -932.0240125005259415
377 69.3368512131553985 -930.6631487868446584 67.9759874994740017 -932.0240125005259415
378 70.1666674549660030 -929.8333325450339544 67.9759874994740017 -932.0240125005259415
379 69.3551619951734608 -930.6448380048265108 67.9759874994740017 -932.0240125005259415
380 73.9491028457011765 -926.0508971542988093 67.9759874994740017 -932.0240125005259415
381 72.8682950843314643 -927.1317049156684789 67.9759874994740017 -932.0240125005259415
382 69.7227121231040030 -930.2772878768960254 67.9759874994740017 -932.0240125005259415
383 76.0170469427868056 -923.9829530572131944 67.9759874994740017 -932.0240125005259415
384 69.1497993207324271 -930.8502006792675729 67.9759874994740017 -932.0240125005259415
385 70.8630029611114480 -929.1369970388885804 67.9759874994740017 -932.0240125005259415
386 69.3202497022006270 -930.6797502977993872 67.9759874994740017 -932.0240125005259415
387 70.9249940032943158 -929.0750059967057268 67.9759874994740017 -932.0240125005259415
388 74.8374204543327579 -925.1625795456671995 67.9759874994740017 -932.0240125005259415
389 71.3071509062920654 -928.6928490937079914 67.9759874994740017 -932.0240125005259415
390 71.0350223321261751 -928.9649776678738817 67.9759874994740017 -932.0240125005259415
391 71.8106721135413153 -928.1893278864587273 67.9759874994740017 -932.0240125005259415
392 78.1074230444858983 -921.8925769555140732 67.9759874994740017 -932.0240125005259415
393 70.4907431435677410 -929.5092568564322164 67.9759874994740017 -932.0240125005259415
394 73.3733328796306097 -926.6266671203693477 67.9759874994740017 -932.0240125005259415
395 72.7325044210661389 -927.2674955789339037 67.9759874994740017 -932.0240125005259415
396 69.3007892871710425 -930.6992107128289717 67.9759874994740017 -932.0240125005259415
397 74.1792655966236651 -925.8207344033763775 67.9759874994740017 -932.0240125005259415
398 69.7343256006386270 -930.2656743993613873 67.9759874994740017 -932.0240125005259415
399 71.0892220672855331 -928.9107779327144954 67.9759874994740017 -932.0240125005259415
400 75.5094283260168169 -924.4905716739831405 67.9759874994740017 -932.0240125005259415
401 69.4066323123003457 -930.5933676876996969 67.9759874994740017 -932.0240125005259415
402 70.2020157947822696 -929.7979842052177446 67.9759874994740017 -932.0240125005259415
403 73.8792533307751853 -926.1207466692247863 67.9759874994740017 -932.0240125005259415
404 69.6715841920388357 -930.3284158079611643 67.9759874994740017 -932.0240125005259415
405 72.1136387087031920 -927.8863612912967938 67.9759874994740017 -932.0240125005259415
406 69.0218071875904258 -930.9781928124095884 67.9759874994740017 -932.0240125005259415
407 72.2765713187971244 -927.7234286812029040 67.9759874994740017 -932.0240125005259415
408 69.5900611639540045 -930.4099388360459670 67.9759874994740017 -932.0240125005259415
409 73.0604790500977685 -926.9395209499022030 67.9759874994740017 -932.0240125005259415
410 70.4345141027372961 -929.5654858972627608 67.9759874994740017 -932.0240125005259415
411 69.6518069108833089 -930.3481930891166485 67.9759874994740017 -932.0240125005259415
412 70.3760912907895886 -929.6239087092103546 67.9759874994740017 -932.0240125005259415
413 70.0780812954105841 -929.9219187045894159 67.9759874994740017 -932.0240125005259415
414 74.7269839530946172 -925.2730160469053544 67.9759874994740017 -932.0240125005259415
415 72.0607818039642041 -927.9392181960357675 67.9759874994740017 -932.0240125005259415
416 74.0018062174971902 -925.9981937825027671 67.9759874994740017 -932.0240125005259415
417 70.3193369597484406 -929.6806630402516021 67.9759874994740017 -932.0240125005259415
418 76.5691750165651683 -923.4308249834348317 67.9759874994740017 -932.0240125005259415
419 70.6134632183487838 -929.3865367816512162 67.9759874994740017 -932.0240125005259415
420 70.3828337205278132 -929.6171662794721442 67.9759874994740017 -932.0240125005259415
421 70.2810443837374805 -929.7189556162625195 67.9759874994740017 -932.0240125005259415
422 69.3396049609041967 -930.6603950390957607 67.9759874994740017 -932.0240125005259415
423 72.8184891099178486 -927.1815108900821087 67.9759874994740017 -932.0240125005259415
424 71.3915953497979672 -928.6084046502020328 67.9759874994740017 -932.0240125005259415
425 69.4175323449266983 -930.5824676550732875 67.9759874994740017 -932.0240125005259415
426 71.2773032103412589 -928.7226967896586984 67.9759874994740017 -932.0240125005259415
427 71.5399448253634773 -928.4600551746365227 67.9759874994740017 -932.0240125005259415
428 70.8360389498117371 -929.1639610501882771 67.9759874994740017 -932.0240125005259415
429 69.4968105884409795 -930.5031894115589921 67.9759874994740017 -932.0240125005259415
430 69.6372306668917673 -930.3627693331081900 67.9759874994740017 -932.0240125005259415
431 71.7125252305869338 -928.2874747694130519 67.9759874994740017 -932.0240125005259415
432 70.0360172600599213 -929.9639827399400929 67.9759874994740017 -932.0240125005259415
433 69.4951211950665737 -930.5048788049334689 67.9759874994740017 -932.0240125005259415
434 75.1492538833671233 -924.8507461166328767 67.9759874994740017 -932.0240125005259415
435 70.5386110654867622 -929.4613889345132520 67.9759874994740017 -932.0240125005259415
436 71.2887950514306254 -928.7112049485693888 67.9759874994740017 -932.0240125005259415
437 71.8879464580061125 -928.1120535419938733 67.9759874994740017 -932.0240125005259415
438 71.7994338086660662 -928.2005661913339054 67.9759874994740017 -932.0240125005259415
439 70.5023871875137473 -929.4976128124862953 67.9759874994740017 -932.0240125005259415
440 80.2519378954226994 -919.7480621045773432 67.9759874994740017 -932.0240125005259415
441 70.3876869451687810 -929.6123130548312474 67.9759874994740017 -932.0240125005259415
442 70.8064259985473399 -929.1935740014527028 67.9759874994740017 -932.0240125005259415
443 72.9087463985061675 -927.0912536014938041 67.9759874994740017 -932.0240125005259415
444 73.9851646289467197 -926.0148353710533229 67.9759874994740017 -932.0240125005259415
445 72.7254671378656781 -927.2745328621342651 67.9759874994740017 -932.0240125005259415
446 69.4088447157861594 -930.5911552842138690 67.9759874994740017 -932.0240125005259415
447 73.2606759604984887 -926.7393240395015255 67.9759874994740017 -932.0240125005259415
448 72.4381606572268879 -927.5618393427730553 67.9759874994740017 -932.0240125005259415
449 79.5686361781654341 -920.4313638218345659 67.9759874994740017 -932.0240125005259415
450 70.6778136071263390 -929.3221863928736184 67.9759874994740017 -932.0240125005259415
451 71.8844618269709628 -928.1155381730289946 67.9759874994740017 -932.0240125005259415
452 72.0103669812518206 -927.9896330187482363 67.9759874994740017 -932.0240125005259415
453 78.1784283116873979 -921.8215716883125879 67.9759874994740017 -932.0240125005259415
454 69.5317404687869924 -930.4682595312129934 67.9759874994740017 -932.0240125005259415
455 71.0406838119411219 -928.9593161880588923 67.9759874994740017 -932.0240125005259415
456 71.2296825522262793 -928.7703174477737775 67.9759874994740017 -932.0240125005259415
457 70.2877984254594139 -929.7122015745405861 67.9759874994740017 -932.0240125005259415
458 72.1244691624260952 -927.8755308375739332 67.9759874994740017 -932.0240125005259415
459 74.8184772484045340 -925.1815227515954803 67.9759874994740017 -932.0240125005259415
460 69.9899283172484559 -930.0100716827515726 67.9759874994740017 -932.0240125005259415
461 72.1425900735226975 -927.8574099264773167 67.9759874994740017 -932.0240125005259415
462 70.5541822161299450 -929.4458177838700976 67.9759874994740017 -932.0240125005259415
463 71.5177209301036640 -928.4822790698963217 67.9759874994740017 -932.0240125005259415
464 70.5253683382472332 -929.4746316617527100 67.9759874994740017 -932.0240125005259415
465 69.7714527537748808 -930.2285472462251619 67.9759874994740017 -932.0240125005259415
466 75.5756002798352142 -924.4243997201647289 67.9759874994740017 -932.0240125005259415
467 73.3099489617192290 -926.6900510382807852 67.9759874994740017 -932.0240125005259415
468 69.8525352963535227 -930.1474647036465058 67.9759874994740017 -932.0240125005259415
469 69.6118815297314626 -930.3881184702685232 67.9759874994740017 -932.0240125005259415
470 70.8283307828823183 -929.1716692171177101 67.9759874994740017 -932.0240125005259415
471 78.0384755038417524 -921.9615244961582903 67.9759874994740017 -932.0240125005259415
472 69.7849404885661642 -930.2150595114338785 67.9759874994740017 -932.0240125005259415
473 70.3009053523074527 -929.6990946476925046 67.9759874994740017 -932.0240125005259415
474 71.3035798226519262 -928.6964201773480454 67.9759874994740017 -932.0240125005259415
475 75.3659483509486563 -924.6340516490513437 67.9759874994740017 -932.0240125005259415
476 71.9460132495841123 -928.0539867504159020 67.9759874994740017 -932.0240125005259415
477 70.3577505317260545 -929.6422494682739170 67.9759874994740017 -932.0240125005259415
478 71.1429587810697512 -928.8570412189302488 67.9759874994740017 -932.0240125005259415
479 72.7055425289237007 -927.2944574710762708 67.9759874994740017 -932.0240125005259415
480 70.8258401942490394 -929.1741598057509464 67.9759874994740017 -932.0240125005259415
481 70.6906757027456933 -929.3093242972543067 67.9759874994740017 -932.0240125005259415
482 72.2676869013588856 -927.7323130986411570 67.9759874994740017 -932.0240125005259415
483 76.8316867104541643 -923.1683132895458357 67.9759874994740017 -932.0240125005259415
484 71.3154723942113264 -928.6845276057886167 67.9759874994740017 -932.0240125005259415
485 72.4632124164846090 -927.5367875835154337 67.9759874994740017 -932.0240125005259415
486 73.3263381333911894 -926.6736618666087679 67.9759874994740017 -932.0240125005259415
487 75.8157655912839488 -924.1842344087160654 67.9759874994740017 -932.0240125005259415
488 69.7597734505757074 -930.2402265494242783 67.9759874994740017 -932.0240125005259415
489 69.6927573750627261 -930.3072426249373166 67.9759874994740017 -932.0240125005259415
490 70.8211150626751902 -929.1788849373248240 67.9759874994740017 -932.0240125005259415
491 73.1217294056775842 -926.8782705943224300 67.9759874994740017 -932.0240125005259415
492 70.1273669605234602 -929.8726330394765682 67.9759874994740017 -932.0240125005259415
493 70.0231338263405689 -929.9768661736594595 67.9759874994740017 -932.0240125005259415
494 70.4421440352408155 -929.5578559647591419 67.9759874994740017 -932.0240125005259415
495 73.2736184166558218 -926.7263815833441640 67.9759874994740017 -932.0240125005259415
496 70.0451425737734610 -929.9548574262265674 67.9759874994740017 -932.0240125005259415
497 70.6596406760924083 -929.3403593239075917 67.9759874994740017 -932.0240125005259415
498 69.5739797360562022 -930.4260202639437694 67.9759874994740017 -932.0240125005259415
499 70.1621054606440282 -929.8378945393559434 67.9759874994740017 -932.0240125005259415
500 69.6261767136152514 -930.3738232863847770 67.9759874994740017 -932.0240125005259415
