evaluations raw_y current_y raw_y_best current_y_best
1 23229175.4012045748531818 23228965.5212045758962631 23229175.4012045748531818 23228965.5212045758962631
2 35899535.3606138601899147 35899325.4806138575077057 23229175.4012045748531818 23228965.5212045758962631
3 36152983.2136115729808807 36152773.3336115702986717 23229175.4012045748531818 23228965.5212045758962631
4 14320066.6914783194661140 14319856.8114783186465502 14320066.6914783194661140 14319856.8114783186465502
5 38348393.2789272069931030 38348183.3989272043108940 14320066.6914783194661140 14319856.8114783186465502
6 18261822.0032454505562782 18261612.1232454515993595 14320066.6914783194661140 14319856.8114783186465502
7 17964082.9165341854095459 17963873.0365341864526272 14320066.6914783194661140 14319856.8114783186465502
8 15438169.1793204117566347 15437959.2993204109370708 14320066.6914783194661140 14319856.8114783186465502
9 28751111.8790780156850815 28750901.9990780167281628 14320066.6914783194661140 14319856.8114783186465502
10 59444325.3504828438162804 59444115.4704828411340714 14320066.6914783194661140 14319856.8114783186465502
11 9564444.8015577215701342 9564234.9215577207505703 9564444.8015577215701342 9564234.9215577207505703
12 31218385.7962117642164230 31218175.9162117652595043 9564444.8015577215701342 9564234.9215577207505703
13 31695097.3543167598545551 31694887.4743167608976364 9564444.8015577215701342 9564234.9215577207505703
14 2576815.4181856759823859 2576605.5381856760941446 2576815.4181856759823859 2576605.5381856760941446
15 40916764.5283252969384193 40916554.6483252942562103 2576815.4181856759823859 2576605.5381856760941446
16 24795538.1220925189554691 24795328.2420925199985504 2576815.4181856759823859 2576605.5381856760941446
17 39955832.1545932292938232 39955622.2745932266116142 2576815.4181856759823859 2576605.5381856760941446
18 18606181.4979993849992752 18605971.6179993860423565 2576815.4181856759823859 2576605.5381856760941446
19 23516453.2485418207943439 23516243.3685418218374252 2576815.4181856759823859 2576605.5381856760941446
20 7252496.1540948916226625 7252286.2740948917344213 2576815.4181856759823859 2576605.5381856760941446
21 37102418.0050942078232765 37102208.1250942051410675 2576815.4181856759823859 2576605.5381856760941446
22 49190677.0999280959367752 49190467.2199280932545662 2576815.4181856759823859 2576605.5381856760941446
23 29261924.8504541292786598 29261714.9704541303217411 2576815.4181856759823859 2576605.5381856760941446
24 36715965.0636634603142738 36715755.1836634576320648 2576815.4181856759823859 2576605.5381856760941446
25 10039713.0582910031080246 10039503.1782910022884607 2576815.4181856759823859 2576605.5381856760941446
26 12425940.8644456472247839 12425730.9844456464052200 2576815.4181856759823859 2576605.5381856760941446
27 24725847.0457568466663361 24725637.1657568477094173 2576815.4181856759823859 2576605.5381856760941446
28 35451146.3628333583474159 35450936.4828333556652069 2576815.4181856759823859 2576605.5381856760941446
29 23578865.2477977499365807 23578655.3677977509796619 2576815.4181856759823859 2576605.5381856760941446
30 13224334.8800547011196613 13224125.0000547003000975 2576815.4181856759823859 2576605.5381856760941446
31 36924333.1470365822315216 36924123.2670365795493126 2576815.4181856759823859 2576605.5381856760941446
32 22810675.2706079706549644 22810465.3906079716980457 2576815.4181856759823859 2576605.5381856760941446
33 22962523.4562598168849945 22962313.5762598179280758 2576815.4181856759823859 2576605.5381856760941446
34 30473670.6382075697183609 30473460.7582075707614422 2576815.4181856759823859 2576605.5381856760941446
35 25477650.2992033064365387 25477440.4192033074796200 2576815.4181856759823859 2576605.5381856760941446
36 37847613.0732132866978645 37847403.1932132840156555 2576815.4181856759823859 2576605.5381856760941446
37 9405881.2165335603058338 9405671.3365335594862700 2576815.4181856759823859 2576605.5381856760941446
38 19232165.2947131060063839 19231955.4147131070494652 2576815.4181856759823859 2576605.5381856760941446
39 24559870.1146557778120041 24559660.2346557788550854 2576815.4181856759823859 2576605.5381856760941446
40 49182256.9433517232537270 49182047.0633517205715179 2576815.4181856759823859 2576605.5381856760941446
41 16613228.1741963699460030 16613018.2941963691264391 2576815.4181856759823859 2576605.5381856760941446
42 14812869.2032463401556015 14812659.3232463393360376 2576815.4181856759823859 2576605.5381856760941446
43 5814967.0859030559659004 5814757.2059030560776591 2576815.4181856759823859 2576605.5381856760941446
44 12393937.5171646587550640 12393727.6371646579355001 2576815.4181856759823859 2576605.5381856760941446
45 3848191.9313851445913315 3847982.0513851447030902 2576815.4181856759823859 2576605.5381856760941446
46 45313958.1284126341342926 45313748.2484126314520836 2576815.4181856759823859 2576605.5381856760941446
47 39318723.3823050707578659 39318513.5023050680756569 2576815.4181856759823859 2576605.5381856760941446
48 21123002.3915826492011547 21122792.5115826502442360 2576815.4181856759823859 2576605.5381856760941446
49 5945573.9331259839236736 5945364.0531259840354323 2576815.4181856759823859 2576605.5381856760941446
50 8178615.4278624467551708 8178405.5478624468669295 2576815.4181856759823859 2576605.5381856760941446
51 28058273.5744152367115021 28058063.6944152377545834 2576815.4181856759823859 2576605.5381856760941446
52 10970201.3132437411695719 10969991.4332437403500080 2576815.4181856759823859 2576605.5381856760941446
53 11149940.4362375531345606 11149730.5562375523149967 2576815.4181856759823859 2576605.5381856760941446
54 7513599.3637442672625184 7513389.4837442673742771 2576815.4181856759823859 2576605.5381856760941446
55 21798449.4489901140332222 21798239.5689901150763035 2576815.4181856759823859 2576605.5381856760941446
56 46496361.4995715320110321 46496151.6195715293288231 2576815.4181856759823859 2576605.5381856760941446
57 19701886.9110818281769753 19701677.0310818292200565 2576815.4181856759823859 2576605.5381856760941446
58 8953876.2740037292242050 8953666.3940037284046412 2576815.4181856759823859 2576605.5381856760941446
59 12662661.8059534318745136 12662451.9259534310549498 2576815.4181856759823859 2576605.5381856760941446
60 10233021.0090127140283585 10232811.1290127132087946 2576815.4181856759823859 2576605.5381856760941446
61 22952253.7554602585732937 22952043.8754602596163750 2576815.4181856759823859 2576605.5381856760941446
62 5370817.4770380891859531 5370607.5970380892977118 2576815.4181856759823859 2576605.5381856760941446
63 15222594.8586025349795818 15222384.9786025341600180 2576815.4181856759823859 2576605.5381856760941446
64 14457908.7378673702478409 14457698.8578673694282770 2576815.4181856759823859 2576605.5381856760941446
65 10620908.4390198402106762 10620698.5590198393911123 2576815.4181856759823859 2576605.5381856760941446
66 13599798.2782898899167776 13599588.3982898890972137 2576815.4181856759823859 2576605.5381856760941446
67 72072920.0913668721914291 72072710.2113668769598007 2576815.4181856759823859 2576605.5381856760941446
68 6582519.6060248091816902 6582309.7260248092934489 2576815.4181856759823859 2576605.5381856760941446
69 27662240.2129165455698967 27662030.3329165466129780 2576815.4181856759823859 2576605.5381856760941446
70 43721235.7602280601859093 43721025.8802280575037003 2576815.4181856759823859 2576605.5381856760941446
71 19767620.3469750545918941 19767410.4669750556349754 2576815.4181856759823859 2576605.5381856760941446
72 19996431.1795352026820183 19996221.2995352037250996 2576815.4181856759823859 2576605.5381856760941446
73 35827141.5401805266737938 35826931.6601805239915848 2576815.4181856759823859 2576605.5381856760941446
74 26882201.9927775934338570 26881992.1127775944769382 2576815.4181856759823859 2576605.5381856760941446
75 39103710.4204273745417595 39103500.5404273718595505 2576815.4181856759823859 2576605.5381856760941446
76 14254542.8160316944122314 14254332.9360316935926676 2576815.4181856759823859 2576605.5381856760941446
77 14570365.4545540623366833 14570155.5745540615171194 2576815.4181856759823859 2576605.5381856760941446
78 8500465.2109832447022200 8500255.3309832438826561 2576815.4181856759823859 2576605.5381856760941446
79 34552406.9238606542348862 34552197.0438606515526772 2576815.4181856759823859 2576605.5381856760941446
80 10412816.6244848519563675 10412606.7444848511368036 2576815.4181856759823859 2576605.5381856760941446
81 18760435.2619880996644497 18760225.3819881007075310 2576815.4181856759823859 2576605.5381856760941446
82 52785299.2276906520128250 52785089.3476906493306160 2576815.4181856759823859 2576605.5381856760941446
83 15478529.8195560015738010 15478319.9395560007542372 2576815.4181856759823859 2576605.5381856760941446
84 32903237.5833577960729599 32903027.7033577971160412 2576815.4181856759823859 2576605.5381856760941446
85 14560104.0920711401849985 14559894.2120711393654346 2576815.4181856759823859 2576605.5381856760941446
86 34728110.0878180414438248 34727900.2078180387616158 2576815.4181856759823859 2576605.5381856760941446
87 15514124.8231549598276615 15513914.9431549590080976 2576815.4181856759823859 2576605.5381856760941446
88 30753456.3308699354529381 30753246.4508699364960194 2576815.4181856759823859 2576605.5381856760941446
89 65414705.3642658591270447 65414495.4842658564448357 2576815.4181856759823859 2576605.5381856760941446
90 39014005.1297546178102493 39013795.2497546151280403 2576815.4181856759823859 2576605.5381856760941446
91 41111620.5173072665929794 41111410.6373072639107704 2576815.4181856759823859 2576605.5381856760941446
92 13710118.0586498714983463 13709908.1786498706787825 2576815.4181856759823859 2576605.5381856760941446
93 36341164.3684285208582878 36340954.4884285181760788 2576815.4181856759823859 2576605.5381856760941446
94 61208392.2111036628484726 61208182.3311036601662636 2576815.4181856759823859 2576605.5381856760941446
95 3945020.8644077051430941 3944810.9844077052548528 2576815.4181856759823859 2576605.5381856760941446
96 12679726.6081514954566956 12679516.7281514946371317 2576815.4181856759823859 2576605.5381856760941446
97 55582358.3591914772987366 55582148.4791914746165276 2576815.4181856759823859 2576605.5381856760941446
98 34490528.8005886301398277 34490318.9205886274576187 2576815.4181856759823859 2576605.5381856760941446
99 18495657.3566935509443283 18495447.4766935519874096 2576815.4181856759823859 2576605.5381856760941446
100 11188056.5076680406928062 11187846.6276680398732424 2576815.4181856759823859 2576605.5381856760941446
101 20269505.3616835549473763 20269295.4816835559904575 2576815.4181856759823859 2576605.5381856760941446
102 23742731.0247740074992180 23742521.1447740085422993 2576815.4181856759823859 2576605.5381856760941446
103 22893150.3833263777196407 22892940.5033263787627220 2576815.4181856759823859 2576605.5381856760941446
104 32102592.0965099111199379 32102382.2165099121630192 2576815.4181856759823859 2576605.5381856760941446
105 8228595.7624479606747627 8228385.8824479607865214 2576815.4181856759823859 2576605.5381856760941446
106 31327215.9768700562417507 31327006.0968700572848320 2576815.4181856759823859 2576605.5381856760941446
107 47462990.2049401551485062 47462780.3249401524662971 2576815.4181856759823859 2576605.5381856760941446
108 27866944.6754094697535038 27866734.7954094707965851 2576815.4181856759823859 2576605.5381856760941446
109 53198666.4956270679831505 53198456.6156270653009415 2576815.4181856759823859 2576605.5381856760941446
110 45876807.8824328333139420 45876598.0024328306317329 2576815.4181856759823859 2576605.5381856760941446
111 5105561.9292942499741912 5105352.0492942500859499 2576815.4181856759823859 2576605.5381856760941446
112 12072685.1288391780108213 12072475.2488391771912575 2576815.4181856759823859 2576605.5381856760941446
113 35547001.4473660811781883 35546791.5673660784959793 2576815.4181856759823859 2576605.5381856760941446
114 32074800.4624263122677803 32074590.5824263133108616 2576815.4181856759823859 2576605.5381856760941446
115 17031972.8059599958360195 17031762.9259599968791008 2576815.4181856759823859 2576605.5381856760941446
116 21180593.2657175362110138 21180383.3857175372540951 2576815.4181856759823859 2576605.5381856760941446
117 21657379.5443178042769432 21657169.6643178053200245 2576815.4181856759823859 2576605.5381856760941446
118 70155006.5176331996917725 70154796.6376332044601440 2576815.4181856759823859 2576605.5381856760941446
119 19337153.1655839346349239 19336943.2855839356780052 2576815.4181856759823859 2576605.5381856760941446
120 6876502.1850011870265007 6876292.3050011871382594 2576815.4181856759823859 2576605.5381856760941446
121 32000464.8055701032280922 32000254.9255701042711735 2576815.4181856759823859 2576605.5381856760941446
122 47753661.5119664222002029 47753451.6319664195179939 2576815.4181856759823859 2576605.5381856760941446
123 53509367.4455351233482361 53509157.5655351206660271 2576815.4181856759823859 2576605.5381856760941446
124 5383239.3999300142750144 5383029.5199300143867731 2576815.4181856759823859 2576605.5381856760941446
125 12367713.4617190007120371 12367503.5817189998924732 2576815.4181856759823859 2576605.5381856760941446
126 3039611.0197583967819810 3039401.1397583968937397 2576815.4181856759823859 2576605.5381856760941446
127 33185948.9091864377260208 33185739.0291864387691021 2576815.4181856759823859 2576605.5381856760941446
128 10967656.8682814668864012 10967446.9882814660668373 2576815.4181856759823859 2576605.5381856760941446
129 12241484.3155405521392822 12241274.4355405513197184 2576815.4181856759823859 2576605.5381856760941446
130 9409668.8169154450297356 9409458.9369154442101717 2576815.4181856759823859 2576605.5381856760941446
131 5571487.3443547310307622 5571277.4643547311425209 2576815.4181856759823859 2576605.5381856760941446
132 9600368.1603759638965130 9600158.2803759630769491 2576815.4181856759823859 2576605.5381856760941446
133 28816559.1469527631998062 28816349.2669527642428875 2576815.4181856759823859 2576605.5381856760941446
134 32403840.2612314745783806 32403630.3812314756214619 2576815.4181856759823859 2576605.5381856760941446
135 11170593.4318204261362553 11170383.5518204253166914 2576815.4181856759823859 2576605.5381856760941446
136 20553364.4010409303009510 20553154.5210409313440323 2576815.4181856759823859 2576605.5381856760941446
137 13436797.8264073058962822 13436587.9464073050767183 2576815.4181856759823859 2576605.5381856760941446
138 37073131.3094924613833427 37072921.4294924587011337 2576815.4181856759823859 2576605.5381856760941446
139 20805054.8221955820918083 20804844.9421955831348896 2576815.4181856759823859 2576605.5381856760941446
140 39531179.4049075990915298 39530969.5249075964093208 2576815.4181856759823859 2576605.5381856760941446
141 10846232.3888352327048779 10846022.5088352318853140 2576815.4181856759823859 2576605.5381856760941446
142 3339647.1181771033443511 3339437.2381771034561098 2576815.4181856759823859 2576605.5381856760941446
143 44842576.7668552324175835 44842366.8868552297353745 2576815.4181856759823859 2576605.5381856760941446
144 13078107.2071845270693302 13077897.3271845262497663 2576815.4181856759823859 2576605.5381856760941446
145 8349419.4094305913895369 8349209.5294305915012956 2576815.4181856759823859 2576605.5381856760941446
146 38112391.5295169278979301 38112181.6495169252157211 2576815.4181856759823859 2576605.5381856760941446
147 7518882.9680480509996414 7518673.0880480511114001 2576815.4181856759823859 2576605.5381856760941446
148 10847743.7351389564573765 10847533.8551389556378126 2576815.4181856759823859 2576605.5381856760941446
149 18109706.4971082210540771 18109496.6171082220971584 2576815.4181856759823859 2576605.5381856760941446
150 8772908.2022787835448980 8772698.3222787827253342 2576815.4181856759823859 2576605.5381856760941446
151 22913432.4229792580008507 22913222.5429792590439320 2576815.4181856759823859 2576605.5381856760941446
152 26522072.4194893315434456 26521862.5394893325865269 2576815.4181856759823859 2576605.5381856760941446
153 9300026.7730540614575148 9299816.8930540606379509 2576815.4181856759823859 2576605.5381856760941446
154 17330724.3410204648971558 17330514.4610204659402370 2576815.4181856759823859 2576605.5381856760941446
155 25550274.2706623971462250 25550064.3906623981893063 2576815.4181856759823859 2576605.5381856760941446
156 23055184.3229727633297443 23054974.4429727643728256 2576815.4181856759823859 2576605.5381856760941446
157 51616676.9696268439292908 51616467.0896268412470818 2576815.4181856759823859 2576605.5381856760941446
158 43337261.9784314259886742 43337052.0984314233064651 2576815.4181856759823859 2576605.5381856760941446
159 11754775.5606409087777138 11754565.6806409079581499 2576815.4181856759823859 2576605.5381856760941446
160 31700844.5552125163376331 31700634.6752125173807144 2576815.4181856759823859 2576605.5381856760941446
161 35225874.5681217908859253 35225664.6881217882037163 2576815.4181856759823859 2576605.5381856760941446
162 11799534.2451019752770662 11799324.3651019744575024 2576815.4181856759823859 2576605.5381856760941446
163 7888337.7742045652121305 7888127.8942045653238893 2576815.4181856759823859 2576605.5381856760941446
164 44495685.0363102704286575 44495475.1563102677464485 2576815.4181856759823859 2576605.5381856760941446
165 31991013.1113961562514305 31990803.2313961572945118 2576815.4181856759823859 2576605.5381856760941446
166 23917466.5159261971712112 23917256.6359261982142925 2576815.4181856759823859 2576605.5381856760941446
167 14582304.5791349783539772 14582094.6991349775344133 2576815.4181856759823859 2576605.5381856760941446
168 14795527.6447446625679731 14795317.7647446617484093 2576815.4181856759823859 2576605.5381856760941446
169 22760639.4340284094214439 22760429.5540284104645252 2576815.4181856759823859 2576605.5381856760941446
170 27893129.0437828004360199 27892919.1637828014791012 2576815.4181856759823859 2576605.5381856760941446
171 21860107.0411833114922047 21859897.1611833125352859 2576815.4181856759823859 2576605.5381856760941446
172 31816561.5019526332616806 31816351.6219526343047619 2576815.4181856759823859 2576605.5381856760941446
173 29994389.3981458172202110 29994179.5181458182632923 2576815.4181856759823859 2576605.5381856760941446
174 9495842.7661400102078915 9495632.8861400093883276 2576815.4181856759823859 2576605.5381856760941446
175 6907825.2678747214376926 6907615.3878747215494514 2576815.4181856759823859 2576605.5381856760941446
176 13561133.6546635814011097 13560923.7746635805815458 2576815.4181856759823859 2576605.5381856760941446
177 16257716.2694561462849379 16257506.3894561454653740 2576815.4181856759823859 2576605.5381856760941446
178 21026503.5646885447204113 21026293.6846885457634926 2576815.4181856759823859 2576605.5381856760941446
179 52021109.2115713134407997 52020899.3315713107585907 2576815.4181856759823859 2576605.5381856760941446
180 14252223.3804166428744793 14252013.5004166420549154 2576815.4181856759823859 2576605.5381856760941446
181 8481353.6490551382303238 8481143.7690551374107599 2576815.4181856759823859 2576605.5381856760941446
182 9634831.0227983444929123 9634621.1427983436733484 2576815.4181856759823859 2576605.5381856760941446
183 20769237.2587441280484200 20769027.3787441290915012 2576815.4181856759823859 2576605.5381856760941446
184 17020276.0903651006519794 17020066.2103651016950607 2576815.4181856759823859 2576605.5381856760941446
185 11718644.3197440449148417 11718434.4397440440952778 2576815.4181856759823859 2576605.5381856760941446
186 23769917.6666523218154907 23769707.7866523228585720 2576815.4181856759823859 2576605.5381856760941446
187 37856104.3214757516980171 37855894.4414757490158081 2576815.4181856759823859 2576605.5381856760941446
188 24858412.0785840153694153 24858202.1985840164124966 2576815.4181856759823859 2576605.5381856760941446
189 50182659.3781448304653168 50182449.4981448277831078 2576815.4181856759823859 2576605.5381856760941446
190 34499687.0899277925491333 34499477.2099277898669243 2576815.4181856759823859 2576605.5381856760941446
191 25279979.2486724704504013 25279769.3686724714934826 2576815.4181856759823859 2576605.5381856760941446
192 10511290.3990641124546528 10511080.5190641116350889 2576815.4181856759823859 2576605.5381856760941446
193 9957478.2452065777033567 9957268.3652065768837929 2576815.4181856759823859 2576605.5381856760941446
194 42528051.9523229673504829 42527842.0723229646682739 2576815.4181856759823859 2576605.5381856760941446
195 19771701.0249949432909489 19771491.1449949443340302 2576815.4181856759823859 2576605.5381856760941446
196 14931203.3493134491145611 14930993.4693134482949972 2576815.4181856759823859 2576605.5381856760941446
197 30272475.2016450911760330 30272265.3216450922191143 2576815.4181856759823859 2576605.5381856760941446
198 12190829.6851824745535851 12190619.8051824737340212 2576815.4181856759823859 2576605.5381856760941446
199 15592986.7488946001976728 15592776.8688945993781090 2576815.4181856759823859 2576605.5381856760941446
200 2664599.4662801832892001 2664389.5862801834009588 2576815.4181856759823859 2576605.5381856760941446
201 20216221.7112544476985931 20216011.8312544487416744 2576815.4181856759823859 2576605.5381856760941446
202 11885654.0098539609462023 11885444.1298539601266384 2576815.4181856759823859 2576605.5381856760941446
203 19031564.5369972512125969 19031354.6569972522556782 2576815.4181856759823859 2576605.5381856760941446
204 15454107.8199750296771526 15453897.9399750288575888 2576815.4181856759823859 2576605.5381856760941446
205 13817718.6408740282058716 13817508.7608740273863077 2576815.4181856759823859 2576605.5381856760941446
206 4396781.0662585245445371 4396571.1862585246562958 2576815.4181856759823859 2576605.5381856760941446
207 33380905.8460428230464458 33380695.9660428240895271 2576815.4181856759823859 2576605.5381856760941446
208 39396518.3601060807704926 39396308.4801060780882835 2576815.4181856759823859 2576605.5381856760941446
209 5906390.0594682265073061 5906180.1794682266190648 2576815.4181856759823859 2576605.5381856760941446
210 23250991.6727332025766373 23250781.7927332036197186 2576815.4181856759823859 2576605.5381856760941446
211 12741795.2512645330280066 12741585.3712645322084427 2576815.4181856759823859 2576605.5381856760941446
212 35955572.8446757495403290 35955362.9646757468581200 2576815.4181856759823859 2576605.5381856760941446
213 43677972.4984452202916145 43677762.6184452176094055 2576815.4181856759823859 2576605.5381856760941446
214 9190506.5413716044276953 9190296.6613716036081314 2576815.4181856759823859 2576605.5381856760941446
215 26554336.3498561307787895 26554126.4698561318218708 2576815.4181856759823859 2576605.5381856760941446
216 23194374.3983305618166924 23194164.5183305628597736 2576815.4181856759823859 2576605.5381856760941446
217 30813031.0737054049968719 30812821.1937054060399532 2576815.4181856759823859 2576605.5381856760941446
218 16005546.8910907395184040 16005337.0110907386988401 2576815.4181856759823859 2576605.5381856760941446
219 22869945.6724876873195171 22869735.7924876883625984 2576815.4181856759823859 2576605.5381856760941446
220 22871508.8148931935429573 22871298.9348931945860386 2576815.4181856759823859 2576605.5381856760941446
221 45165459.7141798883676529 45165249.8341798856854439 2576815.4181856759823859 2576605.5381856760941446
222 24258961.4078918695449829 24258751.5278918705880642 2576815.4181856759823859 2576605.5381856760941446
223 21443718.4460942633450031 21443508.5660942643880844 2576815.4181856759823859 2576605.5381856760941446
224 30363669.8623467348515987 30363459.9823467358946800 2576815.4181856759823859 2576605.5381856760941446
225 10751341.5304709989577532 10751131.6504709981381893 2576815.4181856759823859 2576605.5381856760941446
226 18768348.2766877561807632 18768138.3966877572238445 2576815.4181856759823859 2576605.5381856760941446
227 35358606.6498168855905533 35358396.7698168829083443 2576815.4181856759823859 2576605.5381856760941446
228 20815788.6692141257226467 20815578.7892141267657280 2576815.4181856759823859 2576605.5381856760941446
229 11841494.4275365341454744 11841284.5475365333259106 2576815.4181856759823859 2576605.5381856760941446
230 48815430.7117334604263306 48815220.8317334577441216 2576815.4181856759823859 2576605.5381856760941446
231 20422974.1481129117310047 20422764.2681129127740860 2576815.4181856759823859 2576605.5381856760941446
232 44659499.2051314413547516 44659289.3251314386725426 2576815.4181856759823859 2576605.5381856760941446
233 20431844.4822956547141075 20431634.6022956557571888 2576815.4181856759823859 2576605.5381856760941446
234 11660220.6176979914307594 11660010.7376979906111956 2576815.4181856759823859 2576605.5381856760941446
235 83263365.0046975016593933 83263155.1246975064277649 2576815.4181856759823859 2576605.5381856760941446
236 16326629.9780690185725689 16326420.0980690177530050 2576815.4181856759823859 2576605.5381856760941446
237 62611398.6654653772711754 62611188.7854653745889664 2576815.4181856759823859 2576605.5381856760941446
238 13369992.1738852225244045 13369782.2938852217048407 2576815.4181856759823859 2576605.5381856760941446
239 21228678.7765050418674946 21228468.8965050429105759 2576815.4181856759823859 2576605.5381856760941446
240 28222722.5945899263024330 28222512.7145899273455143 2576815.4181856759823859 2576605.5381856760941446
241 5619666.0452499575912952 5619456.1652499577030540 2576815.4181856759823859 2576605.5381856760941446
242 19239947.7665050812065601 19239737.8865050822496414 2576815.4181856759823859 2576605.5381856760941446
243 12202317.6824236996471882 12202107.8024236988276243 2576815.4181856759823859 2576605.5381856760941446
244 53305372.4975127279758453 53305162.6175127252936363 2576815.4181856759823859 2576605.5381856760941446
245 28929737.0026817396283150 28929527.1226817406713963 2576815.4181856759823859 2576605.5381856760941446
246 7386610.5887525537982583 7386400.7087525539100170 2576815.4181856759823859 2576605.5381856760941446
247 37456760.9193944334983826 37456551.0393944308161736 2576815.4181856759823859 2576605.5381856760941446
248 10541093.1539257019758224 10540883.2739257011562586 2576815.4181856759823859 2576605.5381856760941446
249 24555327.6259170919656754 24555117.7459170930087566 2576815.4181856759823859 2576605.5381856760941446
250 14035909.7392152603715658 14035699.8592152595520020 2576815.4181856759823859 2576605.5381856760941446
251 47163596.3790241032838821 47163386.4990241006016731 2576815.4181856759823859 2576605.5381856760941446
252 35874432.7837704494595528 35874222.9037704467773438 2576815.4181856759823859 2576605.5381856760941446
253 18758672.6501499339938164 18758462.7701499350368977 2576815.4181856759823859 2576605.5381856760941446
254 50157946.9713532328605652 50157737.0913532301783562 2576815.4181856759823859 2576605.5381856760941446
255 26474403.5894703380763531 26474193.7094703391194344 2576815.4181856759823859 2576605.5381856760941446
256 10590328.3043298199772835 10590118.4243298191577196 2576815.4181856759823859 2576605.5381856760941446
257 14320071.9412548914551735 14319862.0612548906356096 2576815.4181856759823859 2576605.5381856760941446
258 7502503.8084186473861337 7502293.9284186474978924 2576815.4181856759823859 2576605.5381856760941446
259 15220106.2070077266544104 15219896.3270077258348465 2576815.4181856759823859 2576605.5381856760941446
260 11814151.4191732611507177 11813941.5391732603311539 2576815.4181856759823859 2576605.5381856760941446
261 60194404.7501883581280708 60194194.8701883554458618 2576815.4181856759823859 2576605.5381856760941446
262 12841828.7000894770026207 12841618.8200894761830568 2576815.4181856759823859 2576605.5381856760941446
263 9410343.6680789161473513 9410133.7880789153277874 2576815.4181856759823859 2576605.5381856760941446
264 20223231.9806508980691433 20223022.1006508991122246 2576815.4181856759823859 2576605.5381856760941446
265 25085854.3974207080900669 25085644.5174207091331482 2576815.4181856759823859 2576605.5381856760941446
266 20352166.0866034626960754 20351956.2066034637391567 2576815.4181856759823859 2576605.5381856760941446
267 15915921.3346479739993811 15915711.4546479731798172 2576815.4181856759823859 2576605.5381856760941446
268 12019947.1863748095929623 12019737.3063748087733984 2576815.4181856759823859 2576605.5381856760941446
269 33123711.0906118191778660 33123501.2106118202209473 2576815.4181856759823859 2576605.5381856760941446
270 14976000.4300179574638605 14975790.5500179566442966 2576815.4181856759823859 2576605.5381856760941446
271 14478055.5469988733530045 14477845.6669988725334406 2576815.4181856759823859 2576605.5381856760941446
272 44031330.5235649347305298 44031120.6435649320483208 2576815.4181856759823859 2576605.5381856760941446
273 15203018.5872378200292587 15202808.7072378192096949 2576815.4181856759823859 2576605.5381856760941446
274 15588896.6377513706684113 15588686.7577513698488474 2576815.4181856759823859 2576605.5381856760941446
275 22204539.0629267916083336 22204329.1829267926514149 2576815.4181856759823859 2576605.5381856760941446
276 11066175.0479492619633675 11065965.1679492611438036 2576815.4181856759823859 2576605.5381856760941446
277 55245083.8394626826047897 55244873.9594626799225807 2576815.4181856759823859 2576605.5381856760941446
278 34068955.4248081147670746 34068745.5448081120848656 2576815.4181856759823859 2576605.5381856760941446
279 10052056.3299069497734308 10051846.4499069489538670 2576815.4181856759823859 2576605.5381856760941446
280 42816445.2056898325681686 42816235.3256898298859596 2576815.4181856759823859 2576605.5381856760941446
281 7628188.6275061005726457 7627978.7475061006844044 2576815.4181856759823859 2576605.5381856760941446
282 17859269.3479345738887787 17859059.4679345749318600 2576815.4181856759823859 2576605.5381856760941446
283 3045898.2714317515492439 3045688.3914317516610026 2576815.4181856759823859 2576605.5381856760941446
284 3857432.9228667067363858 3857223.0428667068481445 2576815.4181856759823859 2576605.5381856760941446
285 33305350.2331698089838028 33305140.3531698100268841 2576815.4181856759823859 2576605.5381856760941446
286 3407169.1735392669215798 3406959.2935392670333385 2576815.4181856759823859 2576605.5381856760941446
287 18046314.5850562937557697 18046104.7050562947988510 2576815.4181856759823859 2576605.5381856760941446
288 7537298.4701416539028287 7537088.5901416540145874 2576815.4181856759823859 2576605.5381856760941446
289 6283594.3563035000115633 6283384.4763035001233220 2576815.4181856759823859 2576605.5381856760941446
290 28795757.4620034508407116 28795547.5820034518837929 2576815.4181856759823859 2576605.5381856760941446
291 4737168.6147887939587235 4736958.7347887940704823 2576815.4181856759823859 2576605.5381856760941446
292 21106365.3252055011689663 21106155.4452055022120476 2576815.4181856759823859 2576605.5381856760941446
293 42302004.2450058683753014 42301794.3650058656930923 2576815.4181856759823859 2576605.5381856760941446
294 29164508.2063695751130581 29164298.3263695761561394 2576815.4181856759823859 2576605.5381856760941446
295 21184770.2025398686528206 21184560.3225398696959019 2576815.4181856759823859 2576605.5381856760941446
296 15246651.3669147156178951 15246441.4869147147983313 2576815.4181856759823859 2576605.5381856760941446
297 22806952.2135999426245689 22806742.3335999436676502 2576815.4181856759823859 2576605.5381856760941446
298 52551184.5089294463396072 52550974.6289294436573982 2576815.4181856759823859 2576605.5381856760941446
299 5900269.2072836961597204 5900059.3272836962714791 2576815.4181856759823859 2576605.5381856760941446
300 58806611.5213505327701569 58806401.6413505300879478 2576815.4181856759823859 2576605.5381856760941446
301 17253928.5125526115298271 17253718.6325526125729084 2576815.4181856759823859 2576605.5381856760941446
302 7840158.4895131271332502 7839948.6095131272450089 2576815.4181856759823859 2576605.5381856760941446
303 18955774.1538981907069683 18955564.2738981917500496 2576815.4181856759823859 2576605.5381856760941446
304 19388730.6881627812981606 19388520.8081627823412418 2576815.4181856759823859 2576605.5381856760941446
305 31550157.9219352602958679 31549948.0419352613389492 2576815.4181856759823859 2576605.5381856760941446
306 65925508.1991940811276436 65925298.3191940784454346 2576815.4181856759823859 2576605.5381856760941446
307 22472450.1312203034758568 22472240.2512203045189381 2576815.4181856759823859 2576605.5381856760941446
308 34578410.4904343858361244 34578200.6104343831539154 2576815.4181856759823859 2576605.5381856760941446
309 43753542.4471501260995865 43753332.5671501234173775 2576815.4181856759823859 2576605.5381856760941446
310 10607630.3048794288188219 10607420.4248794279992580 2576815.4181856759823859 2576605.5381856760941446
311 27932242.3686082959175110 27932032.4886082969605923 2576815.4181856759823859 2576605.5381856760941446
312 32036502.8529336526989937 32036292.9729336537420750 2576815.4181856759823859 2576605.5381856760941446
313 32091238.7979071214795113 32091028.9179071225225925 2576815.4181856759823859 2576605.5381856760941446
314 31672496.2688742242753506 31672286.3888742253184319 2576815.4181856759823859 2576605.5381856760941446
315 7990994.9524538926780224 7990785.0724538927897811 2576815.4181856759823859 2576605.5381856760941446
316 12785571.1643522679805756 12785361.2843522671610117 2576815.4181856759823859 2576605.5381856760941446
317 24745169.3223250545561314 24744959.4423250555992126 2576815.4181856759823859 2576605.5381856760941446
318 16822130.5031937696039677 16821920.6231937706470490 2576815.4181856759823859 2576605.5381856760941446
319 20245237.6611000783741474 20245027.7811000794172287 2576815.4181856759823859 2576605.5381856760941446
320 7311551.1672258907929063 7311341.2872258909046650 2576815.4181856759823859 2576605.5381856760941446
321 16071116.9164981693029404 16070907.0364981684833765 2576815.4181856759823859 2576605.5381856760941446
322 20248523.2952392958104610 20248313.4152392968535423 2576815.4181856759823859 2576605.5381856760941446
323 3432356.8465949879027903 3432146.9665949880145490 2576815.4181856759823859 2576605.5381856760941446
324 14011421.6374093517661095 14011211.7574093509465456 2576815.4181856759823859 2576605.5381856760941446
325 24482003.4955162219703197 24481793.6155162230134010 2576815.4181856759823859 2576605.5381856760941446
326 12618294.2283085994422436 12618084.3483085986226797 2576815.4181856759823859 2576605.5381856760941446
327 12308035.9227808397263288 12307826.0427808389067650 2576815.4181856759823859 2576605.5381856760941446
328 29414871.9977440834045410 29414662.1177440844476223 2576815.4181856759823859 2576605.5381856760941446
329 15624908.7411811649799347 15624698.8611811641603708 2576815.4181856759823859 2576605.5381856760941446
330 26878611.8724945932626724 26878401.9924945943057537 2576815.4181856759823859 2576605.5381856760941446
331 20107257.5195483267307281 20107047.6395483277738094 2576815.4181856759823859 2576605.5381856760941446
332 6372451.4050706531852484 6372241.5250706532970071 2576815.4181856759823859 2576605.5381856760941446
333 21329346.9847569055855274 21329137.1047569066286087 2576815.4181856759823859 2576605.5381856760941446
334 19352846.7282337062060833 19352636.8482337072491646 2576815.4181856759823859 2576605.5381856760941446
335 10585083.9691812377423048 10584874.0891812369227409 2576815.4181856759823859 2576605.5381856760941446
336 20775741.3245261013507843 20775531.4445261023938656 2576815.4181856759823859 2576605.5381856760941446
337 6223482.8512150868773460 6223272.9712150869891047 2576815.4181856759823859 2576605.5381856760941446
338 15779338.8893474824726582 15779129.0093474816530943 2576815.4181856759823859 2576605.5381856760941446
339 4548427.4137293817475438 4548217.5337293818593025 2576815.4181856759823859 2576605.5381856760941446
340 25626736.0397782176733017 25626526.1597782187163830 2576815.4181856759823859 2576605.5381856760941446
341 19813865.9613124951720238 19813656.0813124962151051 2576815.4181856759823859 2576605.5381856760941446
342 44560261.4554810225963593 44560051.5754810199141502 2576815.4181856759823859 2576605.5381856760941446
343 40017071.3866528868675232 40016861.5066528841853142 2576815.4181856759823859 2576605.5381856760941446
344 9772247.8608322702348232 9772037.9808322694152594 2576815.4181856759823859 2576605.5381856760941446
345 9048743.7460119575262070 9048533.8660119567066431 2576815.4181856759823859 2576605.5381856760941446
346 7856518.6686575189232826 7856308.7886575190350413 2576815.4181856759823859 2576605.5381856760941446
347 16292525.8838335759937763 16292316.0038335751742125 2576815.4181856759823859 2576605.5381856760941446
348 17836287.2108223699033260 17836077.3308223709464073 2576815.4181856759823859 2576605.5381856760941446
349 11114224.8438923023641109 11114014.9638923015445471 2576815.4181856759823859 2576605.5381856760941446
350 12930187.0563417263329029 12929977.1763417255133390 2576815.4181856759823859 2576605.5381856760941446
351 12255294.2351569384336472 12255084.3551569376140833 2576815.4181856759823859 2576605.5381856760941446
352 43017435.2784769684076309 43017225.3984769657254219 2576815.4181856759823859 2576605.5381856760941446
353 7327793.3685957379639149 7327583.4885957380756736 2576815.4181856759823859 2576605.5381856760941446
354 7182429.2565013971179724 7182219.3765013972297311 2576815.4181856759823859 2576605.5381856760941446
355 27453616.3253612890839577 27453406.4453612901270390 2576815.4181856759823859 2576605.5381856760941446
356 9139781.5735402554273605 9139571.6935402546077967 2576815.4181856759823859 2576605.5381856760941446
357 37001000.1401250958442688 37000790.2601250931620598 2576815.4181856759823859 2576605.5381856760941446
358 37650905.3368518576025963 37650695.4568518549203873 2576815.4181856759823859 2576605.5381856760941446
359 3494657.2527420404367149 3494447.3727420405484736 2576815.4181856759823859 2576605.5381856760941446
360 10018706.2941928934305906 10018496.4141928926110268 2576815.4181856759823859 2576605.5381856760941446
361 17692595.5463038757443428 17692385.6663038767874241 2576815.4181856759823859 2576605.5381856760941446
362 39107422.2764098420739174 39107212.3964098393917084 2576815.4181856759823859 2576605.5381856760941446
363 23426570.9801702797412872 23426361.1001702807843685 2576815.4181856759823859 2576605.5381856760941446
364 6439811.2082067010924220 6439601.3282067012041807 2576815.4181856759823859 2576605.5381856760941446
365 16355822.5470602717250586 16355612.6670602709054947 2576815.4181856759823859 2576605.5381856760941446
366 9854957.0745975449681282 9854747.1945975441485643 2576815.4181856759823859 2576605.5381856760941446
367 16612257.5315717328339815 16612047.6515717320144176 2576815.4181856759823859 2576605.5381856760941446
368 18084796.1356106847524643 18084586.2556106857955456 2576815.4181856759823859 2576605.5381856760941446
369 9688599.1967297606170177 9688389.3167297597974539 2576815.4181856759823859 2576605.5381856760941446
370 35804499.6992403119802475 35804289.8192403092980385 2576815.4181856759823859 2576605.5381856760941446
371 3780250.5912487530149519 3780040.7112487531267107 2576815.4181856759823859 2576605.5381856760941446
372 17802318.3496143221855164 17802108.4696143232285976 2576815.4181856759823859 2576605.5381856760941446
373 14700119.8623049855232239 14699909.9823049847036600 2576815.4181856759823859 2576605.5381856760941446
374 57597448.6709417104721069 57597238.7909417077898979 2576815.4181856759823859 2576605.5381856760941446
375 18696727.9090903513133526 18696518.0290903523564339 2576815.4181856759823859 2576605.5381856760941446
376 13037656.1489435173571110 13037446.2689435165375471 2576815.4181856759823859 2576605.5381856760941446
377 17365578.6925519965589046 17365368.8125519976019859 2576815.4181856759823859 2576605.5381856760941446
378 12225281.7403978388756514 12225071.8603978380560875 2576815.4181856759823859 2576605.5381856760941446
379 9309523.3750926330685616 9309313.4950926322489977 2576815.4181856759823859 2576605.5381856760941446
380 9051664.5949352998286486 9051454.7149352990090847 2576815.4181856759823859 2576605.5381856760941446
381 8955990.1930728703737259 8955780.3130728695541620 2576815.4181856759823859 2576605.5381856760941446
382 18718929.4468835107982159 18718719.5668835118412971 2576815.4181856759823859 2576605.5381856760941446
383 16366958.8299538549035788 16366748.9499538540840149 2576815.4181856759823859 2576605.5381856760941446
384 11636771.3120363913476467 11636561.4320363905280828 2576815.4181856759823859 2576605.5381856760941446
385 9491972.9446366876363754 9491763.0646366868168116 2576815.4181856759823859 2576605.5381856760941446
386 8194564.2954738959670067 8194354.4154738960787654 2576815.4181856759823859 2576605.5381856760941446
387 21106109.5770271755754948 21105899.6970271766185760 2576815.4181856759823859 2576605.5381856760941446
388 57021371.7147929370403290 57021161.8347929343581200 2576815.4181856759823859 2576605.5381856760941446
389 3344612.3220144351944327 3344402.4420144353061914 2576815.4181856759823859 2576605.5381856760941446
390 35980731.1341801434755325 35980521.2541801407933235 2576815.4181856759823859 2576605.5381856760941446
391 13134073.4081381261348724 13133863.5281381253153086 2576815.4181856759823859 2576605.5381856760941446
392 19464676.8876802325248718 19464467.0076802335679531 2576815.4181856759823859 2576605.5381856760941446
393 13153466.6066818051040173 13153256.7266818042844534 2576815.4181856759823859 2576605.5381856760941446
394 32342167.3617773503065109 32341957.4817773513495922 2576815.4181856759823859 2576605.5381856760941446
395 22534982.1032095849514008 22534772.2232095859944820 2576815.4181856759823859 2576605.5381856760941446
396 16290281.2768976502120495 16290071.3968976493924856 2576815.4181856759823859 2576605.5381856760941446
397 10249346.7294201217591763 10249136.8494201209396124 2576815.4181856759823859 2576605.5381856760941446
398 16380929.9625817574560642 16380720.0825817566365004 2576815.4181856759823859 2576605.5381856760941446
399 9440406.5912368074059486 9440196.7112368065863848 2576815.4181856759823859 2576605.5381856760941446
400 19689763.8545445501804352 19689553.9745445512235165 2576815.4181856759823859 2576605.5381856760941446
401 13160645.7450152114033699 13160435.8650152105838060 2576815.4181856759823859 2576605.5381856760941446
402 6594090.9355106577277184 6593881.0555106578394771 2576815.4181856759823859 2576605.5381856760941446
403 15306787.7848622426390648 15306577.9048622418195009 2576815.4181856759823859 2576605.5381856760941446
404 7170665.2500966116786003 7170455.3700966117903590 2576815.4181856759823859 2576605.5381856760941446
405 30186557.3356660157442093 30186347.4556660167872906 2576815.4181856759823859 2576605.5381856760941446
406 29129453.3520598709583282 29129243.4720598720014095 2576815.4181856759823859 2576605.5381856760941446
407 30793156.3520545214414597 30792946.4720545224845409 2576815.4181856759823859 2576605.5381856760941446
408 39167024.9336205348372459 39166815.0536205321550369 2576815.4181856759823859 2576605.5381856760941446
409 8575324.0159206446260214 8575114.1359206438064575 2576815.4181856759823859 2576605.5381856760941446
410 3644692.9403662323020399 3644483.0603662324137986 2576815.4181856759823859 2576605.5381856760941446
411 16699368.1778855174779892 16699158.2978855166584253 2576815.4181856759823859 2576605.5381856760941446
412 35249071.3822790533304214 35248861.5022790506482124 2576815.4181856759823859 2576605.5381856760941446
413 17883349.7214819490909576 17883139.8414819501340389 2576815.4181856759823859 2576605.5381856760941446
414 21254967.3970172293484211 21254757.5170172303915024 2576815.4181856759823859 2576605.5381856760941446
415 21507294.9860827624797821 21507085.1060827635228634 2576815.4181856759823859 2576605.5381856760941446
416 24057646.2454356141388416 24057436.3654356151819229 2576815.4181856759823859 2576605.5381856760941446
417 16474238.5262683313339949 16474028.6462683305144310 2576815.4181856759823859 2576605.5381856760941446
418 8576806.9606987573206425 8576597.0806987565010786 2576815.4181856759823859 2576605.5381856760941446
419 23145757.8223994188010693 23145547.9423994198441505 2576815.4181856759823859 2576605.5381856760941446
420 6492483.0088067315518856 6492273.1288067316636443 2576815.4181856759823859 2576605.5381856760941446
421 22229831.3737669549882412 22229621.4937669560313225 2576815.4181856759823859 2576605.5381856760941446
422 26245020.5798269063234329 26244810.6998269073665142 2576815.4181856759823859 2576605.5381856760941446
423 12456774.5182507634162903 12456564.6382507625967264 2576815.4181856759823859 2576605.5381856760941446
424 21671207.9890984892845154 21670998.1090984903275967 2576815.4181856759823859 2576605.5381856760941446
425 32823434.3047975301742554 32823224.4247975312173367 2576815.4181856759823859 2576605.5381856760941446
426 41382713.1697683185338974 41382503.2897683158516884 2576815.4181856759823859 2576605.5381856760941446
427 19939412.1567530333995819 19939202.2767530344426632 2576815.4181856759823859 2576605.5381856760941446
428 6968375.2994994735345244 6968165.4194994736462831 2576815.4181856759823859 2576605.5381856760941446
429 13899669.1186663880944252 13899459.2386663872748613 2576815.4181856759823859 2576605.5381856760941446
430 32474629.5474621206521988 32474419.6674621216952801 2576815.4181856759823859 2576605.5381856760941446
431 30036726.1088212206959724 30036516.2288212217390537 2576815.4181856759823859 2576605.5381856760941446
432 10567504.7360339220613241 10567294.8560339212417603 2576815.4181856759823859 2576605.5381856760941446
433 9308407.2000253722071648 9308197.3200253713876009 2576815.4181856759823859 2576605.5381856760941446
434 18611224.7778510302305222 18611014.8978510312736034 2576815.4181856759823859 2576605.5381856760941446
435 20057897.5905266404151917 20057687.7105266414582729 2576815.4181856759823859 2576605.5381856760941446
436 51261954.4951502084732056 51261744.6151502057909966 2576815.4181856759823859 2576605.5381856760941446
437 10706135.2572855670005083 10705925.3772855661809444 2576815.4181856759823859 2576605.5381856760941446
438 18824946.5822179578244686 18824736.7022179588675499 2576815.4181856759823859 2576605.5381856760941446
439 13488885.8556901142001152 13488675.9756901133805513 2576815.4181856759823859 2576605.5381856760941446
440 12151928.7435553483664989 12151718.8635553475469351 2576815.4181856759823859 2576605.5381856760941446
441 9881512.0880361683666706 9881302.2080361675471067 2576815.4181856759823859 2576605.5381856760941446
442 5245714.7229427136480808 5245504.8429427137598395 2576815.4181856759823859 2576605.5381856760941446
443 10461983.7882131561636925 10461773.9082131553441286 2576815.4181856759823859 2576605.5381856760941446
444 68106290.6396262347698212 68106080.7596262395381927 2576815.4181856759823859 2576605.5381856760941446
445 10360854.6131151020526886 10360644.7331151012331247 2576815.4181856759823859 2576605.5381856760941446
446 13861521.2659137696027756 13861311.3859137687832117 2576815.4181856759823859 2576605.5381856760941446
447 7868887.1811627000570297 7868677.3011627001687884 2576815.4181856759823859 2576605.5381856760941446
448 23358384.4187353886663914 23358174.5387353897094727 2576815.4181856759823859 2576605.5381856760941446
449 7666646.4159265561029315 7666436.5359265562146902 2576815.4181856759823859 2576605.5381856760941446
450 12200005.0722809955477715 12199795.1922809947282076 2576815.4181856759823859 2576605.5381856760941446
451 3408373.8287659687921405 3408163.9487659689038992 2576815.4181856759823859 2576605.5381856760941446
452 13745548.9291281346231699 13745339.0491281338036060 2576815.4181856759823859 2576605.5381856760941446
453 19065372.0956298299133778 19065162.2156298309564590 2576815.4181856759823859 2576605.5381856760941446
454 12494351.8240535371005535 12494141.9440535362809896 2576815.4181856759823859 2576605.5381856760941446
455 15137015.8079629894345999 15136805.9279629886150360 2576815.4181856759823859 2576605.5381856760941446
456 20814754.4669894687831402 20814544.5869894698262215 2576815.4181856759823859 2576605.5381856760941446
457 31363203.1535043045878410 31362993.2735043056309223 2576815.4181856759823859 2576605.5381856760941446
458 22155621.8509609624743462 22155411.9709609635174274 2576815.4181856759823859 2576605.5381856760941446
459 6667189.9862627498805523 6666980.1062627499923110 2576815.4181856759823859 2576605.5381856760941446
460 36793805.6796213015913963 36793595.7996212989091873 2576815.4181856759823859 2576605.5381856760941446
461 17446223.2048733308911324 17446013.3248733319342136 2576815.4181856759823859 2576605.5381856760941446
462 13622150.9291940443217754 13621941.0491940435022116 2576815.4181856759823859 2576605.5381856760941446
463 30067937.8841477409005165 30067728.0041477419435978 2576815.4181856759823859 2576605.5381856760941446
464 17079331.8282565772533417 17079121.9482565782964230 2576815.4181856759823859 2576605.5381856760941446
465 8006140.6939711794257164 8005930.8139711795374751 2576815.4181856759823859 2576605.5381856760941446
466 15967857.3630455397069454 15967647.4830455388873816 2576815.4181856759823859 2576605.5381856760941446
467 7144659.5364241078495979 7144449.6564241079613566 2576815.4181856759823859 2576605.5381856760941446
468 18196099.9325165785849094 18195890.0525165796279907 2576815.4181856759823859 2576605.5381856760941446
469 10805686.0331811234354973 10805476.1531811226159334 2576815.4181856759823859 2576605.5381856760941446
470 31366486.7103016003966331 31366276.8303016014397144 2576815.4181856759823859 2576605.5381856760941446
471 16079955.5547166317701340 16079745.6747166309505701 2576815.4181856759823859 2576605.5381856760941446
472 35455536.1725128889083862 35455326.2925128862261772 2576815.4181856759823859 2576605.5381856760941446
473 9761791.8184853624552488 9761581.9384853616356850 2576815.4181856759823859 2576605.5381856760941446
474 38174972.3667506277561188 38174762.4867506250739098 2576815.4181856759823859 2576605.5381856760941446
475 23099419.5584934130311012 23099209.6784934140741825 2576815.4181856759823859 2576605.5381856760941446
476 17662138.3451408408582211 17661928.4651408419013023 2576815.4181856759823859 2576605.5381856760941446
477 21470367.0292716063559055 21470157.1492716073989868 2576815.4181856759823859 2576605.5381856760941446
478 8772289.2223144304007292 8772079.3423144295811653 2576815.4181856759823859 2576605.5381856760941446
479 9614324.0055003669112921 9614114.1255003660917282 2576815.4181856759823859 2576605.5381856760941446
480 6833831.3237720541656017 6833621.4437720542773604 2576815.4181856759823859 2576605.5381856760941446
481 30519009.0078606680035591 30518799.1278606690466404 2576815.4181856759823859 2576605.5381856760941446
482 7501837.0489374483004212 7501627.1689374484121799 2576815.4181856759823859 2576605.5381856760941446
483 2805880.2162475427612662 2805670.3362475428730249 2576815.4181856759823859 2576605.5381856760941446
484 56859642.5499953627586365 56859432.6699953600764275 2576815.4181856759823859 2576605.5381856760941446
485 26146665.8346502669155598 26146455.9546502679586411 2576815.4181856759823859 2576605.5381856760941446
486 10654303.1303713452070951 10654093.2503713443875313 2576815.4181856759823859 2576605.5381856760941446
487 12942023.9709620177745819 12941814.0909620169550180 2576815.4181856759823859 2576605.5381856760941446
488 7747077.9326488515362144 7746868.0526488516479731 2576815.4181856759823859 2576605.5381856760941446
489 14853512.3139709047973156 14853302.4339709039777517 2576815.4181856759823859 2576605.5381856760941446
490 35565420.1327764019370079 35565210.2527763992547989 2576815.4181856759823859 2576605.5381856760941446
491 9471986.3897837530821562 9471776.5097837522625923 2576815.4181856759823859 2576605.5381856760941446
492 11775541.1645530536770821 11775331.2845530528575182 2576815.4181856759823859 2576605.5381856760941446
493 45129965.6249285340309143 45129755.7449285313487053 2576815.4181856759823859 2576605.5381856760941446
494 20712874.0183383449912071 20712664.1383383460342884 2576815.4181856759823859 2576605.5381856760941446
495 20316726.5605977624654770 20316516.6805977635085583 2576815.4181856759823859 2576605.5381856760941446
496 34625224.4341560602188110 34625014.5541560575366020 2576815.4181856759823859 2576605.5381856760941446
497 7847496.7856751456856728 7847286.9056751457974315 2576815.4181856759823859 2576605.5381856760941446
498 14669425.6958882324397564 14669215.8158882316201925 2576815.4181856759823859 2576605.5381856760941446
499 39183973.0761331319808960 39183763.1961331292986870 2576815.4181856759823859 2576605.5381856760941446
500 10096638.9279821850359440 10096429.0479821842163801 2576815.4181856759823859 2576605.5381856760941446
