evaluations raw_y current_y raw_y_best current_y_best
1 30659117.1234333738684654 30658907.2434333749115467 30659117.1234333738684654 30658907.2434333749115467
2 21395885.8498414084315300 21395675.9698414094746113 21395885.8498414084315300 21395675.9698414094746113
3 17465222.6716410480439663 17465012.7916410490870476 17465222.6716410480439663 17465012.7916410490870476
4 4991750.5010964469984174 4991540.6210964471101761 4991750.5010964469984174 4991540.6210964471101761
5 35914559.1471233069896698 35914349.2671233043074608 4991750.5010964469984174 4991540.6210964471101761
6 37576753.9362499937415123 37576544.0562499910593033 4991750.5010964469984174 4991540.6210964471101761
7 25062535.8082661181688309 25062325.9282661192119122 4991750.5010964469984174 4991540.6210964471101761
8 50700268.1820140630006790 50700058.3020140603184700 4991750.5010964469984174 4991540.6210964471101761
9 8153717.7647266797721386 8153507.8847266798838973 4991750.5010964469984174 4991540.6210964471101761
10 8344054.2993354601785541 8343844.4193354602903128 4991750.5010964469984174 4991540.6210964471101761
11 13289566.4723458848893642 13289356.5923458840698004 4991750.5010964469984174 4991540.6210964471101761
12 9118875.3836212307214737 9118665.5036212299019098 4991750.5010964469984174 4991540.6210964471101761
13 8861833.3655226919800043 8861623.4855226911604404 4991750.5010964469984174 4991540.6210964471101761
14 11844958.0003266632556915 11844748.1203266624361277 4991750.5010964469984174 4991540.6210964471101761
15 7626259.4595541460439563 7626049.5795541461557150 4991750.5010964469984174 4991540.6210964471101761
16 11966644.7300579175353050 11966434.8500579167157412 4991750.5010964469984174 4991540.6210964471101761
17 9040156.8703953400254250 9039946.9903953392058611 4991750.5010964469984174 4991540.6210964471101761
18 6422785.1630358956754208 6422575.2830358957871795 4991750.5010964469984174 4991540.6210964471101761
19 10175932.8139461278915405 10175722.9339461270719767 4991750.5010964469984174 4991540.6210964471101761
20 10256231.1309693381190300 10256021.2509693372994661 4991750.5010964469984174 4991540.6210964471101761
21 9627673.7636084649711847 9627463.8836084641516209 4991750.5010964469984174 4991540.6210964471101761
22 7442035.1074337176978588 7441825.2274337178096175 4991750.5010964469984174 4991540.6210964471101761
23 18064894.6884501352906227 18064684.8084501363337040 4991750.5010964469984174 4991540.6210964471101761
24 7138919.0050938557833433 7138709.1250938558951020 4991750.5010964469984174 4991540.6210964471101761
25 9700711.8276822101324797 9700501.9476822093129158 4991750.5010964469984174 4991540.6210964471101761
26 8555611.8521823436021805 8555401.9721823427826166 4991750.5010964469984174 4991540.6210964471101761
27 8080186.2704925891011953 8079976.3904925892129540 4991750.5010964469984174 4991540.6210964471101761
28 6072338.6610126635059714 6072128.7810126636177301 4991750.5010964469984174 4991540.6210964471101761
29 7219322.0714576896280050 7219112.1914576897397637 4991750.5010964469984174 4991540.6210964471101761
30 8491064.5437324903905392 8490854.6637324895709753 4991750.5010964469984174 4991540.6210964471101761
31 8476058.0103239677846432 8475848.1303239669650793 4991750.5010964469984174 4991540.6210964471101761
32 8451363.8711887598037720 8451153.9911887589842081 4991750.5010964469984174 4991540.6210964471101761
33 6594557.8246460352092981 6594347.9446460353210568 4991750.5010964469984174 4991540.6210964471101761
34 8070944.4865409368649125 8070734.6065409369766712 4991750.5010964469984174 4991540.6210964471101761
35 5639578.7679596617817879 5639368.8879596618935466 4991750.5010964469984174 4991540.6210964471101761
36 6839557.9723049448803067 6839348.0923049449920654 4991750.5010964469984174 4991540.6210964471101761
37 6827297.2345372512936592 6827087.3545372514054179 4991750.5010964469984174 4991540.6210964471101761
38 6981284.2260133726522326 6981074.3460133727639914 4991750.5010964469984174 4991540.6210964471101761
39 7081829.1866210028529167 7081619.3066210029646754 4991750.5010964469984174 4991540.6210964471101761
40 9062505.2061269283294678 9062295.3261269275099039 4991750.5010964469984174 4991540.6210964471101761
41 7440010.5311540700495243 7439800.6511540701612830 4991750.5010964469984174 4991540.6210964471101761
42 6377858.5683070877566934 6377648.6883070878684521 4991750.5010964469984174 4991540.6210964471101761
43 6136180.9751958278939128 6135971.0951958280056715 4991750.5010964469984174 4991540.6210964471101761
44 8549086.5791854206472635 8548876.6991854198276997 4991750.5010964469984174 4991540.6210964471101761
45 10960811.5164858940988779 10960601.6364858932793140 4991750.5010964469984174 4991540.6210964471101761
46 6914682.7748202783986926 6914472.8948202785104513 4991750.5010964469984174 4991540.6210964471101761
47 6092381.6651643980294466 6092171.7851643981412053 4991750.5010964469984174 4991540.6210964471101761
48 6831354.7003686819225550 6831144.8203686820343137 4991750.5010964469984174 4991540.6210964471101761
49 10613952.5141981467604637 10613742.6341981459408998 4991750.5010964469984174 4991540.6210964471101761
50 10044664.0823430027812719 10044454.2023430019617081 4991750.5010964469984174 4991540.6210964471101761
51 9539232.4569509644061327 9539022.5769509635865688 4991750.5010964469984174 4991540.6210964471101761
52 12591837.0570711102336645 12591627.1770711094141006 4991750.5010964469984174 4991540.6210964471101761
53 9191420.9878525137901306 9191211.1078525129705667 4991750.5010964469984174 4991540.6210964471101761
54 6509536.8048842074349523 6509326.9248842075467110 4991750.5010964469984174 4991540.6210964471101761
55 6572358.2652115216478705 6572148.3852115217596292 4991750.5010964469984174 4991540.6210964471101761
56 6538652.3905105665326118 6538442.5105105666443706 4991750.5010964469984174 4991540.6210964471101761
57 6666361.0771565251052380 6666151.1971565252169967 4991750.5010964469984174 4991540.6210964471101761
58 6853739.7890400784090161 6853529.9090400785207748 4991750.5010964469984174 4991540.6210964471101761
59 6567909.7839382989332080 6567699.9039382990449667 4991750.5010964469984174 4991540.6210964471101761
60 6575808.2380851320922375 6575598.3580851322039962 4991750.5010964469984174 4991540.6210964471101761
61 7178519.7774113779887557 7178309.8974113781005144 4991750.5010964469984174 4991540.6210964471101761
62 6732706.5298458971083164 6732496.6498458972200751 4991750.5010964469984174 4991540.6210964471101761
63 11468254.9443894084542990 11468045.0643894076347351 4991750.5010964469984174 4991540.6210964471101761
64 10930777.6417412739247084 10930567.7617412731051445 4991750.5010964469984174 4991540.6210964471101761
65 8066792.0493347533047199 8066582.1693347534164786 4991750.5010964469984174 4991540.6210964471101761
66 11010074.9637505877763033 11009865.0837505869567394 4991750.5010964469984174 4991540.6210964471101761
67 5557054.5485181454569101 5556844.6685181455686688 4991750.5010964469984174 4991540.6210964471101761
68 10568219.7586406636983156 10568009.8786406628787518 4991750.5010964469984174 4991540.6210964471101761
69 5908850.8007101658731699 5908640.9207101659849286 4991750.5010964469984174 4991540.6210964471101761
70 7283643.6411547781899571 7283433.7611547783017159 4991750.5010964469984174 4991540.6210964471101761
71 7487344.5314473919570446 7487134.6514473920688033 4991750.5010964469984174 4991540.6210964471101761
72 11173891.7386281229555607 11173681.8586281221359968 4991750.5010964469984174 4991540.6210964471101761
73 12731013.3894227687269449 12730803.5094227679073811 4991750.5010964469984174 4991540.6210964471101761
74 16090240.5265175569802523 16090030.6465175561606884 4991750.5010964469984174 4991540.6210964471101761
75 15956012.9135175012052059 15955803.0335175003856421 4991750.5010964469984174 4991540.6210964471101761
76 6652484.3128671962767839 6652274.4328671963885427 4991750.5010964469984174 4991540.6210964471101761
77 6534946.4317455813288689 6534736.5517455814406276 4991750.5010964469984174 4991540.6210964471101761
78 10467514.0039801523089409 10467304.1239801514893770 4991750.5010964469984174 4991540.6210964471101761
79 10221476.7212818358093500 10221266.8412818349897861 4991750.5010964469984174 4991540.6210964471101761
80 10169100.3377661425620317 10168890.4577661417424679 4991750.5010964469984174 4991540.6210964471101761
81 6710894.3572053946554661 6710684.4772053947672248 4991750.5010964469984174 4991540.6210964471101761
82 14147549.2443883474916220 14147339.3643883466720581 4991750.5010964469984174 4991540.6210964471101761
83 10186544.8822627831250429 10186335.0022627823054790 4991750.5010964469984174 4991540.6210964471101761
84 10028956.9990020841360092 10028747.1190020833164454 4991750.5010964469984174 4991540.6210964471101761
85 6195736.7816897770389915 6195526.9016897771507502 4991750.5010964469984174 4991540.6210964471101761
86 7155692.0776513088494539 7155482.1976513089612126 4991750.5010964469984174 4991540.6210964471101761
87 9713627.9543437287211418 9713418.0743437279015779 4991750.5010964469984174 4991540.6210964471101761
88 7932834.4033525837585330 7932624.5233525838702917 4991750.5010964469984174 4991540.6210964471101761
89 9254753.2887059841305017 9254543.4087059833109379 4991750.5010964469984174 4991540.6210964471101761
90 9020562.6481317616999149 9020352.7681317608803511 4991750.5010964469984174 4991540.6210964471101761
91 8129898.6713473740965128 8129688.7913473742082715 4991750.5010964469984174 4991540.6210964471101761
92 6837708.3042873581871390 6837498.4242873582988977 4991750.5010964469984174 4991540.6210964471101761
93 13424503.3634047321975231 13424293.4834047313779593 4991750.5010964469984174 4991540.6210964471101761
94 6514376.1243784800171852 6514166.2443784801289439 4991750.5010964469984174 4991540.6210964471101761
95 6439511.3629552293568850 6439301.4829552294686437 4991750.5010964469984174 4991540.6210964471101761
96 10291249.2548058088868856 10291039.3748058080673218 4991750.5010964469984174 4991540.6210964471101761
97 6443930.9279653681442142 6443721.0479653682559729 4991750.5010964469984174 4991540.6210964471101761
98 7184952.7067015301436186 7184742.8267015302553773 4991750.5010964469984174 4991540.6210964471101761
99 7944454.0530083375051618 7944244.1730083376169205 4991750.5010964469984174 4991540.6210964471101761
100 10235463.3678699415177107 10235253.4878699406981468 4991750.5010964469984174 4991540.6210964471101761
101 8509870.6480870749801397 8509660.7680870741605759 4991750.5010964469984174 4991540.6210964471101761
102 6083187.9051192095503211 6082978.0251192096620798 4991750.5010964469984174 4991540.6210964471101761
103 5669856.0945986555889249 5669646.2145986557006836 4991750.5010964469984174 4991540.6210964471101761
104 12228488.2044246476143599 12228278.3244246467947960 4991750.5010964469984174 4991540.6210964471101761
105 8699968.1853902563452721 8699758.3053902555257082 4991750.5010964469984174 4991540.6210964471101761
106 12669796.6074577402323484 12669586.7274577394127846 4991750.5010964469984174 4991540.6210964471101761
107 11479032.4653332028537989 11478822.5853332020342350 4991750.5010964469984174 4991540.6210964471101761
108 6039954.7824143078178167 6039744.9024143079295754 4991750.5010964469984174 4991540.6210964471101761
109 5279890.0854378044605255 5279680.2054378045722842 4991750.5010964469984174 4991540.6210964471101761
110 6195783.9483829066157341 6195574.0683829067274928 4991750.5010964469984174 4991540.6210964471101761
111 12636240.1862355694174767 12636030.3062355685979128 4991750.5010964469984174 4991540.6210964471101761
112 9134207.8048642296344042 9133997.9248642288148403 4991750.5010964469984174 4991540.6210964471101761
113 6354610.8204574026167393 6354400.9404574027284980 4991750.5010964469984174 4991540.6210964471101761
114 9200745.7890056893229485 9200535.9090056885033846 4991750.5010964469984174 4991540.6210964471101761
115 7451737.1233661873266101 7451527.2433661874383688 4991750.5010964469984174 4991540.6210964471101761
116 7236187.6648061173036695 7235977.7848061174154282 4991750.5010964469984174 4991540.6210964471101761
117 7611263.1494225626811385 7611053.2694225627928972 4991750.5010964469984174 4991540.6210964471101761
118 8522576.2074146289378405 8522366.3274146281182766 4991750.5010964469984174 4991540.6210964471101761
119 10628863.6305374763906002 10628653.7505374755710363 4991750.5010964469984174 4991540.6210964471101761
120 5687126.6003096215426922 5686916.7203096216544509 4991750.5010964469984174 4991540.6210964471101761
121 10679476.1508636362850666 10679266.2708636354655027 4991750.5010964469984174 4991540.6210964471101761
122 5212924.4444764778017998 5212714.5644764779135585 4991750.5010964469984174 4991540.6210964471101761
123 13967595.2875206787139177 13967385.4075206778943539 4991750.5010964469984174 4991540.6210964471101761
124 8234955.8234423678368330 8234745.9434423679485917 4991750.5010964469984174 4991540.6210964471101761
125 6565297.0627573383972049 6565087.1827573385089636 4991750.5010964469984174 4991540.6210964471101761
126 5738754.2302303854376078 5738544.3502303855493665 4991750.5010964469984174 4991540.6210964471101761
127 5932707.8524947678670287 5932497.9724947679787874 4991750.5010964469984174 4991540.6210964471101761
128 4422414.4691371032968163 4422204.5891371034085751 4422414.4691371032968163 4422204.5891371034085751
129 6759172.0925282211974263 6758962.2125282213091850 4422414.4691371032968163 4422204.5891371034085751
130 3936239.7239279546774924 3936029.8439279547892511 3936239.7239279546774924 3936029.8439279547892511
131 5359850.1188351837918162 5359640.2388351839035749 3936239.7239279546774924 3936029.8439279547892511
132 14072229.3066079020500183 14072019.4266079012304544 3936239.7239279546774924 3936029.8439279547892511
133 4049754.9149606372229755 4049545.0349606373347342 3936239.7239279546774924 3936029.8439279547892511
134 5292403.8191234245896339 5292193.9391234247013927 3936239.7239279546774924 3936029.8439279547892511
135 14241478.3411796558648348 14241268.4611796550452709 3936239.7239279546774924 3936029.8439279547892511
136 4367197.4513945812359452 4366987.5713945813477039 3936239.7239279546774924 3936029.8439279547892511
137 5731781.0585584091022611 5731571.1785584092140198 3936239.7239279546774924 3936029.8439279547892511
138 6923905.4965525437146425 6923695.6165525438264012 3936239.7239279546774924 3936029.8439279547892511
139 8083077.3982376558706164 8082867.5182376559823751 3936239.7239279546774924 3936029.8439279547892511
140 5493677.2224809592589736 5493467.3424809593707323 3936239.7239279546774924 3936029.8439279547892511
141 7065098.3239492615684867 7064888.4439492616802454 3936239.7239279546774924 3936029.8439279547892511
142 9428631.6730032507330179 9428421.7930032499134541 3936239.7239279546774924 3936029.8439279547892511
143 7346492.9203778691589832 7346283.0403778692707419 3936239.7239279546774924 3936029.8439279547892511
144 5403870.3780539073050022 5403660.4980539074167609 3936239.7239279546774924 3936029.8439279547892511
145 4254465.7544679976999760 4254255.8744679978117347 3936239.7239279546774924 3936029.8439279547892511
146 6380102.0036620935425162 6379892.1236620936542749 3936239.7239279546774924 3936029.8439279547892511
147 6801663.8238358153030276 6801453.9438358154147863 3936239.7239279546774924 3936029.8439279547892511
148 6875092.2927418360486627 6874882.4127418361604214 3936239.7239279546774924 3936029.8439279547892511
149 4492711.3226222787052393 4492501.4426222788169980 3936239.7239279546774924 3936029.8439279547892511
150 5500835.8654426373541355 5500625.9854426374658942 3936239.7239279546774924 3936029.8439279547892511
151 10756325.5313813760876656 10756115.6513813752681017 3936239.7239279546774924 3936029.8439279547892511
152 4972269.3500885581597686 4972059.4700885582715273 3936239.7239279546774924 3936029.8439279547892511
153 8432422.4669473581016064 8432212.5869473572820425 3936239.7239279546774924 3936029.8439279547892511
154 4086088.4093605065718293 4085878.5293605066835880 3936239.7239279546774924 3936029.8439279547892511
155 5650066.5247848434373736 5649856.6447848435491323 3936239.7239279546774924 3936029.8439279547892511
156 13975546.0036771409213543 13975336.1236771401017904 3936239.7239279546774924 3936029.8439279547892511
157 5575044.7578363781794906 5574834.8778363782912493 3936239.7239279546774924 3936029.8439279547892511
158 7096642.8522671516984701 7096432.9722671518102288 3936239.7239279546774924 3936029.8439279547892511
159 4312615.7432101806625724 4312405.8632101807743311 3936239.7239279546774924 3936029.8439279547892511
160 14216866.3269847594201565 14216656.4469847586005926 3936239.7239279546774924 3936029.8439279547892511
161 5268534.0372296897694468 5268324.1572296898812056 3936239.7239279546774924 3936029.8439279547892511
162 4984793.9944044873118401 4984584.1144044874235988 3936239.7239279546774924 3936029.8439279547892511
163 4540090.6365652531385422 4539880.7565652532503009 3936239.7239279546774924 3936029.8439279547892511
164 4242965.8393901614472270 4242755.9593901615589857 3936239.7239279546774924 3936029.8439279547892511
165 6752838.3570646448060870 6752628.4770646449178457 3936239.7239279546774924 3936029.8439279547892511
166 7643860.3266154397279024 7643650.4466154398396611 3936239.7239279546774924 3936029.8439279547892511
167 8763462.5850166231393814 8763252.7050166223198175 3936239.7239279546774924 3936029.8439279547892511
168 10141998.3478829376399517 10141788.4678829368203878 3936239.7239279546774924 3936029.8439279547892511
169 7225707.8599903043359518 7225497.9799903044477105 3936239.7239279546774924 3936029.8439279547892511
170 5961653.1585054490715265 5961443.2785054491832852 3936239.7239279546774924 3936029.8439279547892511
171 11184800.1146800313144922 11184590.2346800304949284 3936239.7239279546774924 3936029.8439279547892511
172 5881821.9123020246624947 5881612.0323020247742534 3936239.7239279546774924 3936029.8439279547892511
173 18265135.4986795596778393 18264925.6186795607209206 3936239.7239279546774924 3936029.8439279547892511
174 5472390.8532396489754319 5472180.9732396490871906 3936239.7239279546774924 3936029.8439279547892511
175 8142451.7046026997268200 8142241.8246026998385787 3936239.7239279546774924 3936029.8439279547892511
176 4591341.5453214515000582 4591131.6653214516118169 3936239.7239279546774924 3936029.8439279547892511
177 5864818.9826571475714445 5864609.1026571476832032 3936239.7239279546774924 3936029.8439279547892511
178 6067193.9649455957114697 6066984.0849455958232284 3936239.7239279546774924 3936029.8439279547892511
179 7516255.6209301929920912 7516045.7409301931038499 3936239.7239279546774924 3936029.8439279547892511
180 5193304.4067320991307497 5193094.5267320992425084 3936239.7239279546774924 3936029.8439279547892511
181 6169598.5269426275044680 6169388.6469426276162267 3936239.7239279546774924 3936029.8439279547892511
182 6520047.3400466870516539 6519837.4600466871634126 3936239.7239279546774924 3936029.8439279547892511
183 12309200.5834615640342236 12308990.7034615632146597 3936239.7239279546774924 3936029.8439279547892511
184 4201267.5255318358540535 4201057.6455318359658122 3936239.7239279546774924 3936029.8439279547892511
185 7264889.9227671679109335 7264680.0427671680226922 3936239.7239279546774924 3936029.8439279547892511
186 6175716.7360300552099943 6175506.8560300553217530 3936239.7239279546774924 3936029.8439279547892511
187 5101027.2240018714219332 5100817.3440018715336919 3936239.7239279546774924 3936029.8439279547892511
188 6843141.2792242970317602 6842931.3992242971435189 3936239.7239279546774924 3936029.8439279547892511
189 9042095.7996246982365847 9041885.9196246974170208 3936239.7239279546774924 3936029.8439279547892511
190 8979785.1804860718548298 8979575.3004860710352659 3936239.7239279546774924 3936029.8439279547892511
191 6728676.8296422231942415 6728466.9496422233060002 3936239.7239279546774924 3936029.8439279547892511
192 4148214.5768247027881444 4148004.6968247028999031 3936239.7239279546774924 3936029.8439279547892511
193 4850193.0372288981452584 4849983.1572288982570171 3936239.7239279546774924 3936029.8439279547892511
194 6659204.0496448697522283 6658994.1696448698639870 3936239.7239279546774924 3936029.8439279547892511
195 3703875.5021906988695264 3703665.6221906989812851 3703875.5021906988695264 3703665.6221906989812851
196 8913397.4009987730532885 8913187.5209987722337246 3703875.5021906988695264 3703665.6221906989812851
197 9765911.4726710598915815 9765701.5926710590720177 3703875.5021906988695264 3703665.6221906989812851
198 3672253.1317006703466177 3672043.2517006704583764 3672253.1317006703466177 3672043.2517006704583764
199 4991314.4835394406691194 4991104.6035394407808781 3672253.1317006703466177 3672043.2517006704583764
200 5086707.7017577411606908 5086497.8217577412724495 3672253.1317006703466177 3672043.2517006704583764
201 4475119.9296621680259705 4474910.0496621681377292 3672253.1317006703466177 3672043.2517006704583764
202 4714590.5462888218462467 4714380.6662888219580054 3672253.1317006703466177 3672043.2517006704583764
203 4112342.1018764469772577 4112132.2218764470890164 3672253.1317006703466177 3672043.2517006704583764
204 9708125.1281600203365088 9707915.2481600195169449 3672253.1317006703466177 3672043.2517006704583764
205 6801360.4405748331919312 6801150.5605748333036900 3672253.1317006703466177 3672043.2517006704583764
206 4401648.2364304615184665 4401438.3564304616302252 3672253.1317006703466177 3672043.2517006704583764
207 5828428.9979836633428931 5828219.1179836634546518 3672253.1317006703466177 3672043.2517006704583764
208 6830691.8319825893267989 6830481.9519825894385576 3672253.1317006703466177 3672043.2517006704583764
209 8419578.2378166522830725 8419368.3578166514635086 3672253.1317006703466177 3672043.2517006704583764
210 11614836.9118505958467722 11614627.0318505950272083 3672253.1317006703466177 3672043.2517006704583764
211 4324384.1497038165107369 4324174.2697038166224957 3672253.1317006703466177 3672043.2517006704583764
212 6648767.1080622626468539 6648557.2280622627586126 3672253.1317006703466177 3672043.2517006704583764
213 4224982.8327737906947732 4224772.9527737908065319 3672253.1317006703466177 3672043.2517006704583764
214 3494778.8613563631661236 3494568.9813563632778823 3494778.8613563631661236 3494568.9813563632778823
215 4885128.7686336031183600 4884918.8886336032301188 3494778.8613563631661236 3494568.9813563632778823
216 3145593.5841492358595133 3145383.7041492359712720 3145593.5841492358595133 3145383.7041492359712720
217 7714427.6830292511731386 7714217.8030292512848973 3145593.5841492358595133 3145383.7041492359712720
218 3029843.1120712100528181 3029633.2320712101645768 3029843.1120712100528181 3029633.2320712101645768
219 10058466.9456813745200634 10058257.0656813737004995 3029843.1120712100528181 3029633.2320712101645768
220 3000281.3638798994943500 3000071.4838798996061087 3000281.3638798994943500 3000071.4838798996061087
221 7232260.7669603498652577 7232050.8869603499770164 3000281.3638798994943500 3000071.4838798996061087
222 4006071.4883558903820813 4005861.6083558904938400 3000281.3638798994943500 3000071.4838798996061087
223 5431499.0720096863806248 5431289.1920096864923835 3000281.3638798994943500 3000071.4838798996061087
224 5279168.9540820745751262 5278959.0740820746868849 3000281.3638798994943500 3000071.4838798996061087
225 5617647.9608522709459066 5617438.0808522710576653 3000281.3638798994943500 3000071.4838798996061087
226 4728688.8097124155610800 4728478.9297124156728387 3000281.3638798994943500 3000071.4838798996061087
227 5640402.7103617172688246 5640192.8303617173805833 3000281.3638798994943500 3000071.4838798996061087
228 3065054.0703886854462326 3064844.1903886855579913 3000281.3638798994943500 3000071.4838798996061087
229 14485052.5312234237790108 14484842.6512234229594469 3000281.3638798994943500 3000071.4838798996061087
230 6037133.1857484485954046 6036923.3057484487071633 3000281.3638798994943500 3000071.4838798996061087
231 12041221.4147815033793449 12041011.5347815025597811 3000281.3638798994943500 3000071.4838798996061087
232 2703231.2611634070053697 2703021.3811634071171284 2703231.2611634070053697 2703021.3811634071171284
233 6211020.2246628263965249 6210810.3446628265082836 2703231.2611634070053697 2703021.3811634071171284
234 2851913.5315140550956130 2851703.6515140552073717 2703231.2611634070053697 2703021.3811634071171284
235 3138740.8597122058272362 3138530.9797122059389949 2703231.2611634070053697 2703021.3811634071171284
236 24582704.8481271304190159 24582494.9681271314620972 2703231.2611634070053697 2703021.3811634071171284
237 3209742.5957441697828472 3209532.7157441698946059 2703231.2611634070053697 2703021.3811634071171284
238 3948649.1693652966059744 3948439.2893652967177331 2703231.2611634070053697 2703021.3811634071171284
239 5502456.9132114537060261 5502247.0332114538177848 2703231.2611634070053697 2703021.3811634071171284
240 2286326.1781013030558825 2286116.2981013031676412 2286326.1781013030558825 2286116.2981013031676412
241 7096206.5795047385618091 7095996.6995047386735678 2286326.1781013030558825 2286116.2981013031676412
242 4956429.2740036807954311 4956219.3940036809071898 2286326.1781013030558825 2286116.2981013031676412
243 4580271.5282788770273328 4580061.6482788771390915 2286326.1781013030558825 2286116.2981013031676412
244 3791390.9233296471647918 3791181.0433296472765505 2286326.1781013030558825 2286116.2981013031676412
245 6737397.9154339870437980 6737188.0354339871555567 2286326.1781013030558825 2286116.2981013031676412
246 4301781.4706468647345901 4301571.5906468648463488 2286326.1781013030558825 2286116.2981013031676412
247 6889974.2134462147951126 6889764.3334462149068713 2286326.1781013030558825 2286116.2981013031676412
248 3822917.3092196276411414 3822707.4292196277529001 2286326.1781013030558825 2286116.2981013031676412
249 6330926.7274231705814600 6330716.8474231706932187 2286326.1781013030558825 2286116.2981013031676412
250 6146049.8955592438578606 6145840.0155592439696193 2286326.1781013030558825 2286116.2981013031676412
251 14298383.8352538645267487 14298173.9552538637071848 2286326.1781013030558825 2286116.2981013031676412
252 6638997.2003011936321855 6638787.3203011937439442 2286326.1781013030558825 2286116.2981013031676412
253 6334272.1985010793432593 6334062.3185010794550180 2286326.1781013030558825 2286116.2981013031676412
254 6322988.0061093103140593 6322778.1261093104258180 2286326.1781013030558825 2286116.2981013031676412
255 10050557.1268621291965246 10050347.2468621283769608 2286326.1781013030558825 2286116.2981013031676412
256 3981306.4889812953770161 3981096.6089812954887748 2286326.1781013030558825 2286116.2981013031676412
257 5579250.2149935811758041 5579040.3349935812875628 2286326.1781013030558825 2286116.2981013031676412
258 5732928.7547632642090321 5732718.8747632643207908 2286326.1781013030558825 2286116.2981013031676412
259 14089578.0241010654717684 14089368.1441010646522045 2286326.1781013030558825 2286116.2981013031676412
260 4185577.5610677599906921 4185367.6810677601024508 2286326.1781013030558825 2286116.2981013031676412
261 4395541.0516360327601433 4395331.1716360328719020 2286326.1781013030558825 2286116.2981013031676412
262 4013893.3038950217887759 4013683.4238950219005346 2286326.1781013030558825 2286116.2981013031676412
263 11363491.0035595837980509 11363281.1235595829784870 2286326.1781013030558825 2286116.2981013031676412
264 15135050.6146561149507761 15134840.7346561141312122 2286326.1781013030558825 2286116.2981013031676412
265 7598300.6884235953912139 7598090.8084235955029726 2286326.1781013030558825 2286116.2981013031676412
266 4487410.0022345967590809 4487200.1222345968708396 2286326.1781013030558825 2286116.2981013031676412
267 14214060.5446039009839296 14213850.6646039001643658 2286326.1781013030558825 2286116.2981013031676412
268 8794932.5768015421926975 8794722.6968015413731337 2286326.1781013030558825 2286116.2981013031676412
269 6144911.2826895499601960 6144701.4026895500719547 2286326.1781013030558825 2286116.2981013031676412
270 6692492.0457874545827508 6692282.1657874546945095 2286326.1781013030558825 2286116.2981013031676412
271 4206587.9919091369956732 4206378.1119091371074319 2286326.1781013030558825 2286116.2981013031676412
272 5114911.4820393584668636 5114701.6020393585786223 2286326.1781013030558825 2286116.2981013031676412
273 5374257.8739951243624091 5374047.9939951244741678 2286326.1781013030558825 2286116.2981013031676412
274 13091734.3322010673582554 13091524.4522010665386915 2286326.1781013030558825 2286116.2981013031676412
275 8648757.6610769722610712 8648547.7810769714415073 2286326.1781013030558825 2286116.2981013031676412
276 3772371.1933592515997589 3772161.3133592517115176 2286326.1781013030558825 2286116.2981013031676412
277 3708762.8876411863602698 3708553.0076411864720285 2286326.1781013030558825 2286116.2981013031676412
278 4914481.4195572519674897 4914271.5395572520792484 2286326.1781013030558825 2286116.2981013031676412
279 8865298.8809792809188366 8865089.0009792800992727 2286326.1781013030558825 2286116.2981013031676412
280 6793039.2483983533456922 6792829.3683983534574509 2286326.1781013030558825 2286116.2981013031676412
281 4716063.8399561326950788 4715853.9599561328068376 2286326.1781013030558825 2286116.2981013031676412
282 3528853.5415503950789571 3528643.6615503951907158 2286326.1781013030558825 2286116.2981013031676412
283 7774366.0891898600384593 7774156.2091898601502180 2286326.1781013030558825 2286116.2981013031676412
284 4843625.4167395345866680 4843415.5367395346984267 2286326.1781013030558825 2286116.2981013031676412
285 6518086.6178405191749334 6517876.7378405192866921 2286326.1781013030558825 2286116.2981013031676412
286 5059617.7608372308313847 5059407.8808372309431434 2286326.1781013030558825 2286116.2981013031676412
287 4678927.8628096655011177 4678717.9828096656128764 2286326.1781013030558825 2286116.2981013031676412
288 4483446.3258815743029118 4483236.4458815744146705 2286326.1781013030558825 2286116.2981013031676412
289 3776706.0723266187123954 3776496.1923266188241541 2286326.1781013030558825 2286116.2981013031676412
290 4401071.8365159211680293 4400861.9565159212797880 2286326.1781013030558825 2286116.2981013031676412
291 3949864.0959396753460169 3949654.2159396754577756 2286326.1781013030558825 2286116.2981013031676412
292 4245990.9329527011141181 4245781.0529527012258768 2286326.1781013030558825 2286116.2981013031676412
293 8076777.0581306666135788 8076567.1781306667253375 2286326.1781013030558825 2286116.2981013031676412
294 3257912.6036318154074252 3257702.7236318155191839 2286326.1781013030558825 2286116.2981013031676412
295 4145576.7891142466105521 4145366.9091142467223108 2286326.1781013030558825 2286116.2981013031676412
296 4878980.3580121072009206 4878770.4780121073126793 2286326.1781013030558825 2286116.2981013031676412
297 3670051.2337213507853448 3669841.3537213508971035 2286326.1781013030558825 2286116.2981013031676412
298 5373321.3576389234513044 5373111.4776389235630631 2286326.1781013030558825 2286116.2981013031676412
299 4349328.2309390073642135 4349118.3509390074759722 2286326.1781013030558825 2286116.2981013031676412
300 3429145.6435009832493961 3428935.7635009833611548 2286326.1781013030558825 2286116.2981013031676412
301 5043364.7598723359405994 5043154.8798723360523582 2286326.1781013030558825 2286116.2981013031676412
302 12351400.3850443232804537 12351190.5050443224608898 2286326.1781013030558825 2286116.2981013031676412
303 7542993.9665693063288927 7542784.0865693064406514 2286326.1781013030558825 2286116.2981013031676412
304 2652683.5796723752282560 2652473.6996723753400147 2286326.1781013030558825 2286116.2981013031676412
305 3923331.8784520248882473 3923121.9984520250000060 2286326.1781013030558825 2286116.2981013031676412
306 3122486.3231023042462766 3122276.4431023043580353 2286326.1781013030558825 2286116.2981013031676412
307 3021575.6519422465935349 3021365.7719422467052937 2286326.1781013030558825 2286116.2981013031676412
308 3403727.0169783579185605 3403517.1369783580303192 2286326.1781013030558825 2286116.2981013031676412
309 2301521.3574650282971561 2301311.4774650284089148 2286326.1781013030558825 2286116.2981013031676412
310 3617797.8194080204702914 3617587.9394080205820501 2286326.1781013030558825 2286116.2981013031676412
311 3450641.3942378056235611 3450431.5142378057353199 2286326.1781013030558825 2286116.2981013031676412
312 7227062.8558666538447142 7226852.9758666539564729 2286326.1781013030558825 2286116.2981013031676412
313 4491470.5083185359835625 4491260.6283185360953212 2286326.1781013030558825 2286116.2981013031676412
314 3595822.6078515262342989 3595612.7278515263460577 2286326.1781013030558825 2286116.2981013031676412
315 5261611.4214944560080767 5261401.5414944561198354 2286326.1781013030558825 2286116.2981013031676412
316 8533835.6104791387915611 8533625.7304791379719973 2286326.1781013030558825 2286116.2981013031676412
317 6613640.3297491967678070 6613430.4497491968795657 2286326.1781013030558825 2286116.2981013031676412
318 7334529.0015214104205370 7334319.1215214105322957 2286326.1781013030558825 2286116.2981013031676412
319 3700742.8876475570723414 3700533.0076475571841002 2286326.1781013030558825 2286116.2981013031676412
320 3929475.4481731373816729 3929265.5681731374934316 2286326.1781013030558825 2286116.2981013031676412
321 4042006.6233617039397359 4041796.7433617040514946 2286326.1781013030558825 2286116.2981013031676412
322 6444436.2434538705274463 6444226.3634538706392050 2286326.1781013030558825 2286116.2981013031676412
323 4306898.1453658537939191 4306688.2653658539056778 2286326.1781013030558825 2286116.2981013031676412
324 5490202.2767972983419895 5489992.3967972984537482 2286326.1781013030558825 2286116.2981013031676412
325 5268660.0953858718276024 5268450.2153858719393611 2286326.1781013030558825 2286116.2981013031676412
326 9483284.3438830040395260 9483074.4638830032199621 2286326.1781013030558825 2286116.2981013031676412
327 4376607.9786553820595145 4376398.0986553821712732 2286326.1781013030558825 2286116.2981013031676412
328 6933702.8111501447856426 6933492.9311501448974013 2286326.1781013030558825 2286116.2981013031676412
329 5761854.9696913007646799 5761645.0896913008764386 2286326.1781013030558825 2286116.2981013031676412
330 3025260.0304515827447176 3025050.1504515828564763 2286326.1781013030558825 2286116.2981013031676412
331 3825870.7719454639591277 3825660.8919454640708864 2286326.1781013030558825 2286116.2981013031676412
332 13128002.1624835971742868 13127792.2824835963547230 2286326.1781013030558825 2286116.2981013031676412
333 18058902.3762312829494476 18058692.4962312839925289 2286326.1781013030558825 2286116.2981013031676412
334 3353066.7492753947153687 3352856.8692753948271275 2286326.1781013030558825 2286116.2981013031676412
335 4970639.3564687520265579 4970429.4764687521383166 2286326.1781013030558825 2286116.2981013031676412
336 4771266.9306617667898536 4771057.0506617669016123 2286326.1781013030558825 2286116.2981013031676412
337 3867455.9953494430519640 3867246.1153494431637228 2286326.1781013030558825 2286116.2981013031676412
338 3262958.2348383762873709 3262748.3548383763991296 2286326.1781013030558825 2286116.2981013031676412
339 3374209.5407842299900949 3373999.6607842301018536 2286326.1781013030558825 2286116.2981013031676412
340 6323366.3893855372443795 6323156.5093855373561382 2286326.1781013030558825 2286116.2981013031676412
341 4338012.5857369909062982 4337802.7057369910180569 2286326.1781013030558825 2286116.2981013031676412
342 3890939.7588930632919073 3890729.8788930634036660 2286326.1781013030558825 2286116.2981013031676412
343 5313918.0082108192145824 5313708.1282108193263412 2286326.1781013030558825 2286116.2981013031676412
344 6465876.5550454836338758 6465666.6750454837456346 2286326.1781013030558825 2286116.2981013031676412
345 2844279.8020322346128523 2844069.9220322347246110 2286326.1781013030558825 2286116.2981013031676412
346 3486948.2382118077948689 3486738.3582118079066277 2286326.1781013030558825 2286116.2981013031676412
347 4852937.3069704994559288 4852727.4269704995676875 2286326.1781013030558825 2286116.2981013031676412
348 3597748.8426712010987103 3597538.9626712012104690 2286326.1781013030558825 2286116.2981013031676412
349 10064364.7482763081789017 10064154.8682763073593378 2286326.1781013030558825 2286116.2981013031676412
350 5184157.4042752934619784 5183947.5242752935737371 2286326.1781013030558825 2286116.2981013031676412
351 4193225.1918240380473435 4193015.3118240381591022 2286326.1781013030558825 2286116.2981013031676412
352 5057341.1109062414616346 5057131.2309062415733933 2286326.1781013030558825 2286116.2981013031676412
353 2996895.7213826244696975 2996685.8413826245814562 2286326.1781013030558825 2286116.2981013031676412
354 4334621.6681676749140024 4334411.7881676750257611 2286326.1781013030558825 2286116.2981013031676412
355 3089565.4296713010407984 3089355.5496713011525571 2286326.1781013030558825 2286116.2981013031676412
356 5065934.9299829490482807 5065725.0499829491600394 2286326.1781013030558825 2286116.2981013031676412
357 4273335.5177970901131630 4273125.6377970902249217 2286326.1781013030558825 2286116.2981013031676412
358 5054752.6249349163845181 5054542.7449349164962769 2286326.1781013030558825 2286116.2981013031676412
359 3113909.8429241855628788 3113699.9629241856746376 2286326.1781013030558825 2286116.2981013031676412
360 2903546.0954684335738420 2903336.2154684336856008 2286326.1781013030558825 2286116.2981013031676412
361 3085687.2827715151943266 3085477.4027715153060853 2286326.1781013030558825 2286116.2981013031676412
362 4445881.2839996851980686 4445671.4039996853098273 2286326.1781013030558825 2286116.2981013031676412
363 3564634.3682030509226024 3564424.4882030510343611 2286326.1781013030558825 2286116.2981013031676412
364 3562109.0303608058020473 3561899.1503608059138060 2286326.1781013030558825 2286116.2981013031676412
365 14910893.9981107246130705 14910684.1181107237935066 2286326.1781013030558825 2286116.2981013031676412
366 3545798.2735477760434151 3545588.3935477761551738 2286326.1781013030558825 2286116.2981013031676412
367 14278751.1725660040974617 14278541.2925660032778978 2286326.1781013030558825 2286116.2981013031676412
368 1963691.7896848360542208 1963481.9096848361659795 1963691.7896848360542208 1963481.9096848361659795
369 9256696.1786565054208040 9256486.2986565046012402 1963691.7896848360542208 1963481.9096848361659795
370 4388757.8679702244699001 4388547.9879702245816588 1963691.7896848360542208 1963481.9096848361659795
371 3467748.3471172014251351 3467538.4671172015368938 1963691.7896848360542208 1963481.9096848361659795
372 2877337.4695106889121234 2877127.5895106890238822 1963691.7896848360542208 1963481.9096848361659795
373 3929159.0966181317344308 3928949.2166181318461895 1963691.7896848360542208 1963481.9096848361659795
374 3241952.6196889718994498 3241742.7396889720112085 1963691.7896848360542208 1963481.9096848361659795
375 3283782.8509461046196520 3283572.9709461047314107 1963691.7896848360542208 1963481.9096848361659795
376 2914723.0938358255662024 2914513.2138358256779611 1963691.7896848360542208 1963481.9096848361659795
377 6198856.9916366217657924 6198647.1116366218775511 1963691.7896848360542208 1963481.9096848361659795
378 4966702.2234208295121789 4966492.3434208296239376 1963691.7896848360542208 1963481.9096848361659795
379 3754297.8735763486474752 3754087.9935763487592340 1963691.7896848360542208 1963481.9096848361659795
380 15484355.8939364217221737 15484146.0139364209026098 1963691.7896848360542208 1963481.9096848361659795
381 8430293.7031908296048641 8430083.8231908287853003 1963691.7896848360542208 1963481.9096848361659795
382 5573159.0579605186358094 5572949.1779605187475681 1963691.7896848360542208 1963481.9096848361659795
383 4975650.5052354987710714 4975440.6252354988828301 1963691.7896848360542208 1963481.9096848361659795
384 3470202.3968497072346509 3469992.5168497073464096 1963691.7896848360542208 1963481.9096848361659795
385 4412852.8334868559613824 4412642.9534868560731411 1963691.7896848360542208 1963481.9096848361659795
386 5017286.0785947907716036 5017076.1985947908833623 1963691.7896848360542208 1963481.9096848361659795
387 4049454.0941620636731386 4049244.2141620637848973 1963691.7896848360542208 1963481.9096848361659795
388 4359307.6644225064665079 4359097.7844225065782666 1963691.7896848360542208 1963481.9096848361659795
389 4094269.4434509840793908 4094059.5634509841911495 1963691.7896848360542208 1963481.9096848361659795
390 6339265.2070520175620914 6339055.3270520176738501 1963691.7896848360542208 1963481.9096848361659795
391 6977380.7564655933529139 6977170.8764655934646726 1963691.7896848360542208 1963481.9096848361659795
392 7173539.3517265953123569 7173329.4717265954241157 1963691.7896848360542208 1963481.9096848361659795
393 2994593.6652941838838160 2994383.7852941839955747 1963691.7896848360542208 1963481.9096848361659795
394 3316160.1503826887346804 3315950.2703826888464391 1963691.7896848360542208 1963481.9096848361659795
395 6240970.6646319236606359 6240760.7846319237723947 1963691.7896848360542208 1963481.9096848361659795
396 4143939.7304637758061290 4143729.8504637759178877 1963691.7896848360542208 1963481.9096848361659795
397 4655882.2107589300721884 4655672.3307589301839471 1963691.7896848360542208 1963481.9096848361659795
398 4646760.2408738285303116 4646550.3608738286420703 1963691.7896848360542208 1963481.9096848361659795
399 4683187.0164228435605764 4682977.1364228436723351 1963691.7896848360542208 1963481.9096848361659795
400 7190617.4364714454859495 7190407.5564714455977082 1963691.7896848360542208 1963481.9096848361659795
401 5065485.6810743808746338 5065275.8010743809863925 1963691.7896848360542208 1963481.9096848361659795
402 2404599.0003664074465632 2404389.1203664075583220 1963691.7896848360542208 1963481.9096848361659795
403 3376232.2616360043175519 3376022.3816360044293106 1963691.7896848360542208 1963481.9096848361659795
404 3579850.4063288141041994 3579640.5263288142159581 1963691.7896848360542208 1963481.9096848361659795
405 6864691.5019953791052103 6864481.6219953792169690 1963691.7896848360542208 1963481.9096848361659795
406 11051640.1638647653162479 11051430.2838647644966841 1963691.7896848360542208 1963481.9096848361659795
407 2487223.2130990484729409 2487013.3330990485846996 1963691.7896848360542208 1963481.9096848361659795
408 7208111.1065845973789692 7207901.2265845974907279 1963691.7896848360542208 1963481.9096848361659795
409 2871194.6512310029938817 2870984.7712310031056404 1963691.7896848360542208 1963481.9096848361659795
410 10749345.2750182319432497 10749135.3950182311236858 1963691.7896848360542208 1963481.9096848361659795
411 2764026.5732639683410525 2763816.6932639684528112 1963691.7896848360542208 1963481.9096848361659795
412 8619062.8950719814747572 8618853.0150719806551933 1963691.7896848360542208 1963481.9096848361659795
413 3322446.0205858522094786 3322236.1405858523212373 1963691.7896848360542208 1963481.9096848361659795
414 3461855.5813491158187389 3461645.7013491159304976 1963691.7896848360542208 1963481.9096848361659795
415 6685998.1239279834553599 6685788.2439279835671186 1963691.7896848360542208 1963481.9096848361659795
416 4056424.1333156805485487 4056214.2533156806603074 1963691.7896848360542208 1963481.9096848361659795
417 3063250.6563530322164297 3063040.7763530323281884 1963691.7896848360542208 1963481.9096848361659795
418 32853420.7926083020865917 32853210.9126083031296730 1963691.7896848360542208 1963481.9096848361659795
419 2886618.6650014827027917 2886408.7850014828145504 1963691.7896848360542208 1963481.9096848361659795
420 4032452.9046149337664247 4032243.0246149338781834 1963691.7896848360542208 1963481.9096848361659795
421 3057967.0695094121620059 3057757.1895094122737646 1963691.7896848360542208 1963481.9096848361659795
422 4090717.4017936200834811 4090507.5217936201952398 1963691.7896848360542208 1963481.9096848361659795
423 5849941.0537602743133903 5849731.1737602744251490 1963691.7896848360542208 1963481.9096848361659795
424 8046712.3953324109315872 8046502.5153324110433459 1963691.7896848360542208 1963481.9096848361659795
425 6899309.1594927739351988 6899099.2794927740469575 1963691.7896848360542208 1963481.9096848361659795
426 5307891.3199616400524974 5307681.4399616401642561 1963691.7896848360542208 1963481.9096848361659795
427 3872976.5798066318966448 3872766.6998066320084035 1963691.7896848360542208 1963481.9096848361659795
428 4065704.5643662614747882 4065494.6843662615865469 1963691.7896848360542208 1963481.9096848361659795
429 3507604.6026203590445220 3507394.7226203591562808 1963691.7896848360542208 1963481.9096848361659795
430 7647184.5343493157997727 7646974.6543493159115314 1963691.7896848360542208 1963481.9096848361659795
431 3199647.8362900437787175 3199437.9562900438904762 1963691.7896848360542208 1963481.9096848361659795
432 5328802.2861849386245012 5328592.4061849387362599 1963691.7896848360542208 1963481.9096848361659795
433 2801476.9845005962997675 2801267.1045005964115262 1963691.7896848360542208 1963481.9096848361659795
434 1648092.1529535257723182 1647882.2729535258840770 1648092.1529535257723182 1647882.2729535258840770
435 8160321.0232906322926283 8160111.1432906324043870 1648092.1529535257723182 1647882.2729535258840770
436 7322526.7139011267572641 7322316.8339011268690228 1648092.1529535257723182 1647882.2729535258840770
437 2782481.9572928515262902 2782272.0772928516380489 1648092.1529535257723182 1647882.2729535258840770
438 5045770.5342720299959183 5045560.6542720301076770 1648092.1529535257723182 1647882.2729535258840770
439 5999982.9567798394709826 5999773.0767798395827413 1648092.1529535257723182 1647882.2729535258840770
440 5294631.3927296260371804 5294421.5127296261489391 1648092.1529535257723182 1647882.2729535258840770
441 3864813.6020658910274506 3864603.7220658911392093 1648092.1529535257723182 1647882.2729535258840770
442 4232174.0555720217525959 4231964.1755720218643546 1648092.1529535257723182 1647882.2729535258840770
443 4133713.3963415939360857 4133503.5163415940478444 1648092.1529535257723182 1647882.2729535258840770
444 3723897.0344876260496676 3723687.1544876261614263 1648092.1529535257723182 1647882.2729535258840770
445 5422941.2816885588690639 5422731.4016885589808226 1648092.1529535257723182 1647882.2729535258840770
446 4541669.0081829326227307 4541459.1281829327344894 1648092.1529535257723182 1647882.2729535258840770
447 3436553.0349363489076495 3436343.1549363490194082 1648092.1529535257723182 1647882.2729535258840770
448 2867291.6036325586028397 2867081.7236325587145984 1648092.1529535257723182 1647882.2729535258840770
449 5640972.6347865965217352 5640762.7547865966334939 1648092.1529535257723182 1647882.2729535258840770
450 4189294.1156585267744958 4189084.2356585268862545 1648092.1529535257723182 1647882.2729535258840770
451 4940346.0188481472432613 4940136.1388481473550200 1648092.1529535257723182 1647882.2729535258840770
452 3465275.3291373639367521 3465065.4491373640485108 1648092.1529535257723182 1647882.2729535258840770
453 5324642.0103188958019018 5324432.1303188959136605 1648092.1529535257723182 1647882.2729535258840770
454 3026510.5635238252580166 3026300.6835238253697753 1648092.1529535257723182 1647882.2729535258840770
455 7571270.7766501866281033 7571060.8966501867398620 1648092.1529535257723182 1647882.2729535258840770
456 7813835.8004870582371950 7813625.9204870583489537 1648092.1529535257723182 1647882.2729535258840770
457 5989710.4370258022099733 5989500.5570258023217320 1648092.1529535257723182 1647882.2729535258840770
458 2174992.1436105966567993 2174782.2636105967685580 1648092.1529535257723182 1647882.2729535258840770
459 1834087.7399442237801850 1833877.8599442238919437 1648092.1529535257723182 1647882.2729535258840770
460 3506212.5538625027984381 3506002.6738625029101968 1648092.1529535257723182 1647882.2729535258840770
461 4068556.4902303498238325 4068346.6102303499355912 1648092.1529535257723182 1647882.2729535258840770
462 4081449.0079496265389025 4081239.1279496266506612 1648092.1529535257723182 1647882.2729535258840770
463 2342051.2144526494666934 2341841.3344526495784521 1648092.1529535257723182 1647882.2729535258840770
464 2833749.3256742851808667 2833539.4456742852926254 1648092.1529535257723182 1647882.2729535258840770
465 4307635.6036170590668917 4307425.7236170591786504 1648092.1529535257723182 1647882.2729535258840770
466 6059797.1968680974096060 6059587.3168680975213647 1648092.1529535257723182 1647882.2729535258840770
467 4772698.1254458641633391 4772488.2454458642750978 1648092.1529535257723182 1647882.2729535258840770
468 2087999.6108322041109204 2087789.7308322042226791 1648092.1529535257723182 1647882.2729535258840770
469 3340808.1871750992722809 3340598.3071750993840396 1648092.1529535257723182 1647882.2729535258840770
470 2887795.5148640619590878 2887585.6348640620708466 1648092.1529535257723182 1647882.2729535258840770
471 3638490.7118537761271000 3638280.8318537762388587 1648092.1529535257723182 1647882.2729535258840770
472 2695225.0519782020710409 2695015.1719782021827996 1648092.1529535257723182 1647882.2729535258840770
473 2379166.4636809183284640 2378956.5836809184402227 1648092.1529535257723182 1647882.2729535258840770
474 2965783.9638632196001709 2965574.0838632197119296 1648092.1529535257723182 1647882.2729535258840770
475 3166840.7168261799961329 3166630.8368261801078916 1648092.1529535257723182 1647882.2729535258840770
476 4805023.9963781107217073 4804814.1163781108334661 1648092.1529535257723182 1647882.2729535258840770
477 6402313.8467676360160112 6402103.9667676361277699 1648092.1529535257723182 1647882.2729535258840770
478 4394212.9052135227248073 4394003.0252135228365660 1648092.1529535257723182 1647882.2729535258840770
479 4490816.4609353803098202 4490606.5809353804215789 1648092.1529535257723182 1647882.2729535258840770
480 2407987.4771865988150239 2407777.5971865989267826 1648092.1529535257723182 1647882.2729535258840770
481 2463762.1219220613129437 2463552.2419220614247024 1648092.1529535257723182 1647882.2729535258840770
482 1605848.6659977417439222 1605638.7859977418556809 1605848.6659977417439222 1605638.7859977418556809
483 4112087.0387034253217280 4111877.1587034254334867 1605848.6659977417439222 1605638.7859977418556809
484 4387408.5248183682560921 4387198.6448183683678508 1605848.6659977417439222 1605638.7859977418556809
485 2629924.8506388599053025 2629714.9706388600170612 1605848.6659977417439222 1605638.7859977418556809
486 4067364.7070818287320435 4067154.8270818288438022 1605848.6659977417439222 1605638.7859977418556809
487 4669038.9972016448155046 4668829.1172016449272633 1605848.6659977417439222 1605638.7859977418556809
488 1892221.8393055100459605 1892011.9593055101577193 1605848.6659977417439222 1605638.7859977418556809
489 917132.3342507373308763 916922.4542507373262197 917132.3342507373308763 916922.4542507373262197
490 3944526.8608103091828525 3944316.9808103092946112 917132.3342507373308763 916922.4542507373262197
491 7035829.6839189734309912 7035619.8039189735427499 917132.3342507373308763 916922.4542507373262197
492 4815584.6010792879387736 4815374.7210792880505323 917132.3342507373308763 916922.4542507373262197
493 4899449.9797356110066175 4899240.0997356111183763 917132.3342507373308763 916922.4542507373262197
494 4608963.2580378297716379 4608753.3780378298833966 917132.3342507373308763 916922.4542507373262197
495 4916301.7974629392847419 4916091.9174629393965006 917132.3342507373308763 916922.4542507373262197
496 7584896.4266786957159638 7584686.5466786958277225 917132.3342507373308763 916922.4542507373262197
497 3371893.8098550895228982 3371683.9298550896346569 917132.3342507373308763 916922.4542507373262197
498 4425551.5735396305099130 4425341.6935396306216717 917132.3342507373308763 916922.4542507373262197
499 6337641.0545569080859423 6337431.1745569081977010 917132.3342507373308763 916922.4542507373262197
500 4985104.4085946371778846 4984894.5285946372896433 917132.3342507373308763 916922.4542507373262197
