evaluations raw_y current_y raw_y_best current_y_best
1 410992.1207956876605749 411141.2707956876838580 410992.1207956876605749 411141.2707956876838580
2 553518.6182289104908705 553667.7682289105141535 410992.1207956876605749 411141.2707956876838580
3 759461.3495411262847483 759610.4995411263080314 410992.1207956876605749 411141.2707956876838580
4 593428.1960959973512217 593577.3460959973745048 410992.1207956876605749 411141.2707956876838580
5 411391.5532708870014176 411540.7032708870247006 410992.1207956876605749 411141.2707956876838580
6 581029.6894631456816569 581178.8394631457049400 410992.1207956876605749 411141.2707956876838580
7 657443.8960712926927954 657593.0460712927160785 410992.1207956876605749 411141.2707956876838580
8 521572.8673524652840570 521722.0173524653073400 410992.1207956876605749 411141.2707956876838580
9 129678.8628549602581188 129828.0128549602522980 129678.8628549602581188 129828.0128549602522980
10 112894.5150785458245082 113043.6650785458186874 112894.5150785458245082 113043.6650785458186874
11 76196.5746366850362392 76345.7246366850304184 76196.5746366850362392 76345.7246366850304184
12 77409.6929736488527851 77558.8429736488469644 76196.5746366850362392 76345.7246366850304184
13 86500.1292898806859739 86649.2792898806801531 76196.5746366850362392 76345.7246366850304184
14 72914.0467773652344476 73063.1967773652286269 72914.0467773652344476 73063.1967773652286269
15 64413.0939200064458419 64562.2439200064472971 64413.0939200064458419 64562.2439200064472971
16 59621.7587595702643739 59770.9087595702658291 59621.7587595702643739 59770.9087595702658291
17 51997.3158162295003422 52146.4658162295017974 51997.3158162295003422 52146.4658162295017974
18 51595.9453851888974896 51745.0953851888989448 51595.9453851888974896 51745.0953851888989448
19 48053.8442986637383001 48202.9942986637397553 48053.8442986637383001 48202.9942986637397553
20 45444.7946275417270954 45593.9446275417285506 45444.7946275417270954 45593.9446275417285506
21 50395.5186833668776671 50544.6686833668791223 45444.7946275417270954 45593.9446275417285506
22 40419.4429780946302344 40568.5929780946316896 40419.4429780946302344 40568.5929780946316896
23 37097.8183500552331680 37246.9683500552346231 37097.8183500552331680 37246.9683500552346231
24 42475.2359580731135793 42624.3859580731150345 37097.8183500552331680 37246.9683500552346231
25 41095.8157240297077806 41244.9657240297092358 37097.8183500552331680 37246.9683500552346231
26 37036.4454192568300641 37185.5954192568315193 37036.4454192568300641 37185.5954192568315193
27 38466.3326683454433805 38615.4826683454448357 37036.4454192568300641 37185.5954192568315193
28 38189.4493273179614334 38338.5993273179628886 37036.4454192568300641 37185.5954192568315193
29 37645.5423802198056364 37794.6923802198070916 37036.4454192568300641 37185.5954192568315193
30 34317.1602811289121746 34466.3102811289136298 34317.1602811289121746 34466.3102811289136298
31 44350.9826512656072737 44500.1326512656087289 34317.1602811289121746 34466.3102811289136298
32 36594.3318782920396188 36743.4818782920410740 34317.1602811289121746 34466.3102811289136298
33 37615.7339854567326256 37764.8839854567340808 34317.1602811289121746 34466.3102811289136298
34 34415.2888581339939265 34564.4388581339953816 34317.1602811289121746 34466.3102811289136298
35 42771.7277898282263777 42920.8777898282278329 34317.1602811289121746 34466.3102811289136298
36 43967.6409761749964673 44116.7909761749979225 34317.1602811289121746 34466.3102811289136298
37 48669.1085523189103696 48818.2585523189118248 34317.1602811289121746 34466.3102811289136298
38 42102.8508546359371394 42252.0008546359385946 34317.1602811289121746 34466.3102811289136298
39 39509.2263844421613612 39658.3763844421628164 34317.1602811289121746 34466.3102811289136298
40 50679.7817232287125080 50828.9317232287139632 34317.1602811289121746 34466.3102811289136298
41 46442.7606354383169673 46591.9106354383184225 34317.1602811289121746 34466.3102811289136298
42 47630.1332828192898887 47779.2832828192913439 34317.1602811289121746 34466.3102811289136298
43 55215.1284286417503608 55364.2784286417518160 34317.1602811289121746 34466.3102811289136298
44 43778.2415157003197237 43927.3915157003211789 34317.1602811289121746 34466.3102811289136298
45 48469.6436172421017545 48618.7936172421032097 34317.1602811289121746 34466.3102811289136298
46 41705.0555174088804051 41854.2055174088818603 34317.1602811289121746 34466.3102811289136298
47 44812.6231510669022100 44961.7731510669036652 34317.1602811289121746 34466.3102811289136298
48 43094.7359586635138839 43243.8859586635153391 34317.1602811289121746 34466.3102811289136298
49 41063.7672514458172373 41212.9172514458186924 34317.1602811289121746 34466.3102811289136298
50 37348.4813543548007146 37497.6313543548021698 34317.1602811289121746 34466.3102811289136298
51 42615.8891018225258449 42765.0391018225273001 34317.1602811289121746 34466.3102811289136298
52 33410.7410856148999301 33559.8910856149013853 33410.7410856148999301 33559.8910856149013853
53 51911.0971393947256729 52060.2471393947271281 33410.7410856148999301 33559.8910856149013853
54 49079.4583827383539756 49228.6083827383554308 33410.7410856148999301 33559.8910856149013853
55 36447.8184986586711602 36596.9684986586726154 33410.7410856148999301 33559.8910856149013853
56 44814.7135060954897199 44963.8635060954911751 33410.7410856148999301 33559.8910856149013853
57 39283.8067209379005362 39432.9567209379019914 33410.7410856148999301 33559.8910856149013853
58 49103.1794156592877698 49252.3294156592892250 33410.7410856148999301 33559.8910856149013853
59 38622.4150987291213823 38771.5650987291228375 33410.7410856148999301 33559.8910856149013853
60 39150.4437938275950728 39299.5937938275965280 33410.7410856148999301 33559.8910856149013853
61 44841.9442180988189648 44991.0942180988204200 33410.7410856148999301 33559.8910856149013853
62 35067.7077378651956678 35216.8577378651971230 33410.7410856148999301 33559.8910856149013853
63 37614.7972854709005333 37763.9472854709019884 33410.7410856148999301 33559.8910856149013853
64 53717.6621520013432018 53866.8121520013446570 33410.7410856148999301 33559.8910856149013853
65 50548.0942210809371318 50697.2442210809385870 33410.7410856148999301 33559.8910856149013853
66 36438.7694629154575523 36587.9194629154590075 33410.7410856148999301 33559.8910856149013853
67 44661.2706437977903988 44810.4206437977918540 33410.7410856148999301 33559.8910856149013853
68 36525.0358135325368494 36674.1858135325383046 33410.7410856148999301 33559.8910856149013853
69 36291.0807872278746800 36440.2307872278761351 33410.7410856148999301 33559.8910856149013853
70 81472.7221124264178798 81621.8721124264120590 33410.7410856148999301 33559.8910856149013853
71 41373.1447323024913203 41522.2947323024927755 33410.7410856148999301 33559.8910856149013853
72 36623.5128190769391949 36772.6628190769406501 33410.7410856148999301 33559.8910856149013853
73 42803.9370116492355010 42953.0870116492369561 33410.7410856148999301 33559.8910856149013853
74 32989.7862997202828410 33138.9362997202842962 32989.7862997202828410 33138.9362997202842962
75 35591.1655875380674843 35740.3155875380689395 32989.7862997202828410 33138.9362997202842962
76 35450.3351141784660285 35599.4851141784674837 32989.7862997202828410 33138.9362997202842962
77 44476.0413696684045135 44625.1913696684059687 32989.7862997202828410 33138.9362997202842962
78 35011.1063918310464942 35160.2563918310479494 32989.7862997202828410 33138.9362997202842962
79 36492.2219327470957069 36641.3719327470971621 32989.7862997202828410 33138.9362997202842962
80 52907.4703471380780684 53056.6203471380795236 32989.7862997202828410 33138.9362997202842962
81 40910.6408460949023720 41059.7908460949038272 32989.7862997202828410 33138.9362997202842962
82 46997.6079325810933369 47146.7579325810947921 32989.7862997202828410 33138.9362997202842962
83 43393.6934362785832491 43542.8434362785847043 32989.7862997202828410 33138.9362997202842962
84 54937.8191959007817786 55086.9691959007832338 32989.7862997202828410 33138.9362997202842962
85 39222.1855872941669077 39371.3355872941683629 32989.7862997202828410 33138.9362997202842962
86 52762.3505162754372577 52911.5005162754387129 32989.7862997202828410 33138.9362997202842962
87 46737.2056409878059640 46886.3556409878074192 32989.7862997202828410 33138.9362997202842962
88 36778.9844411777521600 36928.1344411777536152 32989.7862997202828410 33138.9362997202842962
89 45826.4582271746985498 45975.6082271747000050 32989.7862997202828410 33138.9362997202842962
90 37437.9356999203737359 37587.0856999203751911 32989.7862997202828410 33138.9362997202842962
91 63964.4743068565367139 64113.6243068565381691 32989.7862997202828410 33138.9362997202842962
92 37230.8613595277129207 37380.0113595277143759 32989.7862997202828410 33138.9362997202842962
93 33355.0964416793503915 33504.2464416793518467 32989.7862997202828410 33138.9362997202842962
94 44698.9589737632704782 44848.1089737632719334 32989.7862997202828410 33138.9362997202842962
95 38982.4896630838120473 39131.6396630838135025 32989.7862997202828410 33138.9362997202842962
96 38823.6542953764073900 38972.8042953764088452 32989.7862997202828410 33138.9362997202842962
97 58968.1619928675281699 59117.3119928675296251 32989.7862997202828410 33138.9362997202842962
98 36684.6047812962788157 36833.7547812962802709 32989.7862997202828410 33138.9362997202842962
99 45725.9817549018916907 45875.1317549018931459 32989.7862997202828410 33138.9362997202842962
100 52583.0087721543459338 52732.1587721543473890 32989.7862997202828410 33138.9362997202842962
101 52813.7138529038929846 52962.8638529038944398 32989.7862997202828410 33138.9362997202842962
102 59585.3997709063914954 59734.5497709063929506 32989.7862997202828410 33138.9362997202842962
103 82589.2122499537217664 82738.3622499537159456 32989.7862997202828410 33138.9362997202842962
104 152370.8904936994367745 152520.0404936994309537 32989.7862997202828410 33138.9362997202842962
105 44470.8022014062080416 44619.9522014062094968 32989.7862997202828410 33138.9362997202842962
106 58630.0936129758338211 58779.2436129758352763 32989.7862997202828410 33138.9362997202842962
107 43690.4684835716689122 43839.6184835716703674 32989.7862997202828410 33138.9362997202842962
108 44619.5579835847020149 44768.7079835847034701 32989.7862997202828410 33138.9362997202842962
109 52732.9996013311101706 52882.1496013311116258 32989.7862997202828410 33138.9362997202842962
110 54629.6494111102147144 54778.7994111102161696 32989.7862997202828410 33138.9362997202842962
111 40842.1861994709397550 40991.3361994709412102 32989.7862997202828410 33138.9362997202842962
112 50467.9169388163572876 50617.0669388163587428 32989.7862997202828410 33138.9362997202842962
113 53759.2791928737933631 53908.4291928737948183 32989.7862997202828410 33138.9362997202842962
114 40139.2331069940410089 40288.3831069940424641 32989.7862997202828410 33138.9362997202842962
115 70167.6088533860456664 70316.7588533860398456 32989.7862997202828410 33138.9362997202842962
116 36903.5209038739703828 37052.6709038739718380 32989.7862997202828410 33138.9362997202842962
117 61842.3752759625276667 61991.5252759625291219 32989.7862997202828410 33138.9362997202842962
118 95692.8392560973879881 95841.9892560973821674 32989.7862997202828410 33138.9362997202842962
119 46680.1346166752700810 46829.2846166752715362 32989.7862997202828410 33138.9362997202842962
120 46865.3922587201304850 47014.5422587201319402 32989.7862997202828410 33138.9362997202842962
121 80206.2825841151643544 80355.4325841151585337 32989.7862997202828410 33138.9362997202842962
122 47750.7752652291674167 47899.9252652291688719 32989.7862997202828410 33138.9362997202842962
123 53107.6460484942945186 53256.7960484942959738 32989.7862997202828410 33138.9362997202842962
124 44194.2890546000489849 44343.4390546000504401 32989.7862997202828410 33138.9362997202842962
125 38460.0077798380007152 38609.1577798380021704 32989.7862997202828410 33138.9362997202842962
126 50130.4688855842032353 50279.6188855842046905 32989.7862997202828410 33138.9362997202842962
127 40533.0455885936826235 40682.1955885936840787 32989.7862997202828410 33138.9362997202842962
128 40505.8331474150909344 40654.9831474150923896 32989.7862997202828410 33138.9362997202842962
129 45378.3773668348294450 45527.5273668348309002 32989.7862997202828410 33138.9362997202842962
130 78781.9522982522757957 78931.1022982522699749 32989.7862997202828410 33138.9362997202842962
131 109105.8157965257851174 109254.9657965257792966 32989.7862997202828410 33138.9362997202842962
132 72371.6048341466521379 72520.7548341466463171 32989.7862997202828410 33138.9362997202842962
133 40517.2357195053264149 40666.3857195053278701 32989.7862997202828410 33138.9362997202842962
134 61705.1990755674487446 61854.3490755674501997 32989.7862997202828410 33138.9362997202842962
135 60541.8478867733138031 60690.9978867733152583 32989.7862997202828410 33138.9362997202842962
136 39588.0531599254391040 39737.2031599254405592 32989.7862997202828410 33138.9362997202842962
137 50424.8896532008584472 50574.0396532008599024 32989.7862997202828410 33138.9362997202842962
138 38413.1399663520278409 38562.2899663520292961 32989.7862997202828410 33138.9362997202842962
139 39268.8868280494498322 39418.0368280494512874 32989.7862997202828410 33138.9362997202842962
140 44927.4735395143579808 45076.6235395143594360 32989.7862997202828410 33138.9362997202842962
141 87076.7634935216483427 87225.9134935216425220 32989.7862997202828410 33138.9362997202842962
142 41450.4670425515578245 41599.6170425515592797 32989.7862997202828410 33138.9362997202842962
143 43674.9107072657934623 43824.0607072657949175 32989.7862997202828410 33138.9362997202842962
144 115206.7617491614801111 115355.9117491614742903 32989.7862997202828410 33138.9362997202842962
145 46324.4533572115469724 46473.6033572115484276 32989.7862997202828410 33138.9362997202842962
146 46961.1342652028688462 47110.2842652028703014 32989.7862997202828410 33138.9362997202842962
147 35920.7103244618338067 36069.8603244618352619 32989.7862997202828410 33138.9362997202842962
148 36961.2733826856056112 37110.4233826856070664 32989.7862997202828410 33138.9362997202842962
149 63218.4065831677071401 63367.5565831677085953 32989.7862997202828410 33138.9362997202842962
150 67451.7558740414242493 67600.9058740414184285 32989.7862997202828410 33138.9362997202842962
151 37892.6401748843854875 38041.7901748843869427 32989.7862997202828410 33138.9362997202842962
152 46512.3059235759865260 46661.4559235759879812 32989.7862997202828410 33138.9362997202842962
153 37453.9797500587519608 37603.1297500587534159 32989.7862997202828410 33138.9362997202842962
154 63791.8219488748873118 63940.9719488748887670 32989.7862997202828410 33138.9362997202842962
155 52973.4301488745695679 53122.5801488745710230 32989.7862997202828410 33138.9362997202842962
156 33587.8593259644330828 33737.0093259644345380 32989.7862997202828410 33138.9362997202842962
157 114683.9742553140677046 114833.1242553140618838 32989.7862997202828410 33138.9362997202842962
158 32833.0815755394214648 32982.2315755394229200 32833.0815755394214648 32982.2315755394229200
159 34652.8904219660107628 34802.0404219660122180 32833.0815755394214648 32982.2315755394229200
160 33038.5950841293233680 33187.7450841293248232 32833.0815755394214648 32982.2315755394229200
161 36195.3695908245572355 36344.5195908245586907 32833.0815755394214648 32982.2315755394229200
162 50625.8766739496350056 50775.0266739496364607 32833.0815755394214648 32982.2315755394229200
163 36293.5806811855654814 36442.7306811855669366 32833.0815755394214648 32982.2315755394229200
164 35464.8720188684019377 35614.0220188684033928 32833.0815755394214648 32982.2315755394229200
165 33947.8412815225674422 34096.9912815225688973 32833.0815755394214648 32982.2315755394229200
166 57611.0441397679896909 57760.1941397679911461 32833.0815755394214648 32982.2315755394229200
167 42937.3681892054810305 43086.5181892054824857 32833.0815755394214648 32982.2315755394229200
168 37079.9726133996082353 37229.1226133996096905 32833.0815755394214648 32982.2315755394229200
169 39367.7910965266710264 39516.9410965266724816 32833.0815755394214648 32982.2315755394229200
170 76570.3959411018586252 76719.5459411018528044 32833.0815755394214648 32982.2315755394229200
171 33484.6761206377268536 33633.8261206377283088 32833.0815755394214648 32982.2315755394229200
172 36961.2695950391862425 37110.4195950391876977 32833.0815755394214648 32982.2315755394229200
173 54296.2538707687999704 54445.4038707688014256 32833.0815755394214648 32982.2315755394229200
174 34153.5607212877803249 34302.7107212877817801 32833.0815755394214648 32982.2315755394229200
175 36677.3919970300776185 36826.5419970300790737 32833.0815755394214648 32982.2315755394229200
176 37752.1394490043821861 37901.2894490043836413 32833.0815755394214648 32982.2315755394229200
177 46927.0516017170230043 47076.2016017170244595 32833.0815755394214648 32982.2315755394229200
178 99618.9172173146653222 99768.0672173146595014 32833.0815755394214648 32982.2315755394229200
179 77008.7734593487693928 77157.9234593487635721 32833.0815755394214648 32982.2315755394229200
180 37965.1166823843232123 38114.2666823843246675 32833.0815755394214648 32982.2315755394229200
181 33875.6936927361966809 34024.8436927361981361 32833.0815755394214648 32982.2315755394229200
182 37983.2190362118417397 38132.3690362118431949 32833.0815755394214648 32982.2315755394229200
183 32995.8185680310707539 33144.9685680310722091 32833.0815755394214648 32982.2315755394229200
184 101974.8740827968285885 102124.0240827968227677 32833.0815755394214648 32982.2315755394229200
185 36270.8853535473463126 36420.0353535473477677 32833.0815755394214648 32982.2315755394229200
186 47714.9612580586181139 47864.1112580586195691 32833.0815755394214648 32982.2315755394229200
187 42332.0047825518413447 42481.1547825518427999 32833.0815755394214648 32982.2315755394229200
188 68015.2854823257803218 68164.4354823257745011 32833.0815755394214648 32982.2315755394229200
189 53585.9117946687765652 53735.0617946687780204 32833.0815755394214648 32982.2315755394229200
190 35356.3786903432410327 35505.5286903432424879 32833.0815755394214648 32982.2315755394229200
191 33087.6503480575775029 33236.8003480575789581 32833.0815755394214648 32982.2315755394229200
192 37699.7480132696946384 37848.8980132696960936 32833.0815755394214648 32982.2315755394229200
193 55385.6888008059613639 55534.8388008059628191 32833.0815755394214648 32982.2315755394229200
194 61230.5577657815811108 61379.7077657815825660 32833.0815755394214648 32982.2315755394229200
195 111202.6923970079224091 111351.8423970079165883 32833.0815755394214648 32982.2315755394229200
196 35051.9535016284062294 35201.1035016284076846 32833.0815755394214648 32982.2315755394229200
197 32880.8932945594060584 33030.0432945594075136 32833.0815755394214648 32982.2315755394229200
198 33696.3409799311921233 33845.4909799311935785 32833.0815755394214648 32982.2315755394229200
199 34614.7366590380479465 34763.8866590380494017 32833.0815755394214648 32982.2315755394229200
200 42905.3166866030078381 43054.4666866030092933 32833.0815755394214648 32982.2315755394229200
201 75609.3803094838949619 75758.5303094838891411 32833.0815755394214648 32982.2315755394229200
202 37208.5839754833577899 37357.7339754833592451 32833.0815755394214648 32982.2315755394229200
203 40604.8456817194528412 40753.9956817194542964 32833.0815755394214648 32982.2315755394229200
204 36042.5682473533670418 36191.7182473533684970 32833.0815755394214648 32982.2315755394229200
205 35067.0633782913282630 35216.2133782913297182 32833.0815755394214648 32982.2315755394229200
206 112542.2663837972504552 112691.4163837972446345 32833.0815755394214648 32982.2315755394229200
207 81776.6608369828318246 81925.8108369828260038 32833.0815755394214648 32982.2315755394229200
208 33349.8140255484249792 33498.9640255484264344 32833.0815755394214648 32982.2315755394229200
209 41169.8028215817539603 41318.9528215817554155 32833.0815755394214648 32982.2315755394229200
210 36718.6979355611401843 36867.8479355611416395 32833.0815755394214648 32982.2315755394229200
211 111895.1996918197692139 112044.3496918197633931 32833.0815755394214648 32982.2315755394229200
212 35795.1631827135061030 35944.3131827135075582 32833.0815755394214648 32982.2315755394229200
213 37952.2545909630061942 38101.4045909630076494 32833.0815755394214648 32982.2315755394229200
214 36989.8469776398196700 37138.9969776398211252 32833.0815755394214648 32982.2315755394229200
215 32683.3465334406246257 32832.4965334406224429 32683.3465334406246257 32832.4965334406224429
216 75187.1228594274580246 75336.2728594274522038 32683.3465334406246257 32832.4965334406224429
217 47426.3091026131733088 47575.4591026131747640 32683.3465334406246257 32832.4965334406224429
218 53601.1697378811222734 53750.3197378811237286 32683.3465334406246257 32832.4965334406224429
219 48805.5135638492429280 48954.6635638492443832 32683.3465334406246257 32832.4965334406224429
220 44825.6779904113063822 44974.8279904113078373 32683.3465334406246257 32832.4965334406224429
221 42006.1299426396872150 42155.2799426396886702 32683.3465334406246257 32832.4965334406224429
222 35201.8409443298587576 35350.9909443298602127 32683.3465334406246257 32832.4965334406224429
223 33655.1591232676437357 33804.3091232676451909 32683.3465334406246257 32832.4965334406224429
224 37964.5723335091533954 38113.7223335091548506 32683.3465334406246257 32832.4965334406224429
225 76988.5889259516698075 77137.7389259516639868 32683.3465334406246257 32832.4965334406224429
226 61350.8402775364083936 61499.9902775364098488 32683.3465334406246257 32832.4965334406224429
227 37530.6915965495718410 37679.8415965495732962 32683.3465334406246257 32832.4965334406224429
228 35170.9893768046240439 35320.1393768046254991 32683.3465334406246257 32832.4965334406224429
229 32989.0483975745300995 33138.1983975745315547 32683.3465334406246257 32832.4965334406224429
230 40023.9569168828165857 40173.1069168828180409 32683.3465334406246257 32832.4965334406224429
231 49748.0203665861699847 49897.1703665861714398 32683.3465334406246257 32832.4965334406224429
232 41460.9085106316197198 41610.0585106316211750 32683.3465334406246257 32832.4965334406224429
233 39995.3868906369098113 40144.5368906369112665 32683.3465334406246257 32832.4965334406224429
234 37489.5680556927036378 37638.7180556927050930 32683.3465334406246257 32832.4965334406224429
235 43401.8833666093705688 43551.0333666093720240 32683.3465334406246257 32832.4965334406224429
236 76552.6604384283127729 76701.8104384283069521 32683.3465334406246257 32832.4965334406224429
237 35906.6344045810692478 36055.7844045810707030 32683.3465334406246257 32832.4965334406224429
238 46184.5841173162771156 46333.7341173162785708 32683.3465334406246257 32832.4965334406224429
239 38841.4451001029374311 38990.5951001029388863 32683.3465334406246257 32832.4965334406224429
240 36248.5645371383361635 36397.7145371383376187 32683.3465334406246257 32832.4965334406224429
241 40477.7748273187098675 40626.9248273187113227 32683.3465334406246257 32832.4965334406224429
242 49931.8836785429448355 50081.0336785429462907 32683.3465334406246257 32832.4965334406224429
243 52744.8611999888526043 52894.0111999888540595 32683.3465334406246257 32832.4965334406224429
244 32897.8727826105096028 33047.0227826105110580 32683.3465334406246257 32832.4965334406224429
245 36378.6794092868149164 36527.8294092868163716 32683.3465334406246257 32832.4965334406224429
246 38417.0158215064802789 38566.1658215064817341 32683.3465334406246257 32832.4965334406224429
247 120561.9795986015815288 120711.1295986015757080 32683.3465334406246257 32832.4965334406224429
248 41051.5800748379988363 41200.7300748380002915 32683.3465334406246257 32832.4965334406224429
249 34861.6432883137676981 35010.7932883137691533 32683.3465334406246257 32832.4965334406224429
250 59270.6977009143520263 59419.8477009143534815 32683.3465334406246257 32832.4965334406224429
251 34425.5852092107525095 34574.7352092107539647 32683.3465334406246257 32832.4965334406224429
252 37530.8624362443297287 37680.0124362443311838 32683.3465334406246257 32832.4965334406224429
253 70286.4103162145620445 70435.5603162145562237 32683.3465334406246257 32832.4965334406224429
254 33682.6908061229987652 33831.8408061230002204 32683.3465334406246257 32832.4965334406224429
255 33389.5802400784596102 33538.7302400784610654 32683.3465334406246257 32832.4965334406224429
256 39937.7289172979944851 40086.8789172979959403 32683.3465334406246257 32832.4965334406224429
257 55563.0207457575234002 55712.1707457575248554 32683.3465334406246257 32832.4965334406224429
258 41498.6482406895520398 41647.7982406895534950 32683.3465334406246257 32832.4965334406224429
259 141436.6357348072342575 141585.7857348072284367 32683.3465334406246257 32832.4965334406224429
260 40673.1741748156928224 40822.3241748156942776 32683.3465334406246257 32832.4965334406224429
261 45478.9983561510016443 45628.1483561510030995 32683.3465334406246257 32832.4965334406224429
262 40136.5513583721258328 40285.7013583721272880 32683.3465334406246257 32832.4965334406224429
263 32351.8425881073999335 32500.9925881074013887 32351.8425881073999335 32500.9925881074013887
264 55145.6556581629120046 55294.8056581629134598 32351.8425881073999335 32500.9925881074013887
265 36663.8598074539841036 36813.0098074539855588 32351.8425881073999335 32500.9925881074013887
266 34269.3004123106875340 34418.4504123106889892 32351.8425881073999335 32500.9925881074013887
267 33934.1478214514863794 34083.2978214514878346 32351.8425881073999335 32500.9925881074013887
268 42289.4255332186949090 42438.5755332186963642 32351.8425881073999335 32500.9925881074013887
269 32549.2780524283080013 32698.4280524283094564 32351.8425881073999335 32500.9925881074013887
270 32700.9599825283185055 32850.1099825283163227 32351.8425881073999335 32500.9925881074013887
271 38001.9247467568202410 38151.0747467568216962 32351.8425881073999335 32500.9925881074013887
272 35173.1701351992815034 35322.3201351992829586 32351.8425881073999335 32500.9925881074013887
273 38399.3734663572395220 38548.5234663572409772 32351.8425881073999335 32500.9925881074013887
274 33817.1221883592515951 33966.2721883592530503 32351.8425881073999335 32500.9925881074013887
275 160575.7006642977648880 160724.8506642977590673 32351.8425881073999335 32500.9925881074013887
276 36175.9505690097503248 36325.1005690097517800 32351.8425881073999335 32500.9925881074013887
277 41978.3426071358699119 42127.4926071358713671 32351.8425881073999335 32500.9925881074013887
278 99694.0002406190469628 99843.1502406190411421 32351.8425881073999335 32500.9925881074013887
279 36084.8534644586616196 36234.0034644586630748 32351.8425881073999335 32500.9925881074013887
280 34953.5971577876698575 35102.7471577876713127 32351.8425881073999335 32500.9925881074013887
281 41847.5250089096371084 41996.6750089096385636 32351.8425881073999335 32500.9925881074013887
282 54089.4591062576437253 54238.6091062576451804 32351.8425881073999335 32500.9925881074013887
283 46570.7084662286870298 46719.8584662286884850 32351.8425881073999335 32500.9925881074013887
284 33681.3166451615834376 33830.4666451615848928 32351.8425881073999335 32500.9925881074013887
285 69433.1299039317091228 69582.2799039317033021 32351.8425881073999335 32500.9925881074013887
286 39877.6054931860053330 40026.7554931860067882 32351.8425881073999335 32500.9925881074013887
287 125967.6963801787205739 126116.8463801787147531 32351.8425881073999335 32500.9925881074013887
288 36948.2697758564754622 37097.4197758564769174 32351.8425881073999335 32500.9925881074013887
289 34088.4931352145213168 34237.6431352145227720 32351.8425881073999335 32500.9925881074013887
290 32418.5621098650481144 32567.7121098650495696 32351.8425881073999335 32500.9925881074013887
291 33011.1955254193089786 33160.3455254193104338 32351.8425881073999335 32500.9925881074013887
292 84041.5623146020952845 84190.7123146020894637 32351.8425881073999335 32500.9925881074013887
293 38581.5572681667690631 38730.7072681667705183 32351.8425881073999335 32500.9925881074013887
294 32483.7788272803300060 32632.9288272803314612 32351.8425881073999335 32500.9925881074013887
295 38297.4119167869357625 38446.5619167869372177 32351.8425881073999335 32500.9925881074013887
296 91830.5304370340745663 91979.6804370340687456 32351.8425881073999335 32500.9925881074013887
297 62588.9782338863587938 62738.1282338863602490 32351.8425881073999335 32500.9925881074013887
298 46070.6975996092660353 46219.8475996092674905 32351.8425881073999335 32500.9925881074013887
299 45689.3283150041461340 45838.4783150041475892 32351.8425881073999335 32500.9925881074013887
300 38962.0117215502978070 39111.1617215502992622 32351.8425881073999335 32500.9925881074013887
301 137360.1428805023606401 137509.2928805023548193 32351.8425881073999335 32500.9925881074013887
302 47369.3400327495110105 47518.4900327495124657 32351.8425881073999335 32500.9925881074013887
303 32644.6773795713452273 32793.8273795713466825 32351.8425881073999335 32500.9925881074013887
304 34250.0931551847825176 34399.2431551847839728 32351.8425881073999335 32500.9925881074013887
305 34734.3807515606822562 34883.5307515606837114 32351.8425881073999335 32500.9925881074013887
306 33070.7352591061426210 33219.8852591061440762 32351.8425881073999335 32500.9925881074013887
307 53622.5389310880782432 53771.6889310880796984 32351.8425881073999335 32500.9925881074013887
308 36175.9541759789863136 36325.1041759789877688 32351.8425881073999335 32500.9925881074013887
309 44677.7184896767503233 44826.8684896767517785 32351.8425881073999335 32500.9925881074013887
310 50049.8375627145942417 50198.9875627145956969 32351.8425881073999335 32500.9925881074013887
311 41753.6840602353040595 41902.8340602353055147 32351.8425881073999335 32500.9925881074013887
312 38436.3089151653621229 38585.4589151653635781 32351.8425881073999335 32500.9925881074013887
313 39748.7690126483139466 39897.9190126483154017 32351.8425881073999335 32500.9925881074013887
314 54275.0771137496485608 54424.2271137496500160 32351.8425881073999335 32500.9925881074013887
315 33648.9866422370323562 33798.1366422370338114 32351.8425881073999335 32500.9925881074013887
316 106818.9345908674731618 106968.0845908674673410 32351.8425881073999335 32500.9925881074013887
317 37459.3874914982661721 37608.5374914982676273 32351.8425881073999335 32500.9925881074013887
318 34247.6481110769527731 34396.7981110769542283 32351.8425881073999335 32500.9925881074013887
319 94254.7892920176818734 94403.9392920176760526 32351.8425881073999335 32500.9925881074013887
320 80947.0086110444681253 81096.1586110444623046 32351.8425881073999335 32500.9925881074013887
321 32470.9936917020968394 32620.1436917020982946 32351.8425881073999335 32500.9925881074013887
322 39162.9947652686678339 39312.1447652686692891 32351.8425881073999335 32500.9925881074013887
323 35163.9361539476813050 35313.0861539476827602 32351.8425881073999335 32500.9925881074013887
324 187159.0174098988063633 187308.1674098988005426 32351.8425881073999335 32500.9925881074013887
325 34602.9037393609251012 34752.0537393609265564 32351.8425881073999335 32500.9925881074013887
326 34928.1205153850751230 35077.2705153850765782 32351.8425881073999335 32500.9925881074013887
327 69569.4782655599119607 69718.6282655599061400 32351.8425881073999335 32500.9925881074013887
328 40875.9659939399207360 41025.1159939399221912 32351.8425881073999335 32500.9925881074013887
329 42382.1873577779479092 42531.3373577779493644 32351.8425881073999335 32500.9925881074013887
330 212604.8476733995776158 212753.9976733995717950 32351.8425881073999335 32500.9925881074013887
331 32813.3873476937078522 32962.5373476937093074 32351.8425881073999335 32500.9925881074013887
332 72095.6758519758295733 72244.8258519758237526 32351.8425881073999335 32500.9925881074013887
333 36416.6391207193883019 36565.7891207193897571 32351.8425881073999335 32500.9925881074013887
334 53257.3993644318543375 53406.5493644318557926 32351.8425881073999335 32500.9925881074013887
335 54248.8143802056729328 54397.9643802056743880 32351.8425881073999335 32500.9925881074013887
336 33902.0014415120749618 34051.1514415120764170 32351.8425881073999335 32500.9925881074013887
337 33087.2968279873311985 33236.4468279873326537 32351.8425881073999335 32500.9925881074013887
338 72707.2372137744387146 72856.3872137744328938 32351.8425881073999335 32500.9925881074013887
339 34226.0478211988738622 34375.1978211988753174 32351.8425881073999335 32500.9925881074013887
340 37293.7041931330822990 37442.8541931330837542 32351.8425881073999335 32500.9925881074013887
341 35087.2154889622179326 35236.3654889622193878 32351.8425881073999335 32500.9925881074013887
342 32831.2112023054578458 32980.3612023054593010 32351.8425881073999335 32500.9925881074013887
343 61388.1971792414406082 61537.3471792414420634 32351.8425881073999335 32500.9925881074013887
344 39819.4825397179374704 39968.6325397179389256 32351.8425881073999335 32500.9925881074013887
345 52044.4182567198877223 52193.5682567198891775 32351.8425881073999335 32500.9925881074013887
346 50505.6406511755412794 50654.7906511755427346 32351.8425881073999335 32500.9925881074013887
347 34103.7973110750463093 34252.9473110750477645 32351.8425881073999335 32500.9925881074013887
348 44428.5658087862539105 44577.7158087862553657 32351.8425881073999335 32500.9925881074013887
349 56316.1164384723015246 56465.2664384723029798 32351.8425881073999335 32500.9925881074013887
350 53950.9534592668642290 54100.1034592668656842 32351.8425881073999335 32500.9925881074013887
351 45924.9148669528367463 46074.0648669528382015 32351.8425881073999335 32500.9925881074013887
352 35795.0754475944777369 35944.2254475944791920 32351.8425881073999335 32500.9925881074013887
353 35075.2332467394153355 35224.3832467394167907 32351.8425881073999335 32500.9925881074013887
354 33727.5918804518005345 33876.7418804518019897 32351.8425881073999335 32500.9925881074013887
355 45158.4232509019129793 45307.5732509019144345 32351.8425881073999335 32500.9925881074013887
356 34672.4557781785770203 34821.6057781785784755 32351.8425881073999335 32500.9925881074013887
357 40192.6206194371407037 40341.7706194371421589 32351.8425881073999335 32500.9925881074013887
358 32966.6658216481955606 33115.8158216481970157 32351.8425881073999335 32500.9925881074013887
359 44520.1770633996420656 44669.3270633996435208 32351.8425881073999335 32500.9925881074013887
360 42815.7140236620325595 42964.8640236620340147 32351.8425881073999335 32500.9925881074013887
361 52926.8622438575548586 53076.0122438575563137 32351.8425881073999335 32500.9925881074013887
362 45700.4076504553813720 45849.5576504553828272 32351.8425881073999335 32500.9925881074013887
363 39041.0024029780179262 39190.1524029780193814 32351.8425881073999335 32500.9925881074013887
364 33038.6927995361766079 33187.8427995361780631 32351.8425881073999335 32500.9925881074013887
365 35337.5016196590077016 35486.6516196590091567 32351.8425881073999335 32500.9925881074013887
366 64248.7411607929388992 64397.8911607929403544 32351.8425881073999335 32500.9925881074013887
367 40598.5653729866317008 40747.7153729866331560 32351.8425881073999335 32500.9925881074013887
368 116299.7369137960486114 116448.8869137960427906 32351.8425881073999335 32500.9925881074013887
369 68824.3860529262601631 68973.5360529262543423 32351.8425881073999335 32500.9925881074013887
370 39031.7078958359998069 39180.8578958360012621 32351.8425881073999335 32500.9925881074013887
371 35448.4358649757850799 35597.5858649757865351 32351.8425881073999335 32500.9925881074013887
372 33147.9641177859084564 33297.1141177859099116 32351.8425881073999335 32500.9925881074013887
373 56301.9746302655257750 56451.1246302655272302 32351.8425881073999335 32500.9925881074013887
374 103620.6755993227561703 103769.8255993227503495 32351.8425881073999335 32500.9925881074013887
375 34098.7847506934413104 34247.9347506934427656 32351.8425881073999335 32500.9925881074013887
376 35659.9722220815892797 35809.1222220815907349 32351.8425881073999335 32500.9925881074013887
377 84112.1774869043438230 84261.3274869043380022 32351.8425881073999335 32500.9925881074013887
378 43257.0198727542738197 43406.1698727542752749 32351.8425881073999335 32500.9925881074013887
379 33239.0291198449849617 33388.1791198449864169 32351.8425881073999335 32500.9925881074013887
380 34895.0410791106332908 35044.1910791106347460 32351.8425881073999335 32500.9925881074013887
381 42768.5065776505653048 42917.6565776505667600 32351.8425881073999335 32500.9925881074013887
382 120314.0489709715911886 120463.1989709715853678 32351.8425881073999335 32500.9925881074013887
383 33362.0484212167066289 33511.1984212167080841 32351.8425881073999335 32500.9925881074013887
384 40129.2209718724334380 40278.3709718724348932 32351.8425881073999335 32500.9925881074013887
385 39792.1734373350118403 39941.3234373350132955 32351.8425881073999335 32500.9925881074013887
386 104567.4266693792014848 104716.5766693791956641 32351.8425881073999335 32500.9925881074013887
387 125105.3509846242814092 125254.5009846242755884 32351.8425881073999335 32500.9925881074013887
388 64519.4123142487369478 64668.5623142487384030 32351.8425881073999335 32500.9925881074013887
389 37118.2105452639589203 37267.3605452639603755 32351.8425881073999335 32500.9925881074013887
390 32587.2016719764324080 32736.3516719764338632 32351.8425881073999335 32500.9925881074013887
391 73683.5601566460973118 73832.7101566460914910 32351.8425881073999335 32500.9925881074013887
392 38298.5542440460631042 38447.7042440460645594 32351.8425881073999335 32500.9925881074013887
393 71764.2270911223022267 71913.3770911222964060 32351.8425881073999335 32500.9925881074013887
394 32672.3633117145545839 32821.5133117145524011 32351.8425881073999335 32500.9925881074013887
395 50244.9555851518016425 50394.1055851518030977 32351.8425881073999335 32500.9925881074013887
396 38808.1501827169995522 38957.3001827170010074 32351.8425881073999335 32500.9925881074013887
397 39142.2086029529964435 39291.3586029529978987 32351.8425881073999335 32500.9925881074013887
398 43136.5014893648331054 43285.6514893648345605 32351.8425881073999335 32500.9925881074013887
399 79708.4101374124584254 79857.5601374124526046 32351.8425881073999335 32500.9925881074013887
400 35012.4486809251757222 35161.5986809251771774 32351.8425881073999335 32500.9925881074013887
401 80620.4826715170493117 80769.6326715170434909 32351.8425881073999335 32500.9925881074013887
402 32556.6630108524332172 32705.8130108524346724 32351.8425881073999335 32500.9925881074013887
403 38309.4093559160683071 38458.5593559160697623 32351.8425881073999335 32500.9925881074013887
404 32937.8613997660431778 33087.0113997660446330 32351.8425881073999335 32500.9925881074013887
405 35308.1455731666428619 35457.2955731666443171 32351.8425881073999335 32500.9925881074013887
406 33230.4269621987041319 33379.5769621987055871 32351.8425881073999335 32500.9925881074013887
407 34444.1186661848405492 34593.2686661848420044 32351.8425881073999335 32500.9925881074013887
408 49780.0821177290636115 49929.2321177290650667 32351.8425881073999335 32500.9925881074013887
409 36540.8835403868215508 36690.0335403868230060 32351.8425881073999335 32500.9925881074013887
410 46253.4588829738058848 46402.6088829738073400 32351.8425881073999335 32500.9925881074013887
411 34790.0007650834450033 34939.1507650834464584 32351.8425881073999335 32500.9925881074013887
412 32526.3152501851473062 32675.4652501851487614 32351.8425881073999335 32500.9925881074013887
413 33322.5110905163310235 33471.6610905163324787 32351.8425881073999335 32500.9925881074013887
414 35084.4216449856321560 35233.5716449856336112 32351.8425881073999335 32500.9925881074013887
415 42073.8160791880218312 42222.9660791880232864 32351.8425881073999335 32500.9925881074013887
416 48401.6782451767721795 48550.8282451767736347 32351.8425881073999335 32500.9925881074013887
417 153723.7538238021661527 153872.9038238021603320 32351.8425881073999335 32500.9925881074013887
418 33729.0828163713449612 33878.2328163713464164 32351.8425881073999335 32500.9925881074013887
419 36160.5338250187487574 36309.6838250187502126 32351.8425881073999335 32500.9925881074013887
420 37981.1424458288020105 38130.2924458288034657 32351.8425881073999335 32500.9925881074013887
421 49431.0400923662164132 49580.1900923662178684 32351.8425881073999335 32500.9925881074013887
422 45275.4103872140258318 45424.5603872140272870 32351.8425881073999335 32500.9925881074013887
423 151550.9570013307093177 151700.1070013307034969 32351.8425881073999335 32500.9925881074013887
424 54635.5010099888022523 54784.6510099888037075 32351.8425881073999335 32500.9925881074013887
425 39416.4619850037051947 39565.6119850037066499 32351.8425881073999335 32500.9925881074013887
426 39916.9538142814635648 40066.1038142814650200 32351.8425881073999335 32500.9925881074013887
427 64359.5835994032822782 64508.7335994032837334 32351.8425881073999335 32500.9925881074013887
428 33651.6512797160394257 33800.8012797160408809 32351.8425881073999335 32500.9925881074013887
429 43886.1843942522464204 44035.3343942522478756 32351.8425881073999335 32500.9925881074013887
430 34181.0877139743388398 34330.2377139743402950 32351.8425881073999335 32500.9925881074013887
431 56531.4089900323524489 56680.5589900323539041 32351.8425881073999335 32500.9925881074013887
432 35147.3630647380050505 35296.5130647380065056 32351.8425881073999335 32500.9925881074013887
433 39691.5614367848247639 39840.7114367848262191 32351.8425881073999335 32500.9925881074013887
434 33526.6925592684710864 33675.8425592684725416 32351.8425881073999335 32500.9925881074013887
435 33627.1299500467794132 33776.2799500467808684 32351.8425881073999335 32500.9925881074013887
436 126660.6520497839374002 126809.8020497839315794 32351.8425881073999335 32500.9925881074013887
437 37345.2342616744281258 37494.3842616744295810 32351.8425881073999335 32500.9925881074013887
438 33068.3841427806037245 33217.5341427806051797 32351.8425881073999335 32500.9925881074013887
439 32671.4374195254786173 32820.5874195254800725 32351.8425881073999335 32500.9925881074013887
440 35703.6628685265604872 35852.8128685265619424 32351.8425881073999335 32500.9925881074013887
441 70483.1605353093909798 70632.3105353093851591 32351.8425881073999335 32500.9925881074013887
442 36267.6148195749556180 36416.7648195749570732 32351.8425881073999335 32500.9925881074013887
443 35446.5691879789083032 35595.7191879789097584 32351.8425881073999335 32500.9925881074013887
444 37643.2963874453416793 37792.4463874453431345 32351.8425881073999335 32500.9925881074013887
445 32661.9481319954611536 32811.0981319954589708 32351.8425881073999335 32500.9925881074013887
446 41609.8898049850322423 41759.0398049850336974 32351.8425881073999335 32500.9925881074013887
447 36635.5115865944098914 36784.6615865944113466 32351.8425881073999335 32500.9925881074013887
448 57101.1512530876279925 57250.3012530876294477 32351.8425881073999335 32500.9925881074013887
449 33157.3168506880319910 33306.4668506880334462 32351.8425881073999335 32500.9925881074013887
450 50759.1839459280745359 50908.3339459280759911 32351.8425881073999335 32500.9925881074013887
451 42031.0642746830635588 42180.2142746830650140 32351.8425881073999335 32500.9925881074013887
452 55321.4627435642323690 55470.6127435642338241 32351.8425881073999335 32500.9925881074013887
453 33959.8340241346159019 34108.9840241346173570 32351.8425881073999335 32500.9925881074013887
454 61641.7770808055793168 61790.9270808055807720 32351.8425881073999335 32500.9925881074013887
455 39332.7353085088107036 39481.8853085088121588 32351.8425881073999335 32500.9925881074013887
456 37581.9786216886641341 37731.1286216886655893 32351.8425881073999335 32500.9925881074013887
457 38445.2260771147775813 38594.3760771147790365 32351.8425881073999335 32500.9925881074013887
458 40667.8537378476321464 40817.0037378476336016 32351.8425881073999335 32500.9925881074013887
459 47042.9267872768905363 47192.0767872768919915 32351.8425881073999335 32500.9925881074013887
460 34867.9325122252848814 35017.0825122252863366 32351.8425881073999335 32500.9925881074013887
461 39429.5014379401472979 39578.6514379401487531 32351.8425881073999335 32500.9925881074013887
462 75503.7240183098183479 75652.8740183098125271 32351.8425881073999335 32500.9925881074013887
463 186220.7990572339622304 186369.9490572339564096 32351.8425881073999335 32500.9925881074013887
464 50723.0788238423338044 50872.2288238423352595 32351.8425881073999335 32500.9925881074013887
465 55016.6421635162623716 55165.7921635162638268 32351.8425881073999335 32500.9925881074013887
466 73486.5274451125442283 73635.6774451125384076 32351.8425881073999335 32500.9925881074013887
467 110811.6216954147239449 110960.7716954147181241 32351.8425881073999335 32500.9925881074013887
468 50676.9553762891810038 50826.1053762891824590 32351.8425881073999335 32500.9925881074013887
469 51203.5925888724232209 51352.7425888724246761 32351.8425881073999335 32500.9925881074013887
470 42455.9667790630628588 42605.1167790630643140 32351.8425881073999335 32500.9925881074013887
471 49627.6632452490302967 49776.8132452490317519 32351.8425881073999335 32500.9925881074013887
472 35705.7976508185092825 35854.9476508185107377 32351.8425881073999335 32500.9925881074013887
473 58084.5788779987851740 58233.7288779987866292 32351.8425881073999335 32500.9925881074013887
474 46227.1907110493993969 46376.3407110494008521 32351.8425881073999335 32500.9925881074013887
475 60407.0835976363232476 60556.2335976363247028 32351.8425881073999335 32500.9925881074013887
476 71069.4843775055924198 71218.6343775055865990 32351.8425881073999335 32500.9925881074013887
477 45717.5023340594343608 45866.6523340594358160 32351.8425881073999335 32500.9925881074013887
478 42692.5290901248299633 42841.6790901248314185 32351.8425881073999335 32500.9925881074013887
479 62174.5061329095769906 62323.6561329095784458 32351.8425881073999335 32500.9925881074013887
480 67202.6042906014481559 67351.7542906014423352 32351.8425881073999335 32500.9925881074013887
481 42588.8745355411447235 42738.0245355411461787 32351.8425881073999335 32500.9925881074013887
482 71646.5500774883694248 71795.7000774883636041 32351.8425881073999335 32500.9925881074013887
483 63544.5464376510935836 63693.6964376510950387 32351.8425881073999335 32500.9925881074013887
484 46213.2442668372677872 46362.3942668372692424 32351.8425881073999335 32500.9925881074013887
485 53295.1803351999697043 53444.3303351999711595 32351.8425881073999335 32500.9925881074013887
486 67040.1110773333202815 67189.2610773333144607 32351.8425881073999335 32500.9925881074013887
487 80072.1664109867997468 80221.3164109867939260 32351.8425881073999335 32500.9925881074013887
488 81920.4634519833780359 82069.6134519833722152 32351.8425881073999335 32500.9925881074013887
489 35886.8887379464431433 36036.0387379464445985 32351.8425881073999335 32500.9925881074013887
490 58281.1532519857573789 58430.3032519857588341 32351.8425881073999335 32500.9925881074013887
491 44505.6540979733981658 44654.8040979733996210 32351.8425881073999335 32500.9925881074013887
492 70376.5062503334629582 70525.6562503334571375 32351.8425881073999335 32500.9925881074013887
493 37899.1328906242924859 38048.2828906242939411 32351.8425881073999335 32500.9925881074013887
494 63501.2001554570815642 63650.3501554570830194 32351.8425881073999335 32500.9925881074013887
495 72948.0425609741359949 73097.1925609741301741 32351.8425881073999335 32500.9925881074013887
496 93952.2216813668055693 94101.3716813667997485 32351.8425881073999335 32500.9925881074013887
497 64735.0946241340279812 64884.2446241340294364 32351.8425881073999335 32500.9925881074013887
498 82098.4953609166695969 82247.6453609166637762 32351.8425881073999335 32500.9925881074013887
499 62292.2245895442320034 62441.3745895442334586 32351.8425881073999335 32500.9925881074013887
500 51393.8402081092499429 51542.9902081092513981 32351.8425881073999335 32500.9925881074013887
