evaluations raw_y current_y raw_y_best current_y_best
1 85.5878238067956829 -914.4121761932043455 85.5878238067956829 -914.4121761932043455
2 86.5202881572163562 -913.4797118427836722 85.5878238067956829 -914.4121761932043455
3 86.4901050170810635 -913.5098949829189223 85.5878238067956829 -914.4121761932043455
4 86.2687056769866842 -913.7312943230133442 85.5878238067956829 -914.4121761932043455
5 86.3134799658044614 -913.6865200341954960 85.5878238067956829 -914.4121761932043455
6 86.2331228970390811 -913.7668771029609616 85.5878238067956829 -914.4121761932043455
7 85.0054540415580391 -914.9945459584419041 85.0054540415580391 -914.9945459584419041
8 85.1258427373552991 -914.8741572626447578 85.0054540415580391 -914.9945459584419041
9 84.3786324364257467 -915.6213675635742675 84.3786324364257467 -915.6213675635742675
10 85.1069872679474599 -914.8930127320525116 84.3786324364257467 -915.6213675635742675
11 86.5311877686783504 -913.4688122313216354 84.3786324364257467 -915.6213675635742675
12 85.3965420574148624 -914.6034579425851234 84.3786324364257467 -915.6213675635742675
13 85.7312169276243878 -914.2687830723756406 84.3786324364257467 -915.6213675635742675
14 82.4142279803032523 -917.5857720196967193 82.4142279803032523 -917.5857720196967193
15 86.4712114089536357 -913.5287885910463501 82.4142279803032523 -917.5857720196967193
16 83.8528146636484450 -916.1471853363515265 82.4142279803032523 -917.5857720196967193
17 83.1546297264250853 -916.8453702735748720 82.4142279803032523 -917.5857720196967193
18 85.9242284551250037 -914.0757715448750105 82.4142279803032523 -917.5857720196967193
19 85.9064206963540613 -914.0935793036459245 82.4142279803032523 -917.5857720196967193
20 86.3126058950267208 -913.6873941049732366 82.4142279803032523 -917.5857720196967193
21 85.5693728061517049 -914.4306271938482951 82.4142279803032523 -917.5857720196967193
22 86.0050284137275440 -913.9949715862724133 82.4142279803032523 -917.5857720196967193
23 85.6604084255394014 -914.3395915744606555 82.4142279803032523 -917.5857720196967193
24 86.1536176308180899 -913.8463823691819243 82.4142279803032523 -917.5857720196967193
25 86.4810204506369757 -913.5189795493630527 82.4142279803032523 -917.5857720196967193
26 86.3559480885360813 -913.6440519114639756 82.4142279803032523 -917.5857720196967193
27 84.1666238233589894 -915.8333761766409680 82.4142279803032523 -917.5857720196967193
28 86.3338279464274763 -913.6661720535724953 82.4142279803032523 -917.5857720196967193
29 86.3011297224491756 -913.6988702775507818 82.4142279803032523 -917.5857720196967193
30 86.0575766825167818 -913.9424233174831897 82.4142279803032523 -917.5857720196967193
31 86.3843237163101065 -913.6156762836899361 82.4142279803032523 -917.5857720196967193
32 83.8454303962039518 -916.1545696037960624 82.4142279803032523 -917.5857720196967193
33 83.4423747809501748 -916.5576252190497826 82.4142279803032523 -917.5857720196967193
34 84.7451758020741437 -915.2548241979258137 82.4142279803032523 -917.5857720196967193
35 86.2416711007028738 -913.7583288992971120 82.4142279803032523 -917.5857720196967193
36 86.5241172182904137 -913.4758827817096289 82.4142279803032523 -917.5857720196967193
37 86.5156530042242622 -913.4843469957756952 82.4142279803032523 -917.5857720196967193
38 86.4452485149625289 -913.5547514850375137 82.4142279803032523 -917.5857720196967193
39 86.4337188164379739 -913.5662811835620687 82.4142279803032523 -917.5857720196967193
40 85.9681101854957603 -914.0318898145042112 82.4142279803032523 -917.5857720196967193
41 86.4263173700693983 -913.5736826299305449 82.4142279803032523 -917.5857720196967193
42 86.2414812437818199 -913.7585187562182227 82.4142279803032523 -917.5857720196967193
43 86.3948830600737807 -913.6051169399262335 82.4142279803032523 -917.5857720196967193
44 83.6132299910321848 -916.3867700089678010 82.4142279803032523 -917.5857720196967193
45 86.5125756724201125 -913.4874243275799017 82.4142279803032523 -917.5857720196967193
46 86.1072199697461969 -913.8927800302537889 82.4142279803032523 -917.5857720196967193
47 86.0538521804808454 -913.9461478195191830 82.4142279803032523 -917.5857720196967193
48 86.3760559260877159 -913.6239440739122983 82.4142279803032523 -917.5857720196967193
49 86.2341384497293433 -913.7658615502706425 82.4142279803032523 -917.5857720196967193
50 85.6651904978359511 -914.3348095021640347 82.4142279803032523 -917.5857720196967193
51 86.3672280452895365 -913.6327719547105062 82.4142279803032523 -917.5857720196967193
52 86.5108817283497302 -913.4891182716502271 82.4142279803032523 -917.5857720196967193
53 85.3521360533950144 -914.6478639466049572 82.4142279803032523 -917.5857720196967193
54 83.1283768037156250 -916.8716231962844176 82.4142279803032523 -917.5857720196967193
55 85.8244364203334698 -914.1755635796665729 82.4142279803032523 -917.5857720196967193
56 86.0652956258458914 -913.9347043741540801 82.4142279803032523 -917.5857720196967193
57 86.0125458701450185 -913.9874541298549957 82.4142279803032523 -917.5857720196967193
58 86.4858301626291706 -913.5141698373707868 82.4142279803032523 -917.5857720196967193
59 83.8049693350069447 -916.1950306649930553 82.4142279803032523 -917.5857720196967193
60 86.0756430651232449 -913.9243569348767551 82.4142279803032523 -917.5857720196967193
61 85.6745718471882185 -914.3254281528118099 82.4142279803032523 -917.5857720196967193
62 85.1126986695411460 -914.8873013304588540 82.4142279803032523 -917.5857720196967193
63 86.4708549084469382 -913.5291450915531186 82.4142279803032523 -917.5857720196967193
64 86.4799109759165390 -913.5200890240835179 82.4142279803032523 -917.5857720196967193
65 80.5520520144565353 -919.4479479855434647 80.5520520144565353 -919.4479479855434647
66 85.5392939770000282 -914.4607060229999433 80.5520520144565353 -919.4479479855434647
67 86.1257810767471170 -913.8742189232528972 80.5520520144565353 -919.4479479855434647
68 85.3749791997587408 -914.6250208002412592 80.5520520144565353 -919.4479479855434647
69 86.2395648351446766 -913.7604351648553802 80.5520520144565353 -919.4479479855434647
70 86.4037650645500150 -913.5962349354499565 80.5520520144565353 -919.4479479855434647
71 86.1321833002051136 -913.8678166997948438 80.5520520144565353 -919.4479479855434647
72 85.7195690649195399 -914.2804309350804033 80.5520520144565353 -919.4479479855434647
73 85.9049390519379443 -914.0950609480620415 80.5520520144565353 -919.4479479855434647
74 84.4607309605978145 -915.5392690394021429 80.5520520144565353 -919.4479479855434647
75 86.3159215570978091 -913.6840784429022051 80.5520520144565353 -919.4479479855434647
76 86.4800828082275359 -913.5199171917724925 80.5520520144565353 -919.4479479855434647
77 85.3511337118857369 -914.6488662881142773 80.5520520144565353 -919.4479479855434647
78 86.1596870750684332 -913.8403129249315953 80.5520520144565353 -919.4479479855434647
79 86.4216199006965411 -913.5783800993034447 80.5520520144565353 -919.4479479855434647
80 84.0965841894954167 -915.9034158105046117 80.5520520144565353 -919.4479479855434647
81 85.9335527249123317 -914.0664472750876257 80.5520520144565353 -919.4479479855434647
82 86.5364111914055911 -913.4635888085944089 80.5520520144565353 -919.4479479855434647
83 85.4417914461470076 -914.5582085538529782 80.5520520144565353 -919.4479479855434647
84 86.0972973696598984 -913.9027026303400589 80.5520520144565353 -919.4479479855434647
85 86.1651696763982500 -913.8348303236017500 80.5520520144565353 -919.4479479855434647
86 85.9463476667903450 -914.0536523332096976 80.5520520144565353 -919.4479479855434647
87 86.1663460008853974 -913.8336539991146310 80.5520520144565353 -919.4479479855434647
88 84.6956430707721211 -915.3043569292278789 80.5520520144565353 -919.4479479855434647
89 86.4410828234955062 -913.5589171765044512 80.5520520144565353 -919.4479479855434647
90 86.0408067684614224 -913.9591932315386202 80.5520520144565353 -919.4479479855434647
91 85.6528483917482788 -914.3471516082516928 80.5520520144565353 -919.4479479855434647
92 86.4079101212054326 -913.5920898787945816 80.5520520144565353 -919.4479479855434647
93 86.5389170352312220 -913.4610829647688206 80.5520520144565353 -919.4479479855434647
94 86.1834790717679198 -913.8165209282320802 80.5520520144565353 -919.4479479855434647
95 85.7118112595896946 -914.2881887404103054 80.5520520144565353 -919.4479479855434647
96 86.0684042944354388 -913.9315957055645185 80.5520520144565353 -919.4479479855434647
97 84.6516528273864139 -915.3483471726135576 80.5520520144565353 -919.4479479855434647
98 86.2634548967214840 -913.7365451032785586 80.5520520144565353 -919.4479479855434647
99 84.8230628163588989 -915.1769371836411437 80.5520520144565353 -919.4479479855434647
100 86.5104128068441867 -913.4895871931557849 80.5520520144565353 -919.4479479855434647
101 86.1752710604086047 -913.8247289395914095 80.5520520144565353 -919.4479479855434647
102 86.3172138775047131 -913.6827861224952585 80.5520520144565353 -919.4479479855434647
103 84.1380944005021831 -915.8619055994978453 80.5520520144565353 -919.4479479855434647
104 85.2203916319824941 -914.7796083680175343 80.5520520144565353 -919.4479479855434647
105 86.3653588061234956 -913.6346411938765186 80.5520520144565353 -919.4479479855434647
106 85.6567194518753183 -914.3432805481246533 80.5520520144565353 -919.4479479855434647
107 83.5014870479203211 -916.4985129520796363 80.5520520144565353 -919.4479479855434647
108 86.4702213722121513 -913.5297786277878913 80.5520520144565353 -919.4479479855434647
109 81.2300074130263567 -918.7699925869736717 80.5520520144565353 -919.4479479855434647
110 86.4635153926892883 -913.5364846073107401 80.5520520144565353 -919.4479479855434647
111 86.0620139300013705 -913.9379860699986011 80.5520520144565353 -919.4479479855434647
112 84.5137974426321534 -915.4862025573678466 80.5520520144565353 -919.4479479855434647
113 86.1533996722729967 -913.8466003277269465 80.5520520144565353 -919.4479479855434647
114 85.4994691622619030 -914.5005308377380970 80.5520520144565353 -919.4479479855434647
115 86.4675670545199893 -913.5324329454799681 80.5520520144565353 -919.4479479855434647
116 86.1423154868898564 -913.8576845131101436 80.5520520144565353 -919.4479479855434647
117 85.4992822060838478 -914.5007177939161238 80.5520520144565353 -919.4479479855434647
118 86.4604690115102983 -913.5395309884896733 80.5520520144565353 -919.4479479855434647
119 85.6592838108590371 -914.3407161891409487 80.5520520144565353 -919.4479479855434647
120 86.1060940496348053 -913.8939059503652516 80.5520520144565353 -919.4479479855434647
121 86.3407834919388222 -913.6592165080611494 80.5520520144565353 -919.4479479855434647
122 86.4425302851784210 -913.5574697148215364 80.5520520144565353 -919.4479479855434647
123 84.8887514721325545 -915.1112485278674740 80.5520520144565353 -919.4479479855434647
124 85.6700280763854636 -914.3299719236144938 80.5520520144565353 -919.4479479855434647
125 86.3391104421006332 -913.6608895578993952 80.5520520144565353 -919.4479479855434647
126 81.4237163206554726 -918.5762836793445558 80.5520520144565353 -919.4479479855434647
127 85.9651295891170548 -914.0348704108829452 80.5520520144565353 -919.4479479855434647
128 86.4053034095277184 -913.5946965904722674 80.5520520144565353 -919.4479479855434647
129 86.4589382887672571 -913.5410617112327145 80.5520520144565353 -919.4479479855434647
130 86.4954731680145130 -913.5045268319854586 80.5520520144565353 -919.4479479855434647
131 83.7994734720148244 -916.2005265279851756 80.5520520144565353 -919.4479479855434647
132 85.2287426945512294 -914.7712573054487848 80.5520520144565353 -919.4479479855434647
133 86.0134714265523570 -913.9865285734476856 80.5520520144565353 -919.4479479855434647
134 85.8071357960144780 -914.1928642039855504 80.5520520144565353 -919.4479479855434647
135 85.8566185145774625 -914.1433814854225375 80.5520520144565353 -919.4479479855434647
136 86.3370841628256045 -913.6629158371744097 80.5520520144565353 -919.4479479855434647
137 84.5502136273936173 -915.4497863726063542 80.5520520144565353 -919.4479479855434647
138 86.5001439650605874 -913.4998560349393983 80.5520520144565353 -919.4479479855434647
139 86.1974009486460062 -913.8025990513540364 80.5520520144565353 -919.4479479855434647
140 86.1202284267901490 -913.8797715732098368 80.5520520144565353 -919.4479479855434647
141 81.1995983364421932 -918.8004016635577500 80.5520520144565353 -919.4479479855434647
142 86.1299312812265327 -913.8700687187734957 80.5520520144565353 -919.4479479855434647
143 85.0946284015773955 -914.9053715984225619 80.5520520144565353 -919.4479479855434647
144 84.5428596418840499 -915.4571403581159075 80.5520520144565353 -919.4479479855434647
145 86.2164028174875767 -913.7835971825123806 80.5520520144565353 -919.4479479855434647
146 86.4149861519096163 -913.5850138480903979 80.5520520144565353 -919.4479479855434647
147 86.4184565851752211 -913.5815434148247505 80.5520520144565353 -919.4479479855434647
148 86.4461365549654914 -913.5538634450344944 80.5520520144565353 -919.4479479855434647
149 86.4695481883003936 -913.5304518116995496 80.5520520144565353 -919.4479479855434647
150 83.8133441934852215 -916.1866558065147501 80.5520520144565353 -919.4479479855434647
151 85.6480138099603749 -914.3519861900396108 80.5520520144565353 -919.4479479855434647
152 84.9959671627870534 -915.0040328372128897 80.5520520144565353 -919.4479479855434647
153 85.8869797761920921 -914.1130202238078937 80.5520520144565353 -919.4479479855434647
154 86.0660653117299432 -913.9339346882700283 80.5520520144565353 -919.4479479855434647
155 85.4712067299440577 -914.5287932700559850 80.5520520144565353 -919.4479479855434647
156 86.1166185498970549 -913.8833814501028883 80.5520520144565353 -919.4479479855434647
157 86.2462086789298894 -913.7537913210701390 80.5520520144565353 -919.4479479855434647
158 86.4867485524729034 -913.5132514475270682 80.5520520144565353 -919.4479479855434647
159 86.4564314429649698 -913.5435685570350870 80.5520520144565353 -919.4479479855434647
160 83.4353351586339329 -916.5646648413660387 80.5520520144565353 -919.4479479855434647
161 85.7738304877296400 -914.2261695122704168 80.5520520144565353 -919.4479479855434647
162 86.0184731971106089 -913.9815268028894479 80.5520520144565353 -919.4479479855434647
163 85.7150783468279371 -914.2849216531720913 80.5520520144565353 -919.4479479855434647
164 85.1666276875460539 -914.8333723124540029 80.5520520144565353 -919.4479479855434647
165 86.5102903922836504 -913.4897096077163496 80.5520520144565353 -919.4479479855434647
166 86.0321756095171111 -913.9678243904828605 80.5520520144565353 -919.4479479855434647
167 86.3695705945988550 -913.6304294054011734 80.5520520144565353 -919.4479479855434647
168 86.3393888605046271 -913.6606111394953587 80.5520520144565353 -919.4479479855434647
169 86.5024868590660105 -913.4975131409339610 80.5520520144565353 -919.4479479855434647
170 85.5228564504460280 -914.4771435495539436 80.5520520144565353 -919.4479479855434647
171 85.0830085055251288 -914.9169914944748143 80.5520520144565353 -919.4479479855434647
172 85.7319141929582713 -914.2680858070417571 80.5520520144565353 -919.4479479855434647
173 86.2975968737578256 -913.7024031262421886 80.5520520144565353 -919.4479479855434647
174 86.2998295314081929 -913.7001704685917503 80.5520520144565353 -919.4479479855434647
175 85.1554985942344729 -914.8445014057655271 80.5520520144565353 -919.4479479855434647
176 86.3865218587872619 -913.6134781412126813 80.5520520144565353 -919.4479479855434647
177 86.0313732350957849 -913.9686267649042293 80.5520520144565353 -919.4479479855434647
178 86.2933041654847841 -913.7066958345152443 80.5520520144565353 -919.4479479855434647
179 86.1859419803234630 -913.8140580196765086 80.5520520144565353 -919.4479479855434647
180 79.0222033999757372 -920.9777966000242486 79.0222033999757372 -920.9777966000242486
181 83.6630474367264867 -916.3369525632734849 79.0222033999757372 -920.9777966000242486
182 86.4324129542820998 -913.5675870457179144 79.0222033999757372 -920.9777966000242486
183 84.1373579818306183 -915.8626420181693675 79.0222033999757372 -920.9777966000242486
184 86.0388568225478991 -913.9611431774520725 79.0222033999757372 -920.9777966000242486
185 86.3716998516503764 -913.6283001483495809 79.0222033999757372 -920.9777966000242486
186 86.1562053069722964 -913.8437946930276894 79.0222033999757372 -920.9777966000242486
187 86.3920873642973675 -913.6079126357026325 79.0222033999757372 -920.9777966000242486
188 86.2993238486458694 -913.7006761513541733 79.0222033999757372 -920.9777966000242486
189 86.4129627640318319 -913.5870372359681824 79.0222033999757372 -920.9777966000242486
190 86.5412785156867699 -913.4587214843131733 79.0222033999757372 -920.9777966000242486
191 85.4690455248924650 -914.5309544751075919 79.0222033999757372 -920.9777966000242486
192 86.3851687156201962 -913.6148312843797612 79.0222033999757372 -920.9777966000242486
193 86.1194341637895775 -913.8805658362103941 79.0222033999757372 -920.9777966000242486
194 86.5120509403574829 -913.4879490596424603 79.0222033999757372 -920.9777966000242486
195 80.0986124707765015 -919.9013875292234843 79.0222033999757372 -920.9777966000242486
196 85.7543452001646784 -914.2456547998352789 79.0222033999757372 -920.9777966000242486
197 86.3144787963138640 -913.6855212036861076 79.0222033999757372 -920.9777966000242486
198 84.1213204933290228 -915.8786795066710056 79.0222033999757372 -920.9777966000242486
199 86.0842891890596746 -913.9157108109403680 79.0222033999757372 -920.9777966000242486
200 85.9331708846578408 -914.0668291153422160 79.0222033999757372 -920.9777966000242486
201 86.3563937368032981 -913.6436062631967161 79.0222033999757372 -920.9777966000242486
202 86.3314617959285613 -913.6685382040714103 79.0222033999757372 -920.9777966000242486
203 86.4457712142789916 -913.5542287857209658 79.0222033999757372 -920.9777966000242486
204 84.0442626454659489 -915.9557373545339942 79.0222033999757372 -920.9777966000242486
205 86.4762407510131084 -913.5237592489868348 79.0222033999757372 -920.9777966000242486
206 83.4733567055034626 -916.5266432944965800 79.0222033999757372 -920.9777966000242486
207 86.0484582271464404 -913.9515417728536022 79.0222033999757372 -920.9777966000242486
208 86.4971742910201158 -913.5028257089799126 79.0222033999757372 -920.9777966000242486
209 86.3745345399447046 -913.6254654600552385 79.0222033999757372 -920.9777966000242486
210 86.4820392017944926 -913.5179607982055359 79.0222033999757372 -920.9777966000242486
211 86.4006004055687242 -913.5993995944312474 79.0222033999757372 -920.9777966000242486
212 86.3173151579994737 -913.6826848420005263 79.0222033999757372 -920.9777966000242486
213 86.0346852425432758 -913.9653147574567811 79.0222033999757372 -920.9777966000242486
214 86.4460303500829070 -913.5539696499171214 79.0222033999757372 -920.9777966000242486
215 86.4242128953952999 -913.5757871046047285 79.0222033999757372 -920.9777966000242486
216 86.2814029152442004 -913.7185970847558565 79.0222033999757372 -920.9777966000242486
217 83.8979962857769834 -916.1020037142229739 79.0222033999757372 -920.9777966000242486
218 86.2305696562133477 -913.7694303437866665 79.0222033999757372 -920.9777966000242486
219 85.5220503393674818 -914.4779496606324756 79.0222033999757372 -920.9777966000242486
220 85.2672400598393807 -914.7327599401605767 79.0222033999757372 -920.9777966000242486
221 84.9296656332711564 -915.0703343667288436 79.0222033999757372 -920.9777966000242486
222 86.1690490653192711 -913.8309509346806863 79.0222033999757372 -920.9777966000242486
223 84.6461753117726232 -915.3538246882274052 79.0222033999757372 -920.9777966000242486
224 81.8720212958284606 -918.1279787041714826 79.0222033999757372 -920.9777966000242486
225 86.4794705947256119 -913.5205294052743739 79.0222033999757372 -920.9777966000242486
226 84.9342571379930149 -915.0657428620070277 79.0222033999757372 -920.9777966000242486
227 86.3548730766265891 -913.6451269233733683 79.0222033999757372 -920.9777966000242486
228 86.4201860170518756 -913.5798139829481670 79.0222033999757372 -920.9777966000242486
229 86.3869918550962979 -913.6130081449036879 79.0222033999757372 -920.9777966000242486
230 86.3769936956380349 -913.6230063043619793 79.0222033999757372 -920.9777966000242486
231 83.9532399459411778 -916.0467600540588364 79.0222033999757372 -920.9777966000242486
232 86.4549540006820507 -913.5450459993179493 79.0222033999757372 -920.9777966000242486
233 86.2589853972711040 -913.7410146027289102 79.0222033999757372 -920.9777966000242486
234 85.6002352209285959 -914.3997647790713472 79.0222033999757372 -920.9777966000242486
235 86.2562370288593030 -913.7437629711406544 79.0222033999757372 -920.9777966000242486
236 84.5373561385584225 -915.4626438614416202 79.0222033999757372 -920.9777966000242486
237 81.3922850383016225 -918.6077149616983206 79.0222033999757372 -920.9777966000242486
238 82.6810356836726186 -917.3189643163274241 79.0222033999757372 -920.9777966000242486
239 80.5862310992316111 -919.4137689007684457 79.0222033999757372 -920.9777966000242486
240 86.3979762045947410 -913.6020237954052163 79.0222033999757372 -920.9777966000242486
241 86.4453233252716018 -913.5546766747283982 79.0222033999757372 -920.9777966000242486
242 84.0745196913715631 -915.9254803086284937 79.0222033999757372 -920.9777966000242486
243 86.4689548858156485 -913.5310451141843942 79.0222033999757372 -920.9777966000242486
244 85.9397208337383915 -914.0602791662615800 79.0222033999757372 -920.9777966000242486
245 86.4704360675006001 -913.5295639324993999 79.0222033999757372 -920.9777966000242486
246 85.6638905404406188 -914.3361094595593386 79.0222033999757372 -920.9777966000242486
247 86.4875507254056402 -913.5124492745943598 79.0222033999757372 -920.9777966000242486
248 85.2638442612057474 -914.7361557387941957 79.0222033999757372 -920.9777966000242486
249 85.6480378819860704 -914.3519621180139438 79.0222033999757372 -920.9777966000242486
250 86.2528670471500050 -913.7471329528500519 79.0222033999757372 -920.9777966000242486
251 86.3040182947054149 -913.6959817052945709 79.0222033999757372 -920.9777966000242486
252 86.2531372915292422 -913.7468627084707578 79.0222033999757372 -920.9777966000242486
253 85.5266890889005111 -914.4733109110994747 79.0222033999757372 -920.9777966000242486
254 86.3867466134427389 -913.6132533865572896 79.0222033999757372 -920.9777966000242486
255 85.9358667802930114 -914.0641332197069460 79.0222033999757372 -920.9777966000242486
256 86.3037537066804674 -913.6962462933195184 79.0222033999757372 -920.9777966000242486
257 86.2126770817196473 -913.7873229182803243 79.0222033999757372 -920.9777966000242486
258 86.1723251934764392 -913.8276748065235324 79.0222033999757372 -920.9777966000242486
259 86.4176122402874540 -913.5823877597125602 79.0222033999757372 -920.9777966000242486
260 86.5297051710444975 -913.4702948289555025 79.0222033999757372 -920.9777966000242486
261 86.4288888574055818 -913.5711111425944182 79.0222033999757372 -920.9777966000242486
262 85.3796220625976900 -914.6203779374022815 79.0222033999757372 -920.9777966000242486
263 86.3656624661413304 -913.6343375338586839 79.0222033999757372 -920.9777966000242486
264 86.1749110435696792 -913.8250889564303634 79.0222033999757372 -920.9777966000242486
265 83.5111992874641942 -916.4888007125357490 79.0222033999757372 -920.9777966000242486
266 85.8628259022571712 -914.1371740977427862 79.0222033999757372 -920.9777966000242486
267 85.6097230637855375 -914.3902769362144909 79.0222033999757372 -920.9777966000242486
268 86.5241895511282877 -913.4758104488716981 79.0222033999757372 -920.9777966000242486
269 86.5416245610997237 -913.4583754389002479 79.0222033999757372 -920.9777966000242486
270 86.3776930813306194 -913.6223069186694374 79.0222033999757372 -920.9777966000242486
271 86.4237357310989722 -913.5762642689010136 79.0222033999757372 -920.9777966000242486
272 84.0930092895903698 -915.9069907104096728 79.0222033999757372 -920.9777966000242486
273 85.3331025596633168 -914.6668974403366974 79.0222033999757372 -920.9777966000242486
274 86.2878125780898273 -913.7121874219101301 79.0222033999757372 -920.9777966000242486
275 86.3613519726394969 -913.6386480273605457 79.0222033999757372 -920.9777966000242486
276 86.0936205273225852 -913.9063794726773722 79.0222033999757372 -920.9777966000242486
277 86.4108628212541277 -913.5891371787458866 79.0222033999757372 -920.9777966000242486
278 84.2484998323395757 -915.7515001676604243 79.0222033999757372 -920.9777966000242486
279 85.7253066613524055 -914.2746933386475803 79.0222033999757372 -920.9777966000242486
280 86.4196749743343986 -913.5803250256656156 79.0222033999757372 -920.9777966000242486
281 86.5074497567293861 -913.4925502432706708 79.0222033999757372 -920.9777966000242486
282 84.0705539707893053 -915.9294460292106805 79.0222033999757372 -920.9777966000242486
283 82.2634629126696524 -917.7365370873303618 79.0222033999757372 -920.9777966000242486
284 85.3626691974652090 -914.6373308025347342 79.0222033999757372 -920.9777966000242486
285 85.6471999643368491 -914.3528000356631082 79.0222033999757372 -920.9777966000242486
286 82.0636114109433805 -917.9363885890566053 79.0222033999757372 -920.9777966000242486
287 82.9066496622551909 -917.0933503377448233 79.0222033999757372 -920.9777966000242486
288 86.3996340970095531 -913.6003659029904611 79.0222033999757372 -920.9777966000242486
289 85.4689079534369540 -914.5310920465630034 79.0222033999757372 -920.9777966000242486
290 86.2752697720440409 -913.7247302279560017 79.0222033999757372 -920.9777966000242486
291 86.1359584035878925 -913.8640415964121075 79.0222033999757372 -920.9777966000242486
292 84.5755199073795296 -915.4244800926204562 79.0222033999757372 -920.9777966000242486
293 84.4785758876472386 -915.5214241123527472 79.0222033999757372 -920.9777966000242486
294 86.3718181618727101 -913.6281818381272615 79.0222033999757372 -920.9777966000242486
295 85.6509512279835974 -914.3490487720164310 79.0222033999757372 -920.9777966000242486
296 86.1161681324388013 -913.8838318675611845 79.0222033999757372 -920.9777966000242486
297 86.4289891032207294 -913.5710108967792848 79.0222033999757372 -920.9777966000242486
298 86.0461609525623032 -913.9538390474376683 79.0222033999757372 -920.9777966000242486
299 86.4092665045996426 -913.5907334954004000 79.0222033999757372 -920.9777966000242486
300 84.9434394847794039 -915.0565605152205535 79.0222033999757372 -920.9777966000242486
301 83.0559344882415616 -916.9440655117584811 79.0222033999757372 -920.9777966000242486
302 86.4852167862958794 -913.5147832137041632 79.0222033999757372 -920.9777966000242486
303 86.1302934864799994 -913.8697065135199864 79.0222033999757372 -920.9777966000242486
304 83.5095680786455148 -916.4904319213544568 79.0222033999757372 -920.9777966000242486
305 83.6889180611232035 -916.3110819388767823 79.0222033999757372 -920.9777966000242486
306 85.2375500608135752 -914.7624499391864674 79.0222033999757372 -920.9777966000242486
307 86.0991709456702949 -913.9008290543297335 79.0222033999757372 -920.9777966000242486
308 84.3652862345943220 -915.6347137654056496 79.0222033999757372 -920.9777966000242486
309 85.4527222149145587 -914.5472777850854982 79.0222033999757372 -920.9777966000242486
310 86.3722021747554720 -913.6277978252445564 79.0222033999757372 -920.9777966000242486
311 85.6941039703423684 -914.3058960296576743 79.0222033999757372 -920.9777966000242486
312 86.2462986059057357 -913.7537013940942643 79.0222033999757372 -920.9777966000242486
313 84.6113613733694336 -915.3886386266306090 79.0222033999757372 -920.9777966000242486
314 86.1248479922667798 -913.8751520077332771 79.0222033999757372 -920.9777966000242486
315 85.5541648810211228 -914.4458351189788345 79.0222033999757372 -920.9777966000242486
316 86.2910673573294389 -913.7089326426705611 79.0222033999757372 -920.9777966000242486
317 85.9696004404489145 -914.0303995595511424 79.0222033999757372 -920.9777966000242486
318 85.7432025477239108 -914.2567974522760323 79.0222033999757372 -920.9777966000242486
319 86.3012960812789203 -913.6987039187210939 79.0222033999757372 -920.9777966000242486
320 86.1298922615801956 -913.8701077384198470 79.0222033999757372 -920.9777966000242486
321 86.4376094649945372 -913.5623905350054201 79.0222033999757372 -920.9777966000242486
322 84.5935062671477169 -915.4064937328522547 79.0222033999757372 -920.9777966000242486
323 81.0943734688715097 -918.9056265311285188 79.0222033999757372 -920.9777966000242486
324 86.2100991145391760 -913.7899008854608383 79.0222033999757372 -920.9777966000242486
325 86.3421467055893288 -913.6578532944106428 79.0222033999757372 -920.9777966000242486
326 84.4839497983483199 -915.5160502016516375 79.0222033999757372 -920.9777966000242486
327 86.1442972634154955 -913.8557027365844760 79.0222033999757372 -920.9777966000242486
328 86.3782388031290225 -913.6217611968709207 79.0222033999757372 -920.9777966000242486
329 84.7431064656927191 -915.2568935343073235 79.0222033999757372 -920.9777966000242486
330 84.2823780229319794 -915.7176219770680063 79.0222033999757372 -920.9777966000242486
331 85.9612923691637008 -914.0387076308362566 79.0222033999757372 -920.9777966000242486
332 83.7612212940493777 -916.2387787059506081 79.0222033999757372 -920.9777966000242486
333 84.2186682672398064 -915.7813317327602363 79.0222033999757372 -920.9777966000242486
334 86.1857202184737190 -913.8142797815262384 79.0222033999757372 -920.9777966000242486
335 85.3269449518970760 -914.6730550481029240 79.0222033999757372 -920.9777966000242486
336 85.8586310873595835 -914.1413689126404734 79.0222033999757372 -920.9777966000242486
337 86.4569943693536658 -913.5430056306463484 79.0222033999757372 -920.9777966000242486
338 86.4684204108758934 -913.5315795891241351 79.0222033999757372 -920.9777966000242486
339 86.1712018221904543 -913.8287981778095173 79.0222033999757372 -920.9777966000242486
340 85.3781866932757936 -914.6218133067242206 79.0222033999757372 -920.9777966000242486
341 85.8131538041456565 -914.1868461958542866 79.0222033999757372 -920.9777966000242486
342 86.3957897322123216 -913.6042102677877210 79.0222033999757372 -920.9777966000242486
343 85.4919801712483576 -914.5080198287516851 79.0222033999757372 -920.9777966000242486
344 86.1770848485390530 -913.8229151514609612 79.0222033999757372 -920.9777966000242486
345 85.1575574063255232 -914.8424425936744910 79.0222033999757372 -920.9777966000242486
346 85.6800223053326135 -914.3199776946673865 79.0222033999757372 -920.9777966000242486
347 85.2768763453567971 -914.7231236546432456 79.0222033999757372 -920.9777966000242486
348 83.2317958561029485 -916.7682041438970373 79.0222033999757372 -920.9777966000242486
349 85.6248515388359550 -914.3751484611640308 79.0222033999757372 -920.9777966000242486
350 86.5179142488876778 -913.4820857511123222 79.0222033999757372 -920.9777966000242486
351 84.0210750973975848 -915.9789249026024436 79.0222033999757372 -920.9777966000242486
352 80.6144330648483276 -919.3855669351517008 79.0222033999757372 -920.9777966000242486
353 86.2689888979046771 -913.7310111020952945 79.0222033999757372 -920.9777966000242486
354 86.3243447647738407 -913.6756552352261451 79.0222033999757372 -920.9777966000242486
355 86.0632723170203775 -913.9367276829796083 79.0222033999757372 -920.9777966000242486
356 86.3392003242664572 -913.6607996757335286 79.0222033999757372 -920.9777966000242486
357 85.2511953276734147 -914.7488046723266280 79.0222033999757372 -920.9777966000242486
358 85.8038031077595491 -914.1961968922404367 79.0222033999757372 -920.9777966000242486
359 83.2781104667977417 -916.7218895332022157 79.0222033999757372 -920.9777966000242486
360 85.7947050866910104 -914.2052949133089896 79.0222033999757372 -920.9777966000242486
361 86.5153256550846095 -913.4846743449154474 79.0222033999757372 -920.9777966000242486
362 86.5283949145130151 -913.4716050854869991 79.0222033999757372 -920.9777966000242486
363 84.1970969721730427 -915.8029030278269147 79.0222033999757372 -920.9777966000242486
364 86.4959748733630249 -913.5040251266369751 79.0222033999757372 -920.9777966000242486
365 85.3520327342894802 -914.6479672657105766 79.0222033999757372 -920.9777966000242486
366 86.2494390682383312 -913.7505609317616972 79.0222033999757372 -920.9777966000242486
367 86.4879024316761331 -913.5120975683238385 79.0222033999757372 -920.9777966000242486
368 86.0817001177074417 -913.9182998822925583 79.0222033999757372 -920.9777966000242486
369 83.1887670360371061 -916.8112329639628797 79.0222033999757372 -920.9777966000242486
370 84.3387306205903684 -915.6612693794096458 79.0222033999757372 -920.9777966000242486
371 86.0497149468593960 -913.9502850531406466 79.0222033999757372 -920.9777966000242486
372 86.0642552468320190 -913.9357447531680236 79.0222033999757372 -920.9777966000242486
373 85.5363512476153289 -914.4636487523846426 79.0222033999757372 -920.9777966000242486
374 86.3450091610021815 -913.6549908389978327 79.0222033999757372 -920.9777966000242486
375 86.4262492174151049 -913.5737507825848525 79.0222033999757372 -920.9777966000242486
376 83.5588539818077294 -916.4411460181922848 79.0222033999757372 -920.9777966000242486
377 86.1719550127787954 -913.8280449872212330 79.0222033999757372 -920.9777966000242486
378 85.6999458794313398 -914.3000541205686886 79.0222033999757372 -920.9777966000242486
379 81.6222192544587415 -918.3777807455412585 79.0222033999757372 -920.9777966000242486
380 86.3691407374578972 -913.6308592625421170 79.0222033999757372 -920.9777966000242486
381 84.8356617916124662 -915.1643382083875622 79.0222033999757372 -920.9777966000242486
382 86.3975429242856023 -913.6024570757143692 79.0222033999757372 -920.9777966000242486
383 83.6776352514553992 -916.3223647485446008 79.0222033999757372 -920.9777966000242486
384 86.3652588777377304 -913.6347411222623123 79.0222033999757372 -920.9777966000242486
385 86.0083078183746181 -913.9916921816253534 79.0222033999757372 -920.9777966000242486
386 86.5432944750400566 -913.4567055249599434 79.0222033999757372 -920.9777966000242486
387 86.4198363823540774 -913.5801636176458942 79.0222033999757372 -920.9777966000242486
388 85.4336100456349499 -914.5663899543650359 79.0222033999757372 -920.9777966000242486
389 85.6756202217114975 -914.3243797782885167 79.0222033999757372 -920.9777966000242486
390 86.3087051049796656 -913.6912948950202917 79.0222033999757372 -920.9777966000242486
391 85.8501879069682445 -914.1498120930317555 79.0222033999757372 -920.9777966000242486
392 85.8497116763126797 -914.1502883236872776 79.0222033999757372 -920.9777966000242486
393 85.7380381138713830 -914.2619618861285744 79.0222033999757372 -920.9777966000242486
394 86.5283369565215139 -913.4716630434784292 79.0222033999757372 -920.9777966000242486
395 86.4735174299391218 -913.5264825700609208 79.0222033999757372 -920.9777966000242486
396 84.6798766669907366 -915.3201233330092919 79.0222033999757372 -920.9777966000242486
397 85.6051175284318191 -914.3948824715681667 79.0222033999757372 -920.9777966000242486
398 85.5979401833670295 -914.4020598166330274 79.0222033999757372 -920.9777966000242486
399 84.6990542376399134 -915.3009457623601293 79.0222033999757372 -920.9777966000242486
400 85.7168036305946828 -914.2831963694053456 79.0222033999757372 -920.9777966000242486
401 85.9925866742390781 -914.0074133257609219 79.0222033999757372 -920.9777966000242486
402 86.3181557858398492 -913.6818442141601508 79.0222033999757372 -920.9777966000242486
403 86.5234644529200807 -913.4765355470799477 79.0222033999757372 -920.9777966000242486
404 85.9881464601703271 -914.0118535398296444 79.0222033999757372 -920.9777966000242486
405 86.1265033823175230 -913.8734966176824628 79.0222033999757372 -920.9777966000242486
406 85.9703735259777062 -914.0296264740222796 79.0222033999757372 -920.9777966000242486
407 75.6598793244067025 -924.3401206755933117 75.6598793244067025 -924.3401206755933117
408 85.6456880029935519 -914.3543119970064481 75.6598793244067025 -924.3401206755933117
409 85.9270961561955176 -914.0729038438045109 75.6598793244067025 -924.3401206755933117
410 84.4918583368258851 -915.5081416631741149 75.6598793244067025 -924.3401206755933117
411 86.3539515253548444 -913.6460484746451129 75.6598793244067025 -924.3401206755933117
412 83.5812309738516745 -916.4187690261483112 75.6598793244067025 -924.3401206755933117
413 85.8367569932347010 -914.1632430067652422 75.6598793244067025 -924.3401206755933117
414 85.5795430778133692 -914.4204569221866450 75.6598793244067025 -924.3401206755933117
415 86.4163505220820127 -913.5836494779180157 75.6598793244067025 -924.3401206755933117
416 85.5624789484833315 -914.4375210515166827 75.6598793244067025 -924.3401206755933117
417 85.2915593044006783 -914.7084406955992790 75.6598793244067025 -924.3401206755933117
418 86.4598697890174464 -913.5401302109825110 75.6598793244067025 -924.3401206755933117
419 86.0230599693695552 -913.9769400306304306 75.6598793244067025 -924.3401206755933117
420 86.0579323835017789 -913.9420676164982069 75.6598793244067025 -924.3401206755933117
421 82.8021483875702984 -917.1978516124297585 75.6598793244067025 -924.3401206755933117
422 85.9882231994734951 -914.0117768005264907 75.6598793244067025 -924.3401206755933117
423 84.8837120802919429 -915.1162879197080429 75.6598793244067025 -924.3401206755933117
424 86.3723390504303410 -913.6276609495696448 75.6598793244067025 -924.3401206755933117
425 83.6689210633713714 -916.3310789366286144 75.6598793244067025 -924.3401206755933117
426 85.8541703392490234 -914.1458296607510192 75.6598793244067025 -924.3401206755933117
427 86.0122522458662786 -913.9877477541336930 75.6598793244067025 -924.3401206755933117
428 86.4140194767256133 -913.5859805232744293 75.6598793244067025 -924.3401206755933117
429 84.5843504286997927 -915.4156495713002641 75.6598793244067025 -924.3401206755933117
430 86.4042487043909659 -913.5957512956090341 75.6598793244067025 -924.3401206755933117
431 85.8815456997542981 -914.1184543002457303 75.6598793244067025 -924.3401206755933117
432 85.9584084918967903 -914.0415915081032381 75.6598793244067025 -924.3401206755933117
433 86.2226153440385019 -913.7773846559614412 75.6598793244067025 -924.3401206755933117
434 86.5411024858096454 -913.4588975141903120 75.6598793244067025 -924.3401206755933117
435 86.5523805530665840 -913.4476194469334587 75.6598793244067025 -924.3401206755933117
436 84.5075253000497213 -915.4924746999503213 75.6598793244067025 -924.3401206755933117
437 86.2845606847492945 -913.7154393152507055 75.6598793244067025 -924.3401206755933117
438 83.4231493613507666 -916.5768506386492618 75.6598793244067025 -924.3401206755933117
439 86.4435804717635676 -913.5564195282364608 75.6598793244067025 -924.3401206755933117
440 86.3091903377315788 -913.6908096622684070 75.6598793244067025 -924.3401206755933117
441 85.8608693231740716 -914.1391306768259710 75.6598793244067025 -924.3401206755933117
442 86.3390277247860638 -913.6609722752139078 75.6598793244067025 -924.3401206755933117
443 85.8821387038461665 -914.1178612961538192 75.6598793244067025 -924.3401206755933117
444 86.0192399274553168 -913.9807600725446264 75.6598793244067025 -924.3401206755933117
445 86.3997152675489275 -913.6002847324510867 75.6598793244067025 -924.3401206755933117
446 86.4571650764623882 -913.5428349235376118 75.6598793244067025 -924.3401206755933117
447 86.3736819468937398 -913.6263180531062744 75.6598793244067025 -924.3401206755933117
448 86.3383827696872714 -913.6616172303126859 75.6598793244067025 -924.3401206755933117
449 85.7858051145931739 -914.2141948854068687 75.6598793244067025 -924.3401206755933117
450 85.8762966954033118 -914.1237033045966882 75.6598793244067025 -924.3401206755933117
451 83.7682314758039013 -916.2317685241961271 75.6598793244067025 -924.3401206755933117
452 86.1646542006303804 -913.8353457993696338 75.6598793244067025 -924.3401206755933117
453 86.2667387894238971 -913.7332612105760745 75.6598793244067025 -924.3401206755933117
454 86.2081921382210936 -913.7918078617789206 75.6598793244067025 -924.3401206755933117
455 85.8461236852893705 -914.1538763147106010 75.6598793244067025 -924.3401206755933117
456 82.6500757826960779 -917.3499242173039647 75.6598793244067025 -924.3401206755933117
457 86.4264423012310061 -913.5735576987690365 75.6598793244067025 -924.3401206755933117
458 86.3476557135850840 -913.6523442864149729 75.6598793244067025 -924.3401206755933117
459 86.4168586495403446 -913.5831413504596412 75.6598793244067025 -924.3401206755933117
460 84.4047718633607786 -915.5952281366392072 75.6598793244067025 -924.3401206755933117
461 86.2964049794671553 -913.7035950205328163 75.6598793244067025 -924.3401206755933117
462 85.9263166246759198 -914.0736833753240944 75.6598793244067025 -924.3401206755933117
463 86.3569714506566442 -913.6430285493433985 75.6598793244067025 -924.3401206755933117
464 86.2101711347301318 -913.7898288652698966 75.6598793244067025 -924.3401206755933117
465 84.9091205026664113 -915.0908794973336171 75.6598793244067025 -924.3401206755933117
466 86.5004299351443251 -913.4995700648556749 75.6598793244067025 -924.3401206755933117
467 86.3119614115094578 -913.6880385884905991 75.6598793244067025 -924.3401206755933117
468 83.8296263075956460 -916.1703736924043824 75.6598793244067025 -924.3401206755933117
469 81.5174704182541063 -918.4825295817458937 75.6598793244067025 -924.3401206755933117
470 86.1714415572082686 -913.8285584427917456 75.6598793244067025 -924.3401206755933117
471 85.4415686831652579 -914.5584313168346853 75.6598793244067025 -924.3401206755933117
472 86.0855825782620911 -913.9144174217378804 75.6598793244067025 -924.3401206755933117
473 85.9732079598451975 -914.0267920401547599 75.6598793244067025 -924.3401206755933117
474 86.5194036603192984 -913.4805963396806874 75.6598793244067025 -924.3401206755933117
475 86.2482685332546311 -913.7517314667453547 75.6598793244067025 -924.3401206755933117
476 83.5321391542911300 -916.4678608457088558 75.6598793244067025 -924.3401206755933117
477 84.2067634476188687 -915.7932365523811313 75.6598793244067025 -924.3401206755933117
478 86.4410074732621609 -913.5589925267378248 75.6598793244067025 -924.3401206755933117
479 85.4336244728250449 -914.5663755271749551 75.6598793244067025 -924.3401206755933117
480 86.5046155316310035 -913.4953844683690249 75.6598793244067025 -924.3401206755933117
481 85.6495569983621579 -914.3504430016378137 75.6598793244067025 -924.3401206755933117
482 85.0596852585779004 -914.9403147414220712 75.6598793244067025 -924.3401206755933117
483 83.8307615036474800 -916.1692384963524773 75.6598793244067025 -924.3401206755933117
484 85.2802284523470604 -914.7197715476529538 75.6598793244067025 -924.3401206755933117
485 81.5840051384116549 -918.4159948615883877 75.6598793244067025 -924.3401206755933117
486 86.4874524672718366 -913.5125475327281492 75.6598793244067025 -924.3401206755933117
487 85.9811537025561563 -914.0188462974438153 75.6598793244067025 -924.3401206755933117
488 85.9372396751131475 -914.0627603248868809 75.6598793244067025 -924.3401206755933117
489 86.3614703539075066 -913.6385296460924792 75.6598793244067025 -924.3401206755933117
490 86.4430119782703628 -913.5569880217296941 75.6598793244067025 -924.3401206755933117
491 86.4022784991005324 -913.5977215008995245 75.6598793244067025 -924.3401206755933117
492 86.4334233386517354 -913.5665766613482219 75.6598793244067025 -924.3401206755933117
493 85.4355322077498016 -914.5644677922501842 75.6598793244067025 -924.3401206755933117
494 84.3684258577544597 -915.6315741422455403 75.6598793244067025 -924.3401206755933117
495 84.9033919701064548 -915.0966080298935594 75.6598793244067025 -924.3401206755933117
496 86.4842997197707746 -913.5157002802292254 75.6598793244067025 -924.3401206755933117
497 86.3695864424638131 -913.6304135575361443 75.6598793244067025 -924.3401206755933117
498 86.1283046874803944 -913.8716953125195914 75.6598793244067025 -924.3401206755933117
499 85.0680960692947394 -914.9319039307052890 75.6598793244067025 -924.3401206755933117
500 86.0003572983936380 -913.9996427016063762 75.6598793244067025 -924.3401206755933117
