evaluations raw_y current_y raw_y_best current_y_best
1 34388756.9723779484629631 34388547.0923779457807541 34388756.9723779484629631 34388547.0923779457807541
2 66702224.1042120009660721 66702014.2242119982838631 34388756.9723779484629631 34388547.0923779457807541
3 12598663.1867948863655329 12598453.3067948855459690 12598663.1867948863655329 12598453.3067948855459690
4 3254983.5673710340633988 3254773.6873710341751575 3254983.5673710340633988 3254773.6873710341751575
5 21376467.1557901427149773 21376257.2757901437580585 3254983.5673710340633988 3254773.6873710341751575
6 10930671.4296233411878347 10930461.5496233403682709 3254983.5673710340633988 3254773.6873710341751575
7 17056322.8396443650126457 17056112.9596443660557270 3254983.5673710340633988 3254773.6873710341751575
8 42685737.5784196630120277 42685527.6984196603298187 3254983.5673710340633988 3254773.6873710341751575
9 1254414.9028834649361670 1254205.0228834650479257 1254414.9028834649361670 1254205.0228834650479257
10 6057729.1628428585827351 6057519.2828428586944938 1254414.9028834649361670 1254205.0228834650479257
11 6276520.5432641636580229 6276310.6632641637697816 1254414.9028834649361670 1254205.0228834650479257
12 11938591.2883708290755749 11938381.4083708282560110 1254414.9028834649361670 1254205.0228834650479257
13 4232128.4508235659450293 4231918.5708235660567880 1254414.9028834649361670 1254205.0228834650479257
14 7671863.7212241021916270 7671653.8412241023033857 1254414.9028834649361670 1254205.0228834650479257
15 4408089.4874717434868217 4407879.6074717435985804 1254414.9028834649361670 1254205.0228834650479257
16 3800094.5743626961484551 3799884.6943626962602139 1254414.9028834649361670 1254205.0228834650479257
17 2283952.8901535668410361 2283743.0101535669527948 1254414.9028834649361670 1254205.0228834650479257
18 2476236.0421735625714064 2476026.1621735626831651 1254414.9028834649361670 1254205.0228834650479257
19 2966741.3308426043950021 2966531.4508426045067608 1254414.9028834649361670 1254205.0228834650479257
20 3381122.3066943725571036 3380912.4266943726688623 1254414.9028834649361670 1254205.0228834650479257
21 4511943.2258099764585495 4511733.3458099765703082 1254414.9028834649361670 1254205.0228834650479257
22 2239926.4614870809018612 2239716.5814870810136199 1254414.9028834649361670 1254205.0228834650479257
23 6852414.6428487440571189 6852204.7628487441688776 1254414.9028834649361670 1254205.0228834650479257
24 4499246.7924354961141944 4499036.9124354962259531 1254414.9028834649361670 1254205.0228834650479257
25 13873803.0193486213684082 13873593.1393486205488443 1254414.9028834649361670 1254205.0228834650479257
26 1910806.5092716950457543 1910596.6292716951575130 1254414.9028834649361670 1254205.0228834650479257
27 1699091.1345508305821568 1698881.2545508306939155 1254414.9028834649361670 1254205.0228834650479257
28 2172219.4295860147103667 2172009.5495860148221254 1254414.9028834649361670 1254205.0228834650479257
29 1465561.0037931171245873 1465351.1237931172363460 1254414.9028834649361670 1254205.0228834650479257
30 3481887.2716775760054588 3481677.3916775761172175 1254414.9028834649361670 1254205.0228834650479257
31 2184034.1595970178022981 2183824.2795970179140568 1254414.9028834649361670 1254205.0228834650479257
32 3436122.0451579876244068 3435912.1651579877361655 1254414.9028834649361670 1254205.0228834650479257
33 2165100.6212537181563675 2164890.7412537182681262 1254414.9028834649361670 1254205.0228834650479257
34 4130052.0700195534154773 4129842.1900195535272360 1254414.9028834649361670 1254205.0228834650479257
35 1324710.8316842450294644 1324500.9516842451412231 1254414.9028834649361670 1254205.0228834650479257
36 1285810.0081957923248410 1285600.1281957924365997 1254414.9028834649361670 1254205.0228834650479257
37 1766549.8582408037036657 1766339.9782408038154244 1254414.9028834649361670 1254205.0228834650479257
38 1255192.3345269465353340 1254982.4545269466470927 1254414.9028834649361670 1254205.0228834650479257
39 1415053.1387921206187457 1414843.2587921207305044 1254414.9028834649361670 1254205.0228834650479257
40 1448557.3865527729503810 1448347.5065527730621397 1254414.9028834649361670 1254205.0228834650479257
41 1780965.1721901348792017 1780755.2921901349909604 1254414.9028834649361670 1254205.0228834650479257
42 1255393.1048590356949717 1255183.2248590358067304 1254414.9028834649361670 1254205.0228834650479257
43 1286691.2878994871862233 1286481.4078994872979820 1254414.9028834649361670 1254205.0228834650479257
44 1912175.0408114087767899 1911965.1608114088885486 1254414.9028834649361670 1254205.0228834650479257
45 2208050.3126922613009810 2207840.4326922614127398 1254414.9028834649361670 1254205.0228834650479257
46 1317109.2431564682628959 1316899.3631564683746547 1254414.9028834649361670 1254205.0228834650479257
47 22493072.1210476383566856 22492862.2410476393997669 1254414.9028834649361670 1254205.0228834650479257
48 2381971.5748058534227312 2381761.6948058535344899 1254414.9028834649361670 1254205.0228834650479257
49 1179495.1363553088158369 1179285.2563553089275956 1179495.1363553088158369 1179285.2563553089275956
50 5816104.6368224043399096 5815894.7568224044516683 1179495.1363553088158369 1179285.2563553089275956
51 5802854.5241942862048745 5802644.6441942863166332 1179495.1363553088158369 1179285.2563553089275956
52 1747149.7678907273802906 1746939.8878907274920493 1179495.1363553088158369 1179285.2563553089275956
53 1874374.5858351597562432 1874164.7058351598680019 1179495.1363553088158369 1179285.2563553089275956
54 1462280.6809412632137537 1462070.8009412633255124 1179495.1363553088158369 1179285.2563553089275956
55 1482869.5230961896013469 1482659.6430961897131056 1179495.1363553088158369 1179285.2563553089275956
56 1354038.2302600471302867 1353828.3502600472420454 1179495.1363553088158369 1179285.2563553089275956
57 1958690.0629758262075484 1958480.1829758263193071 1179495.1363553088158369 1179285.2563553089275956
58 1538561.9102200379129499 1538352.0302200380247086 1179495.1363553088158369 1179285.2563553089275956
59 5145179.7087147897109389 5144969.8287147898226976 1179495.1363553088158369 1179285.2563553089275956
60 1242996.2059459178708494 1242786.3259459179826081 1179495.1363553088158369 1179285.2563553089275956
61 2361656.5238827141001821 2361446.6438827142119408 1179495.1363553088158369 1179285.2563553089275956
62 5075637.7553951861336827 5075427.8753951862454414 1179495.1363553088158369 1179285.2563553089275956
63 1336996.0595993872266263 1336786.1795993873383850 1179495.1363553088158369 1179285.2563553089275956
64 1355063.9061075958888978 1354854.0261075960006565 1179495.1363553088158369 1179285.2563553089275956
65 1257363.4310119738802314 1257153.5510119739919901 1179495.1363553088158369 1179285.2563553089275956
66 1241945.3839687020517886 1241735.5039687021635473 1179495.1363553088158369 1179285.2563553089275956
67 2580351.2734509622678161 2580141.3934509623795748 1179495.1363553088158369 1179285.2563553089275956
68 1379976.5472316958475858 1379766.6672316959593445 1179495.1363553088158369 1179285.2563553089275956
69 1533295.6180397314019501 1533085.7380397315137088 1179495.1363553088158369 1179285.2563553089275956
70 1356192.9239199741277844 1355983.0439199742395431 1179495.1363553088158369 1179285.2563553089275956
71 1522208.2707042782567441 1521998.3907042783685029 1179495.1363553088158369 1179285.2563553089275956
72 8380284.3911240482702851 8380074.5111240483820438 1179495.1363553088158369 1179285.2563553089275956
73 3807911.3724219398573041 3807701.4924219399690628 1179495.1363553088158369 1179285.2563553089275956
74 2010300.5879894790705293 2010090.7079894791822881 1179495.1363553088158369 1179285.2563553089275956
75 17585398.2187204621732235 17585188.3387204632163048 1179495.1363553088158369 1179285.2563553089275956
76 1876060.0624899722170085 1875850.1824899723287672 1179495.1363553088158369 1179285.2563553089275956
77 1278164.3526277504861355 1277954.4726277505978942 1179495.1363553088158369 1179285.2563553089275956
78 2108165.2401419640518725 2107955.3601419641636312 1179495.1363553088158369 1179285.2563553089275956
79 9806712.8412850126624107 9806502.9612850118428469 1179495.1363553088158369 1179285.2563553089275956
80 1182618.9909797145519406 1182409.1109797146636993 1179495.1363553088158369 1179285.2563553089275956
81 1013449.4273816123604774 1013239.5473816123558208 1013449.4273816123604774 1013239.5473816123558208
82 7945203.4958450226113200 7944993.6158450227230787 1013449.4273816123604774 1013239.5473816123558208
83 1385139.7961473886389285 1384929.9161473887506872 1013449.4273816123604774 1013239.5473816123558208
84 1902670.2785865117330104 1902460.3985865118447691 1013449.4273816123604774 1013239.5473816123558208
85 1172718.2786202991846949 1172508.3986202992964536 1013449.4273816123604774 1013239.5473816123558208
86 1394241.2297870337497443 1394031.3497870338615030 1013449.4273816123604774 1013239.5473816123558208
87 1699114.1640857127495110 1698904.2840857128612697 1013449.4273816123604774 1013239.5473816123558208
88 1364978.2848434373736382 1364768.4048434374853969 1013449.4273816123604774 1013239.5473816123558208
89 3087854.8675134717486799 3087644.9875134718604386 1013449.4273816123604774 1013239.5473816123558208
90 4100307.5168420108966529 4100097.6368420110084116 1013449.4273816123604774 1013239.5473816123558208
91 1401805.8942268807440996 1401596.0142268808558583 1013449.4273816123604774 1013239.5473816123558208
92 13229051.2468864955008030 13228841.3668864946812391 1013449.4273816123604774 1013239.5473816123558208
93 4687578.6630183160305023 4687368.7830183161422610 1013449.4273816123604774 1013239.5473816123558208
94 8906056.2571702376008034 8905846.3771702367812395 1013449.4273816123604774 1013239.5473816123558208
95 1285329.2981989006511867 1285119.4181989007629454 1013449.4273816123604774 1013239.5473816123558208
96 10560370.4241073932498693 10560160.5441073924303055 1013449.4273816123604774 1013239.5473816123558208
97 2470985.7169268829748034 2470775.8369268830865622 1013449.4273816123604774 1013239.5473816123558208
98 1676290.0934833339415491 1676080.2134833340533078 1013449.4273816123604774 1013239.5473816123558208
99 1184227.4181562715675682 1184017.5381562716793269 1013449.4273816123604774 1013239.5473816123558208
100 1232749.2827683829236776 1232539.4027683830354363 1013449.4273816123604774 1013239.5473816123558208
101 1986395.7708511673845351 1986185.8908511674962938 1013449.4273816123604774 1013239.5473816123558208
102 2015458.8832051437348127 2015249.0032051438465714 1013449.4273816123604774 1013239.5473816123558208
103 2448881.9852231405675411 2448672.1052231406792998 1013449.4273816123604774 1013239.5473816123558208
104 3061987.3705699574202299 3061777.4905699575319886 1013449.4273816123604774 1013239.5473816123558208
105 7072269.7264410648494959 7072059.8464410649612546 1013449.4273816123604774 1013239.5473816123558208
106 1848727.0385261729825288 1848517.1585261730942875 1013449.4273816123604774 1013239.5473816123558208
107 2277321.6497538369148970 2277111.7697538370266557 1013449.4273816123604774 1013239.5473816123558208
108 1437963.0762997344136238 1437753.1962997345253825 1013449.4273816123604774 1013239.5473816123558208
109 1524405.2703935978934169 1524195.3903935980051756 1013449.4273816123604774 1013239.5473816123558208
110 8529448.0264014955610037 8529238.1464014947414398 1013449.4273816123604774 1013239.5473816123558208
111 4644495.1559925619512796 4644285.2759925620630383 1013449.4273816123604774 1013239.5473816123558208
112 2037097.3204833064228296 2036887.4404833065345883 1013449.4273816123604774 1013239.5473816123558208
113 2741574.2286714385263622 2741364.3486714386381209 1013449.4273816123604774 1013239.5473816123558208
114 2328063.2988853980787098 2327853.4188853981904685 1013449.4273816123604774 1013239.5473816123558208
115 1126271.8274207152426243 1126061.9474207153543830 1013449.4273816123604774 1013239.5473816123558208
116 14183170.6318420078605413 14182960.7518420070409775 1013449.4273816123604774 1013239.5473816123558208
117 1238085.5600513687822968 1237875.6800513688940555 1013449.4273816123604774 1013239.5473816123558208
118 1869755.9376205792650580 1869546.0576205793768167 1013449.4273816123604774 1013239.5473816123558208
119 1324789.2181479400023818 1324579.3381479401141405 1013449.4273816123604774 1013239.5473816123558208
120 1207489.4780493231955916 1207279.5980493233073503 1013449.4273816123604774 1013239.5473816123558208
121 1402839.3741366188041866 1402629.4941366189159453 1013449.4273816123604774 1013239.5473816123558208
122 2229704.3779540774412453 2229494.4979540775530040 1013449.4273816123604774 1013239.5473816123558208
123 1235188.1991217767354101 1234978.3191217768471688 1013449.4273816123604774 1013239.5473816123558208
124 1755200.0799978673458099 1754990.1999978674575686 1013449.4273816123604774 1013239.5473816123558208
125 5206646.9964154614135623 5206437.1164154615253210 1013449.4273816123604774 1013239.5473816123558208
126 3830875.2825255668722093 3830665.4025255669839680 1013449.4273816123604774 1013239.5473816123558208
127 12981134.1015171855688095 12980924.2215171847492456 1013449.4273816123604774 1013239.5473816123558208
128 5469397.1691686129197478 5469187.2891686130315065 1013449.4273816123604774 1013239.5473816123558208
129 2282821.5393239078111947 2282611.6593239079229534 1013449.4273816123604774 1013239.5473816123558208
130 4521711.6652879454195499 4521501.7852879455313087 1013449.4273816123604774 1013239.5473816123558208
131 6544186.2821016823872924 6543976.4021016824990511 1013449.4273816123604774 1013239.5473816123558208
132 3156674.9193965033628047 3156465.0393965034745634 1013449.4273816123604774 1013239.5473816123558208
133 2364691.6266181999817491 2364481.7466182000935078 1013449.4273816123604774 1013239.5473816123558208
134 10707591.9202840253710747 10707382.0402840245515108 1013449.4273816123604774 1013239.5473816123558208
135 4341757.0310612656176090 4341547.1510612657293677 1013449.4273816123604774 1013239.5473816123558208
136 3816550.6101591112092137 3816340.7301591113209724 1013449.4273816123604774 1013239.5473816123558208
137 7498526.7569189267233014 7498316.8769189268350601 1013449.4273816123604774 1013239.5473816123558208
138 5714475.2986653884872794 5714265.4186653885990381 1013449.4273816123604774 1013239.5473816123558208
139 16615888.9977031890302896 16615679.1177031882107258 1013449.4273816123604774 1013239.5473816123558208
140 4704011.3182382928207517 4703801.4382382929325104 1013449.4273816123604774 1013239.5473816123558208
141 4117571.3367817262187600 4117361.4567817263305187 1013449.4273816123604774 1013239.5473816123558208
142 11017654.5347692500799894 11017444.6547692492604256 1013449.4273816123604774 1013239.5473816123558208
143 7139741.4565647896379232 7139531.5765647897496819 1013449.4273816123604774 1013239.5473816123558208
144 6417975.5133755598217249 6417765.6333755599334836 1013449.4273816123604774 1013239.5473816123558208
145 3050112.1990635576657951 3049902.3190635577775538 1013449.4273816123604774 1013239.5473816123558208
146 1833220.1909442017786205 1833010.3109442018903792 1013449.4273816123604774 1013239.5473816123558208
147 8571031.0431582480669022 8570821.1631582472473383 1013449.4273816123604774 1013239.5473816123558208
148 7475406.3455473799258471 7475196.4655473800376058 1013449.4273816123604774 1013239.5473816123558208
149 2578511.5639212029054761 2578301.6839212030172348 1013449.4273816123604774 1013239.5473816123558208
150 1885239.2025829299818724 1885029.3225829300936311 1013449.4273816123604774 1013239.5473816123558208
151 12969319.9104847814887762 12969110.0304847806692123 1013449.4273816123604774 1013239.5473816123558208
152 15459147.1188674680888653 15458937.2388674672693014 1013449.4273816123604774 1013239.5473816123558208
153 7881154.3391805905848742 7880944.4591805906966329 1013449.4273816123604774 1013239.5473816123558208
154 5172741.0206942521035671 5172531.1406942522153258 1013449.4273816123604774 1013239.5473816123558208
155 7346886.6325127910822630 7346676.7525127911940217 1013449.4273816123604774 1013239.5473816123558208
156 1327041.2005223287269473 1326831.3205223288387060 1013449.4273816123604774 1013239.5473816123558208
157 1663589.6748931175097823 1663379.7948931176215410 1013449.4273816123604774 1013239.5473816123558208
158 2995618.2771934950724244 2995408.3971934951841831 1013449.4273816123604774 1013239.5473816123558208
159 2283915.8520535179413855 2283705.9720535180531442 1013449.4273816123604774 1013239.5473816123558208
160 4349269.9279479756951332 4349060.0479479758068919 1013449.4273816123604774 1013239.5473816123558208
161 2153705.5040275552310050 2153495.6240275553427637 1013449.4273816123604774 1013239.5473816123558208
162 3594892.6808828837238252 3594682.8008828838355839 1013449.4273816123604774 1013239.5473816123558208
163 5222422.9405015856027603 5222213.0605015857145190 1013449.4273816123604774 1013239.5473816123558208
164 1314560.7225425550714135 1314350.8425425551831722 1013449.4273816123604774 1013239.5473816123558208
165 1296309.6613173615187407 1296099.7813173616304994 1013449.4273816123604774 1013239.5473816123558208
166 3575177.0729657509364188 3574967.1929657510481775 1013449.4273816123604774 1013239.5473816123558208
167 1810163.9661204239819199 1809954.0861204240936786 1013449.4273816123604774 1013239.5473816123558208
168 898603.7128536781528965 898393.8328536781482399 898603.7128536781528965 898393.8328536781482399
169 1727529.9727587939705700 1727320.0927587940823287 898603.7128536781528965 898393.8328536781482399
170 2931888.4342781174927950 2931678.5542781176045537 898603.7128536781528965 898393.8328536781482399
171 2373755.4798041461035609 2373545.5998041462153196 898603.7128536781528965 898393.8328536781482399
172 1069707.1216194038279355 1069497.2416194039396942 898603.7128536781528965 898393.8328536781482399
173 2990117.9323547817766666 2989908.0523547818884254 898603.7128536781528965 898393.8328536781482399
174 3436918.5641202372498810 3436708.6841202373616397 898603.7128536781528965 898393.8328536781482399
175 1390375.3614659509621561 1390165.4814659510739148 898603.7128536781528965 898393.8328536781482399
176 4052586.8938546497374773 4052377.0138546498492360 898603.7128536781528965 898393.8328536781482399
177 1097821.4870474452618510 1097611.6070474453736097 898603.7128536781528965 898393.8328536781482399
178 2692953.1689006960950792 2692743.2889006962068379 898603.7128536781528965 898393.8328536781482399
179 696642.9576316187158227 696433.0776316187111661 696642.9576316187158227 696433.0776316187111661
180 1115957.8327886597253382 1115747.9527886598370969 696642.9576316187158227 696433.0776316187111661
181 2402026.6123849288560450 2401816.7323849289678037 696642.9576316187158227 696433.0776316187111661
182 1124299.3389287188183516 1124089.4589287189301103 696642.9576316187158227 696433.0776316187111661
183 3728018.6349293566308916 3727808.7549293567426503 696642.9576316187158227 696433.0776316187111661
184 730419.9116168557666242 730210.0316168557619676 696642.9576316187158227 696433.0776316187111661
185 1237465.4080142762977630 1237255.5280142764095217 696642.9576316187158227 696433.0776316187111661
186 8468896.2732141874730587 8468686.3932141866534948 696642.9576316187158227 696433.0776316187111661
187 1516972.4763197980355471 1516762.5963197981473058 696642.9576316187158227 696433.0776316187111661
188 1771844.6255330636631697 1771634.7455330637749285 696642.9576316187158227 696433.0776316187111661
189 1131206.4838165370747447 1130996.6038165371865034 696642.9576316187158227 696433.0776316187111661
190 1669711.9050952647812665 1669502.0250952648930252 696642.9576316187158227 696433.0776316187111661
191 1839579.8722618748433888 1839369.9922618749551475 696642.9576316187158227 696433.0776316187111661
192 956512.3969181972788647 956302.5169181972742081 696642.9576316187158227 696433.0776316187111661
193 2318971.6775952046737075 2318761.7975952047854662 696642.9576316187158227 696433.0776316187111661
194 3562777.1935459361411631 3562567.3135459362529218 696642.9576316187158227 696433.0776316187111661
195 8358389.8679954502731562 8358179.9879954503849149 696642.9576316187158227 696433.0776316187111661
196 2963380.0090729631483555 2963170.1290729632601142 696642.9576316187158227 696433.0776316187111661
197 1366297.0846889785025269 1366087.2046889786142856 696642.9576316187158227 696433.0776316187111661
198 1666443.2694558813236654 1666233.3894558814354241 696642.9576316187158227 696433.0776316187111661
199 1995606.2447106628678739 1995396.3647106629796326 696642.9576316187158227 696433.0776316187111661
200 2676958.9796737860888243 2676749.0996737862005830 696642.9576316187158227 696433.0776316187111661
201 2538748.4560636472888291 2538538.5760636474005878 696642.9576316187158227 696433.0776316187111661
202 602821.6738304283935577 602611.7938304283889011 602821.6738304283935577 602611.7938304283889011
203 6217662.3924730550497770 6217452.5124730551615357 602821.6738304283935577 602611.7938304283889011
204 1726913.1126000960357487 1726703.2326000961475074 602821.6738304283935577 602611.7938304283889011
205 14907005.7290838491171598 14906795.8490838482975960 602821.6738304283935577 602611.7938304283889011
206 1140094.6140578577760607 1139884.7340578578878194 602821.6738304283935577 602611.7938304283889011
207 10069583.9722790978848934 10069374.0922790970653296 602821.6738304283935577 602611.7938304283889011
208 3008050.2630296358838677 3007840.3830296359956264 602821.6738304283935577 602611.7938304283889011
209 3414411.4766077301464975 3414201.5966077302582562 602821.6738304283935577 602611.7938304283889011
210 1217525.3718300468754023 1217315.4918300469871610 602821.6738304283935577 602611.7938304283889011
211 723084.0601675041252747 722874.1801675041206181 602821.6738304283935577 602611.7938304283889011
212 926939.8887088575866073 926730.0087088575819507 602821.6738304283935577 602611.7938304283889011
213 4298900.0301374243572354 4298690.1501374244689941 602821.6738304283935577 602611.7938304283889011
214 10143810.2146723866462708 10143600.3346723858267069 602821.6738304283935577 602611.7938304283889011
215 2085064.1012570979073644 2084854.2212570980191231 602821.6738304283935577 602611.7938304283889011
216 2003678.5617536378558725 2003468.6817536379676312 602821.6738304283935577 602611.7938304283889011
217 2707130.6390696559101343 2706920.7590696560218930 602821.6738304283935577 602611.7938304283889011
218 4530681.7184606902301311 4530471.8384606903418899 602821.6738304283935577 602611.7938304283889011
219 2920165.1947695198468864 2919955.3147695199586451 602821.6738304283935577 602611.7938304283889011
220 4016584.3794291270896792 4016374.4994291272014380 602821.6738304283935577 602611.7938304283889011
221 1738951.1484665968455374 1738741.2684665969572961 602821.6738304283935577 602611.7938304283889011
222 1924220.2445518809836358 1924010.3645518810953945 602821.6738304283935577 602611.7938304283889011
223 748479.9560231274226680 748270.0760231274180114 602821.6738304283935577 602611.7938304283889011
224 1086026.9350344249978662 1085817.0550344251096249 602821.6738304283935577 602611.7938304283889011
225 875008.8039623926160857 874798.9239623926114291 602821.6738304283935577 602611.7938304283889011
226 718362.4481945992447436 718152.5681945992400870 602821.6738304283935577 602611.7938304283889011
227 1361258.9100469723343849 1361049.0300469724461436 602821.6738304283935577 602611.7938304283889011
228 655857.2522722604917362 655647.3722722604870796 602821.6738304283935577 602611.7938304283889011
229 859729.2671475764364004 859519.3871475764317438 602821.6738304283935577 602611.7938304283889011
230 660635.2015323657542467 660425.3215323657495901 602821.6738304283935577 602611.7938304283889011
231 607834.0449607884511352 607624.1649607884464785 602821.6738304283935577 602611.7938304283889011
232 846022.0803573310840875 845812.2003573310794309 602821.6738304283935577 602611.7938304283889011
233 692644.8273572138277814 692434.9473572138231248 602821.6738304283935577 602611.7938304283889011
234 692927.5685019637458026 692717.6885019637411460 602821.6738304283935577 602611.7938304283889011
235 709629.7602371163666248 709419.8802371163619682 602821.6738304283935577 602611.7938304283889011
236 4422990.1951362974941730 4422780.3151362976059318 602821.6738304283935577 602611.7938304283889011
237 652626.4310074674431235 652416.5510074674384668 602821.6738304283935577 602611.7938304283889011
238 745962.6853706846013665 745752.8053706845967099 602821.6738304283935577 602611.7938304283889011
239 1489844.0473399199545383 1489634.1673399200662971 602821.6738304283935577 602611.7938304283889011
240 711765.6128041530027986 711555.7328041529981419 602821.6738304283935577 602611.7938304283889011
241 1527780.7436121853534132 1527570.8636121854651719 602821.6738304283935577 602611.7938304283889011
242 8224025.7425088267773390 8223815.8625088268890977 602821.6738304283935577 602611.7938304283889011
243 911286.7335703577846289 911076.8535703577799723 602821.6738304283935577 602611.7938304283889011
244 1261791.4817184705752879 1261581.6017184706870466 602821.6738304283935577 602611.7938304283889011
245 1266320.5518165754619986 1266110.6718165755737573 602821.6738304283935577 602611.7938304283889011
246 804684.9819301011739299 804475.1019301011692733 602821.6738304283935577 602611.7938304283889011
247 778648.9307553238468245 778439.0507553238421679 602821.6738304283935577 602611.7938304283889011
248 4295493.2737611839547753 4295283.3937611840665340 602821.6738304283935577 602611.7938304283889011
249 1475616.3179174512624741 1475406.4379174513742328 602821.6738304283935577 602611.7938304283889011
250 1488547.0955901257693768 1488337.2155901258811355 602821.6738304283935577 602611.7938304283889011
251 1294845.2203459586016834 1294635.3403459587134421 602821.6738304283935577 602611.7938304283889011
252 1599012.9718794305808842 1598803.0918794306926429 602821.6738304283935577 602611.7938304283889011
253 4109381.1680021388456225 4109171.2880021389573812 602821.6738304283935577 602611.7938304283889011
254 1631652.1759257004596293 1631442.2959257005713880 602821.6738304283935577 602611.7938304283889011
255 1646767.2074152866844088 1646557.3274152867961675 602821.6738304283935577 602611.7938304283889011
256 1507216.4499152372591197 1507006.5699152373708785 602821.6738304283935577 602611.7938304283889011
257 2363434.2478255662135780 2363224.3678255663253367 602821.6738304283935577 602611.7938304283889011
258 1002274.7405064516933635 1002064.8605064516887069 602821.6738304283935577 602611.7938304283889011
259 2201645.9662305596284568 2201436.0862305597402155 602821.6738304283935577 602611.7938304283889011
260 1319573.9989382096100599 1319364.1189382097218186 602821.6738304283935577 602611.7938304283889011
261 2984649.3711771541275084 2984439.4911771542392671 602821.6738304283935577 602611.7938304283889011
262 1325025.8901234520599246 1324816.0101234521716833 602821.6738304283935577 602611.7938304283889011
263 1481225.9830811286810786 1481016.1030811287928373 602821.6738304283935577 602611.7938304283889011
264 2626126.1015340182930231 2625916.2215340184047818 602821.6738304283935577 602611.7938304283889011
265 1486006.9273999982979149 1485797.0473999984096736 602821.6738304283935577 602611.7938304283889011
266 620678.6186649277806282 620468.7386649277759716 602821.6738304283935577 602611.7938304283889011
267 3282739.8453981252387166 3282529.9653981253504753 602821.6738304283935577 602611.7938304283889011
268 2709352.6737933536060154 2709142.7937933537177742 602821.6738304283935577 602611.7938304283889011
269 995375.4788893661461771 995165.5988893661415204 602821.6738304283935577 602611.7938304283889011
270 3075326.7748771877959371 3075116.8948771879076958 602821.6738304283935577 602611.7938304283889011
271 1892882.0953623144887388 1892672.2153623146004975 602821.6738304283935577 602611.7938304283889011
272 2143660.5506492084823549 2143450.6706492085941136 602821.6738304283935577 602611.7938304283889011
273 1739041.4234365222509950 1738831.5434365223627537 602821.6738304283935577 602611.7938304283889011
274 666393.0718610718613490 666183.1918610718566924 602821.6738304283935577 602611.7938304283889011
275 4022596.4392851484008133 4022386.5592851485125721 602821.6738304283935577 602611.7938304283889011
276 986722.5907517896266654 986512.7107517896220088 602821.6738304283935577 602611.7938304283889011
277 1011000.9606131113832816 1010791.0806131113786250 602821.6738304283935577 602611.7938304283889011
278 1003835.6790910635609180 1003625.7990910635562614 602821.6738304283935577 602611.7938304283889011
279 3913116.4120579129084945 3912906.5320579130202532 602821.6738304283935577 602611.7938304283889011
280 993348.0403105411678553 993138.1603105411631986 602821.6738304283935577 602611.7938304283889011
281 688076.9393603707430884 687867.0593603707384318 602821.6738304283935577 602611.7938304283889011
282 714739.2843359102262184 714529.4043359102215618 602821.6738304283935577 602611.7938304283889011
283 4899194.1675611594691873 4898984.2875611595809460 602821.6738304283935577 602611.7938304283889011
284 701880.2644698445219547 701670.3844698445172980 602821.6738304283935577 602611.7938304283889011
285 723204.4371668467065319 722994.5571668467018753 602821.6738304283935577 602611.7938304283889011
286 1870477.7356413349043578 1870267.8556413350161165 602821.6738304283935577 602611.7938304283889011
287 719326.6414791961433366 719116.7614791961386800 602821.6738304283935577 602611.7938304283889011
288 1328805.9691904913634062 1328596.0891904914751649 602821.6738304283935577 602611.7938304283889011
289 1149483.1997408163733780 1149273.3197408164851367 602821.6738304283935577 602611.7938304283889011
290 668839.1859005551086739 668629.3059005551040173 602821.6738304283935577 602611.7938304283889011
291 2070728.3523218668997288 2070518.4723218670114875 602821.6738304283935577 602611.7938304283889011
292 3174324.5327285323292017 3174114.6527285324409604 602821.6738304283935577 602611.7938304283889011
293 1258655.9747307461220771 1258446.0947307462338358 602821.6738304283935577 602611.7938304283889011
294 1306957.2283256056252867 1306747.3483256057370454 602821.6738304283935577 602611.7938304283889011
295 2533679.2273729103617370 2533469.3473729104734957 602821.6738304283935577 602611.7938304283889011
296 2061569.3715974013321102 2061359.4915974014438689 602821.6738304283935577 602611.7938304283889011
297 1074894.9384990499820560 1074685.0584990500938147 602821.6738304283935577 602611.7938304283889011
298 903532.3504747328115627 903322.4704747328069061 602821.6738304283935577 602611.7938304283889011
299 1775409.5926716453395784 1775199.7126716454513371 602821.6738304283935577 602611.7938304283889011
300 942435.4399159640306607 942225.5599159640260041 602821.6738304283935577 602611.7938304283889011
301 1410989.3556104651652277 1410779.4756104652769864 602821.6738304283935577 602611.7938304283889011
302 1381054.1387679472099990 1380844.2587679473217577 602821.6738304283935577 602611.7938304283889011
303 3761928.1576484218239784 3761718.2776484219357371 602821.6738304283935577 602611.7938304283889011
304 1459391.2187687419354916 1459181.3387687420472503 602821.6738304283935577 602611.7938304283889011
305 804159.5721888134721667 803949.6921888134675100 602821.6738304283935577 602611.7938304283889011
306 1655245.4394805443007499 1655035.5594805444125086 602821.6738304283935577 602611.7938304283889011
307 5278111.5451715365052223 5277901.6651715366169810 602821.6738304283935577 602611.7938304283889011
308 999157.4742820435203612 998947.5942820435157046 602821.6738304283935577 602611.7938304283889011
309 9241138.4397254437208176 9240928.5597254429012537 602821.6738304283935577 602611.7938304283889011
310 1115733.1367043340578675 1115523.2567043341696262 602821.6738304283935577 602611.7938304283889011
311 3069024.8990711807273328 3068815.0190711808390915 602821.6738304283935577 602611.7938304283889011
312 779543.6978571837535128 779333.8178571837488562 602821.6738304283935577 602611.7938304283889011
313 771347.8820089600048959 771138.0020089600002393 602821.6738304283935577 602611.7938304283889011
314 2128728.7522363746538758 2128518.8722363747656345 602821.6738304283935577 602611.7938304283889011
315 5828288.1659398600459099 5828078.2859398601576686 602821.6738304283935577 602611.7938304283889011
316 742832.9628214034019038 742623.0828214033972472 602821.6738304283935577 602611.7938304283889011
317 779678.5058173158904538 779468.6258173158857971 602821.6738304283935577 602611.7938304283889011
318 745357.3513548938790336 745147.4713548938743770 602821.6738304283935577 602611.7938304283889011
319 1146220.5994451662991196 1146010.7194451664108783 602821.6738304283935577 602611.7938304283889011
320 1871320.5179240924771875 1871110.6379240925889462 602821.6738304283935577 602611.7938304283889011
321 911889.5510048540309072 911679.6710048540262505 602821.6738304283935577 602611.7938304283889011
322 1528815.5606484657619148 1528605.6806484658736736 602821.6738304283935577 602611.7938304283889011
323 1576452.9707391434349120 1576243.0907391435466707 602821.6738304283935577 602611.7938304283889011
324 1299837.8635483025573194 1299627.9835483026690781 602821.6738304283935577 602611.7938304283889011
325 813446.5648599269334227 813236.6848599269287661 602821.6738304283935577 602611.7938304283889011
326 4857360.0565339159220457 4857150.1765339160338044 602821.6738304283935577 602611.7938304283889011
327 2980260.8491295776329935 2980050.9691295777447522 602821.6738304283935577 602611.7938304283889011
328 771578.2320502622751519 771368.3520502622704953 602821.6738304283935577 602611.7938304283889011
329 780526.0381469343556091 780316.1581469343509525 602821.6738304283935577 602611.7938304283889011
330 844457.2814833320444450 844247.4014833320397884 602821.6738304283935577 602611.7938304283889011
331 1201019.6127058598212898 1200809.7327058599330485 602821.6738304283935577 602611.7938304283889011
332 915210.5208357736701146 915000.6408357736654580 602821.6738304283935577 602611.7938304283889011
333 968162.8266036437125877 967952.9466036437079310 602821.6738304283935577 602611.7938304283889011
334 768152.2844343940960243 767942.4044343940913677 602821.6738304283935577 602611.7938304283889011
335 1316958.6243471424095333 1316748.7443471425212920 602821.6738304283935577 602611.7938304283889011
336 922606.5193605270469561 922396.6393605270422995 602821.6738304283935577 602611.7938304283889011
337 806372.2006126752821729 806162.3206126752775162 602821.6738304283935577 602611.7938304283889011
338 998317.9122656874824315 998108.0322656874777749 602821.6738304283935577 602611.7938304283889011
339 2077660.8258252707310021 2077450.9458252708427608 602821.6738304283935577 602611.7938304283889011
340 1202254.9428486193064600 1202045.0628486194182187 602821.6738304283935577 602611.7938304283889011
341 2271986.3855053298175335 2271776.5055053299292922 602821.6738304283935577 602611.7938304283889011
342 1333621.8846258632838726 1333412.0046258633956313 602821.6738304283935577 602611.7938304283889011
343 900563.5094478648388758 900353.6294478648342192 602821.6738304283935577 602611.7938304283889011
344 1004054.5522045429097489 1003844.6722045429050922 602821.6738304283935577 602611.7938304283889011
345 942674.5025818534195423 942464.6225818534148857 602821.6738304283935577 602611.7938304283889011
346 950842.3257103638025001 950632.4457103637978435 602821.6738304283935577 602611.7938304283889011
347 3994987.3571064351126552 3994777.4771064352244139 602821.6738304283935577 602611.7938304283889011
348 867342.1246702829375863 867132.2446702829329297 602821.6738304283935577 602611.7938304283889011
349 2314526.0837120674550533 2314316.2037120675668120 602821.6738304283935577 602611.7938304283889011
350 1109293.1527370649855584 1109083.2727370650973171 602821.6738304283935577 602611.7938304283889011
351 3475973.2016356047242880 3475763.3216356048360467 602821.6738304283935577 602611.7938304283889011
352 1024570.4735822036163881 1024360.5935822036117315 602821.6738304283935577 602611.7938304283889011
353 1005837.8442867061821744 1005627.9642867061775178 602821.6738304283935577 602611.7938304283889011
354 955803.7119081271812320 955593.8319081271765754 602821.6738304283935577 602611.7938304283889011
355 3871134.5742760174907744 3870924.6942760176025331 602821.6738304283935577 602611.7938304283889011
356 914430.2147983615286648 914220.3347983615240082 602821.6738304283935577 602611.7938304283889011
357 804687.3755417281063274 804477.4955417281016707 602821.6738304283935577 602611.7938304283889011
358 847697.2628628931706771 847487.3828628931660205 602821.6738304283935577 602611.7938304283889011
359 2263110.7958374200388789 2262900.9158374201506376 602821.6738304283935577 602611.7938304283889011
360 833302.2848995190579444 833092.4048995190532878 602821.6738304283935577 602611.7938304283889011
361 838275.8103343844413757 838065.9303343844367191 602821.6738304283935577 602611.7938304283889011
362 833005.3259726399555802 832795.4459726399509236 602821.6738304283935577 602611.7938304283889011
363 3131113.1771611105650663 3130903.2971611106768250 602821.6738304283935577 602611.7938304283889011
364 1069872.0362191773019731 1069662.1562191774137318 602821.6738304283935577 602611.7938304283889011
365 798828.2377343913540244 798618.3577343913493678 602821.6738304283935577 602611.7938304283889011
366 893910.6524565347936004 893700.7724565347889438 602821.6738304283935577 602611.7938304283889011
367 2515911.4139120671898127 2515701.5339120673015714 602821.6738304283935577 602611.7938304283889011
368 776611.9040168562205508 776402.0240168562158942 602821.6738304283935577 602611.7938304283889011
369 763942.5187701639952138 763732.6387701639905572 602821.6738304283935577 602611.7938304283889011
370 766210.3257127897813916 766000.4457127897767350 602821.6738304283935577 602611.7938304283889011
371 803350.5062051215209067 803140.6262051215162501 602821.6738304283935577 602611.7938304283889011
372 764930.7498566103167832 764720.8698566103121266 602821.6738304283935577 602611.7938304283889011
373 3654255.2264741072431207 3654045.3464741073548794 602821.6738304283935577 602611.7938304283889011
374 897559.3811737599316984 897349.5011737599270418 602821.6738304283935577 602611.7938304283889011
375 754649.4725622977130115 754439.5925622977083549 602821.6738304283935577 602611.7938304283889011
376 702418.2364623139146715 702208.3564623139100149 602821.6738304283935577 602611.7938304283889011
377 1295696.1253628865815699 1295486.2453628866933286 602821.6738304283935577 602611.7938304283889011
378 885102.2865742893191054 884892.4065742893144488 602821.6738304283935577 602611.7938304283889011
379 767388.2366766795748845 767178.3566766795702279 602821.6738304283935577 602611.7938304283889011
380 1451412.6802888747770339 1451202.8002888748887926 602821.6738304283935577 602611.7938304283889011
381 1042060.8765956391580403 1041850.9965956391533837 602821.6738304283935577 602611.7938304283889011
382 3336109.6944584092125297 3335899.8144584093242884 602821.6738304283935577 602611.7938304283889011
383 1034049.7618996137753129 1033839.8818996137706563 602821.6738304283935577 602611.7938304283889011
384 987321.7732860236428678 987111.8932860236382112 602821.6738304283935577 602611.7938304283889011
385 4729159.0756061580032110 4728949.1956061581149697 602821.6738304283935577 602611.7938304283889011
386 734177.0429007416823879 733967.1629007416777313 602821.6738304283935577 602611.7938304283889011
387 1045940.0033509489148855 1045730.1233509489102289 602821.6738304283935577 602611.7938304283889011
388 1031280.3680865801870823 1031070.4880865801824257 602821.6738304283935577 602611.7938304283889011
389 3122350.9000300383195281 3122141.0200300384312868 602821.6738304283935577 602611.7938304283889011
390 968044.0831266238819808 967834.2031266238773242 602821.6738304283935577 602611.7938304283889011
391 1507501.1034685687627643 1507291.2234685688745230 602821.6738304283935577 602611.7938304283889011
392 1430903.2439515825826675 1430693.3639515826944262 602821.6738304283935577 602611.7938304283889011
393 1706853.7854733765125275 1706643.9054733766242862 602821.6738304283935577 602611.7938304283889011
394 871256.8480924033792689 871046.9680924033746123 602821.6738304283935577 602611.7938304283889011
395 948496.4180658557452261 948286.5380658557405695 602821.6738304283935577 602611.7938304283889011
396 1113806.6318434202112257 1113596.7518434203229845 602821.6738304283935577 602611.7938304283889011
397 2633421.5808247309178114 2633211.7008247310295701 602821.6738304283935577 602611.7938304283889011
398 1107204.3337080087512732 1106994.4537080088630319 602821.6738304283935577 602611.7938304283889011
399 1924196.0593435019254684 1923986.1793435020372272 602821.6738304283935577 602611.7938304283889011
400 775240.7619081874145195 775030.8819081874098629 602821.6738304283935577 602611.7938304283889011
401 3949199.9587747016921639 3948990.0787747018039227 602821.6738304283935577 602611.7938304283889011
402 2741944.2757963780313730 2741734.3957963781431317 602821.6738304283935577 602611.7938304283889011
403 1159538.1006707118358463 1159328.2206707119476050 602821.6738304283935577 602611.7938304283889011
404 705773.4419777607545257 705563.5619777607498690 602821.6738304283935577 602611.7938304283889011
405 1452442.7730714944191277 1452232.8930714945308864 602821.6738304283935577 602611.7938304283889011
406 639080.3151339123724028 638870.4351339123677462 602821.6738304283935577 602611.7938304283889011
407 1560167.7309421461541206 1559957.8509421462658793 602821.6738304283935577 602611.7938304283889011
408 996439.1392020246712491 996229.2592020246665925 602821.6738304283935577 602611.7938304283889011
409 1173415.1868473568465561 1173205.3068473569583148 602821.6738304283935577 602611.7938304283889011
410 1098911.1760469896253198 1098701.2960469897370785 602821.6738304283935577 602611.7938304283889011
411 1102990.2075994214974344 1102780.3275994216091931 602821.6738304283935577 602611.7938304283889011
412 1068129.9651631473097950 1067920.0851631474215537 602821.6738304283935577 602611.7938304283889011
413 2649259.7219634209759533 2649049.8419634210877120 602821.6738304283935577 602611.7938304283889011
414 3285932.4423212031833827 3285722.5623212032951415 602821.6738304283935577 602611.7938304283889011
415 1888744.6111999419517815 1888534.7311999420635402 602821.6738304283935577 602611.7938304283889011
416 746943.3580831537256017 746733.4780831537209451 602821.6738304283935577 602611.7938304283889011
417 2934689.0968042397871614 2934479.2168042398989201 602821.6738304283935577 602611.7938304283889011
418 2303597.5131625146605074 2303387.6331625147722661 602821.6738304283935577 602611.7938304283889011
419 1511564.1637757520657033 1511354.2837757521774620 602821.6738304283935577 602611.7938304283889011
420 1390094.0976749989204109 1389884.2176749990321696 602821.6738304283935577 602611.7938304283889011
421 4609009.3416528785601258 4608799.4616528786718845 602821.6738304283935577 602611.7938304283889011
422 1461121.3619983207900077 1460911.4819983209017664 602821.6738304283935577 602611.7938304283889011
423 745590.6216103130718693 745380.7416103130672127 602821.6738304283935577 602611.7938304283889011
424 1747866.2251272485591471 1747656.3451272486709058 602821.6738304283935577 602611.7938304283889011
425 3378850.2356411824002862 3378640.3556411825120449 602821.6738304283935577 602611.7938304283889011
426 1372476.2545809932053089 1372266.3745809933170676 602821.6738304283935577 602611.7938304283889011
427 1186501.4727831953205168 1186291.5927831954322755 602821.6738304283935577 602611.7938304283889011
428 772818.3929820342455059 772608.5129820342408493 602821.6738304283935577 602611.7938304283889011
429 666297.2197747625177726 666087.3397747625131160 602821.6738304283935577 602611.7938304283889011
430 843180.4957554007414728 842970.6157554007368162 602821.6738304283935577 602611.7938304283889011
431 3517069.5151758836582303 3516859.6351758837699890 602821.6738304283935577 602611.7938304283889011
432 1940527.1075380637776107 1940317.2275380638893694 602821.6738304283935577 602611.7938304283889011
433 799308.9664411172270775 799099.0864411172224209 602821.6738304283935577 602611.7938304283889011
434 733856.9045278709381819 733647.0245278709335253 602821.6738304283935577 602611.7938304283889011
435 1333683.3313987522851676 1333473.4513987523969263 602821.6738304283935577 602611.7938304283889011
436 702567.6132386012468487 702357.7332386012421921 602821.6738304283935577 602611.7938304283889011
437 718431.6953256798442453 718221.8153256798395887 602821.6738304283935577 602611.7938304283889011
438 630807.4360468250233680 630597.5560468250187114 602821.6738304283935577 602611.7938304283889011
439 3766341.6656138636171818 3766131.7856138637289405 602821.6738304283935577 602611.7938304283889011
440 1998669.6273321607150137 1998459.7473321608267725 602821.6738304283935577 602611.7938304283889011
441 1743370.1191767689306289 1743160.2391767690423876 602821.6738304283935577 602611.7938304283889011
442 861863.9326880036387593 861654.0526880036341026 602821.6738304283935577 602611.7938304283889011
443 2704686.1238279035314918 2704476.2438279036432505 602821.6738304283935577 602611.7938304283889011
444 611465.7414118351880461 611255.8614118351833895 602821.6738304283935577 602611.7938304283889011
445 5279397.8858806435018778 5279188.0058806436136365 602821.6738304283935577 602611.7938304283889011
446 712214.6787075982429087 712004.7987075982382521 602821.6738304283935577 602611.7938304283889011
447 2211815.0403847335837781 2211605.1603847336955369 602821.6738304283935577 602611.7938304283889011
448 591374.0579916842980310 591164.1779916842933744 591374.0579916842980310 591164.1779916842933744
449 1539280.5871540268417448 1539070.7071540269535035 591374.0579916842980310 591164.1779916842933744
450 2344243.7909257477149367 2344033.9109257478266954 591374.0579916842980310 591164.1779916842933744
451 490989.9751023706630804 490780.0951023706584238 490989.9751023706630804 490780.0951023706584238
452 496749.2866076409118250 496539.4066076409071684 490989.9751023706630804 490780.0951023706584238
453 597132.1116156884236261 596922.2316156884189695 490989.9751023706630804 490780.0951023706584238
454 646930.8087416322669014 646720.9287416322622448 490989.9751023706630804 490780.0951023706584238
455 529089.2100521489046514 528879.3300521488999948 490989.9751023706630804 490780.0951023706584238
456 1558944.9168489405419677 1558735.0368489406537265 490989.9751023706630804 490780.0951023706584238
457 611733.6684678508900106 611523.7884678508853540 490989.9751023706630804 490780.0951023706584238
458 2197374.5011125779710710 2197164.6211125780828297 490989.9751023706630804 490780.0951023706584238
459 720400.6397769415052608 720190.7597769415006042 490989.9751023706630804 490780.0951023706584238
460 597734.4004847934702411 597524.5204847934655845 490989.9751023706630804 490780.0951023706584238
461 1226652.3640351027715951 1226442.4840351028833538 490989.9751023706630804 490780.0951023706584238
462 702155.6617088897619396 701945.7817088897572830 490989.9751023706630804 490780.0951023706584238
463 2963398.9061267375946045 2963189.0261267377063632 490989.9751023706630804 490780.0951023706584238
464 1142058.8950833813287318 1141849.0150833814404905 490989.9751023706630804 490780.0951023706584238
465 1619635.7773125006351620 1619425.8973125007469207 490989.9751023706630804 490780.0951023706584238
466 2622743.5988959688693285 2622533.7188959689810872 490989.9751023706630804 490780.0951023706584238
467 9426514.3126790672540665 9426304.4326790664345026 490989.9751023706630804 490780.0951023706584238
468 961297.2666786260670051 961087.3866786260623485 490989.9751023706630804 490780.0951023706584238
469 881186.0550556273665279 880976.1750556273618713 490989.9751023706630804 490780.0951023706584238
470 941333.3218389466637745 941123.4418389466591179 490989.9751023706630804 490780.0951023706584238
471 1203876.3709928046446294 1203666.4909928047563881 490989.9751023706630804 490780.0951023706584238
472 2601418.1529140425845981 2601208.2729140426963568 490989.9751023706630804 490780.0951023706584238
473 704257.4820415421854705 704047.6020415421808138 490989.9751023706630804 490780.0951023706584238
474 951205.0160455048317090 950995.1360455048270524 490989.9751023706630804 490780.0951023706584238
475 3358018.9866450615227222 3357809.1066450616344810 490989.9751023706630804 490780.0951023706584238
476 2964775.3884073225781322 2964565.5084073226898909 490989.9751023706630804 490780.0951023706584238
477 514679.5644385853665881 514469.6844385853619315 490989.9751023706630804 490780.0951023706584238
478 2359904.3388790050521493 2359694.4588790051639080 490989.9751023706630804 490780.0951023706584238
479 3724698.1996246194466949 3724488.3196246195584536 490989.9751023706630804 490780.0951023706584238
480 970479.0727912168949842 970269.1927912168903276 490989.9751023706630804 490780.0951023706584238
481 1547100.3581965223420411 1546890.4781965224537998 490989.9751023706630804 490780.0951023706584238
482 3099375.6295227664522827 3099165.7495227665640414 490989.9751023706630804 490780.0951023706584238
483 4862054.6657026028260589 4861844.7857026029378176 490989.9751023706630804 490780.0951023706584238
484 1762791.5114439118187875 1762581.6314439119305462 490989.9751023706630804 490780.0951023706584238
485 1499745.2000964968465269 1499535.3200964969582856 490989.9751023706630804 490780.0951023706584238
486 1903994.0747961169108748 1903784.1947961170226336 490989.9751023706630804 490780.0951023706584238
487 3100374.6588264042511582 3100164.7788264043629169 490989.9751023706630804 490780.0951023706584238
488 3068940.6553117223083973 3068730.7753117224201560 490989.9751023706630804 490780.0951023706584238
489 559550.2861086849588901 559340.4061086849542335 490989.9751023706630804 490780.0951023706584238
490 1161573.2262030749116093 1161363.3462030750233680 490989.9751023706630804 490780.0951023706584238
491 3838314.9533017873764038 3838105.0733017874881625 490989.9751023706630804 490780.0951023706584238
492 4214172.0363746443763375 4213962.1563746444880962 490989.9751023706630804 490780.0951023706584238
493 785475.7825782318832353 785265.9025782318785787 490989.9751023706630804 490780.0951023706584238
494 3440127.9122528303414583 3439918.0322528304532170 490989.9751023706630804 490780.0951023706584238
495 5332433.3855706825852394 5332223.5055706826969981 490989.9751023706630804 490780.0951023706584238
496 784195.8812063940567896 783986.0012063940521330 490989.9751023706630804 490780.0951023706584238
497 1091333.1346898130141199 1091123.2546898131258786 490989.9751023706630804 490780.0951023706584238
498 4502156.1061898581683636 4501946.2261898582801223 490989.9751023706630804 490780.0951023706584238
499 3062323.5275739007629454 3062113.6475739008747041 490989.9751023706630804 490780.0951023706584238
500 15375276.3715367950499058 15375066.4915367942303419 490989.9751023706630804 490780.0951023706584238
