evaluations raw_y current_y raw_y_best current_y_best
1 18358506.0570855662226677 18358296.1770855672657490 18358506.0570855662226677 18358296.1770855672657490
2 45181.7307450758526102 44971.8507450758552295 45181.7307450758526102 44971.8507450758552295
3 3969714.8499531196430326 3969504.9699531197547913 45181.7307450758526102 44971.8507450758552295
4 376719.1028966026497073 376509.2228966026450507 45181.7307450758526102 44971.8507450758552295
5 17477963.4611034095287323 17477753.5811034105718136 45181.7307450758526102 44971.8507450758552295
6 4439566.8272950798273087 4439356.9472950799390674 45181.7307450758526102 44971.8507450758552295
7 9984534.6350269187241793 9984324.7550269179046154 45181.7307450758526102 44971.8507450758552295
8 3606283.8229291732423007 3606073.9429291733540595 45181.7307450758526102 44971.8507450758552295
9 139806.7435137606225908 139596.8635137606179342 45181.7307450758526102 44971.8507450758552295
10 133635.8960022335813846 133426.0160022335767280 45181.7307450758526102 44971.8507450758552295
11 16859.0588712818280328 16649.1788712818270142 16859.0588712818280328 16649.1788712818270142
12 21952.2804680266053765 21742.4004680266043579 16859.0588712818280328 16649.1788712818270142
13 196852.6262611773272511 196642.7462611773225944 16859.0588712818280328 16649.1788712818270142
14 7343.5758091100969978 7133.6958091100968886 7343.5758091100969978 7133.6958091100968886
15 4743.4299975556286881 4533.5499975556285790 4743.4299975556286881 4533.5499975556285790
16 3441.4095876630121893 3231.5295876630120802 3441.4095876630121893 3231.5295876630120802
17 3306.1288253974694271 3096.2488253974693180 3306.1288253974694271 3096.2488253974693180
18 3410.3866119680683369 3200.5066119680682277 3306.1288253974694271 3096.2488253974693180
19 3072.1463681943987467 2862.2663681943986376 3072.1463681943987467 2862.2663681943986376
20 3723.0084649869086206 3513.1284649869085115 3072.1463681943987467 2862.2663681943986376
21 2955.4247262769281406 2745.5447262769280314 2955.4247262769281406 2745.5447262769280314
22 3742.0290805047411595 3532.1490805047410504 2955.4247262769281406 2745.5447262769280314
23 2855.3735450914932699 2645.4935450914931607 2855.3735450914932699 2645.4935450914931607
24 3228.5214956584331958 3018.6414956584330866 2855.3735450914932699 2645.4935450914931607
25 3799.2903951454159142 3589.4103951454158050 2855.3735450914932699 2645.4935450914931607
26 2837.2150387227070496 2627.3350387227069405 2837.2150387227070496 2627.3350387227069405
27 3877.3864794101664302 3667.5064794101663210 2837.2150387227070496 2627.3350387227069405
28 2915.2238764344219817 2705.3438764344218725 2837.2150387227070496 2627.3350387227069405
29 3188.3494187778769628 2978.4694187778768537 2837.2150387227070496 2627.3350387227069405
30 4000.8887031143553941 3791.0087031143552849 2837.2150387227070496 2627.3350387227069405
31 3035.6644806459635220 2825.7844806459634128 2837.2150387227070496 2627.3350387227069405
32 3278.4892548305388118 3068.6092548305387027 2837.2150387227070496 2627.3350387227069405
33 4131.7663065995920988 3921.8863065995919897 2837.2150387227070496 2627.3350387227069405
34 3109.4168861887155799 2899.5368861887154708 2837.2150387227070496 2627.3350387227069405
35 27562632.4595002941787243 27562422.5795002952218056 2837.2150387227070496 2627.3350387227069405
36 961.7102691814326363 751.8302691814326408 961.7102691814326363 751.8302691814326408
37 934.1362124311452817 724.2562124311452862 934.1362124311452817 724.2562124311452862
38 1079.1876072746076716 869.3076072746076761 934.1362124311452817 724.2562124311452862
39 791.4153803164439296 581.5353803164439341 791.4153803164439296 581.5353803164439341
40 1161.9088463433959078 952.0288463433959123 791.4153803164439296 581.5353803164439341
41 842.2859320043609159 632.4059320043609205 791.4153803164439296 581.5353803164439341
42 1201.0622258999421774 991.1822258999421820 791.4153803164439296 581.5353803164439341
43 1218.0611361495637084 1008.1811361495637129 791.4153803164439296 581.5353803164439341
44 1220.7312064219240710 1010.8512064219240756 791.4153803164439296 581.5353803164439341
45 916.9746721301830803 707.0946721301830848 791.4153803164439296 581.5353803164439341
46 1248.9990535836529943 1039.1190535836531126 791.4153803164439296 581.5353803164439341
47 1258.8755528305835014 1048.9955528305836197 791.4153803164439296 581.5353803164439341
48 1263.4164707005681976 1053.5364707005683158 791.4153803164439296 581.5353803164439341
49 1265.8956608679679903 1056.0156608679681085 791.4153803164439296 581.5353803164439341
50 1052.3611814780499571 842.4811814780499617 791.4153803164439296 581.5353803164439341
51 1293.9605437117215843 1084.0805437117214751 791.4153803164439296 581.5353803164439341
52 1306.5072154483448230 1096.6272154483449413 791.4153803164439296 581.5353803164439341
53 1314.1799079701843311 1104.2999079701844494 791.4153803164439296 581.5353803164439341
54 1318.3048854641247090 1108.4248854641245998 791.4153803164439296 581.5353803164439341
55 1326.5607819798415221 1116.6807819798414130 791.4153803164439296 581.5353803164439341
56 1335.4393542065020029 1125.5593542065021211 791.4153803164439296 581.5353803164439341
57 1168.9455266835441307 959.0655266835441353 791.4153803164439296 581.5353803164439341
58 1346.7680396891862529 1136.8880396891863711 791.4153803164439296 581.5353803164439341
59 1361.0236050066869211 1151.1436050066868120 791.4153803164439296 581.5353803164439341
60 1370.2646138085558505 1160.3846138085559687 791.4153803164439296 581.5353803164439341
61 1374.7581280995145789 1164.8781280995144698 791.4153803164439296 581.5353803164439341
62 1288.0010552485273365 1078.1210552485272274 791.4153803164439296 581.5353803164439341
63 1380.9991635748642693 1171.1191635748641602 791.4153803164439296 581.5353803164439341
64 1396.1667295958748127 1186.2867295958749310 791.4153803164439296 581.5353803164439341
65 1402.2869259172164220 1192.4069259172165403 791.4153803164439296 581.5353803164439341
66 1343.9694107529157918 1134.0894107529156827 791.4153803164439296 581.5353803164439341
67 1406.8198032277709899 1196.9398032277708808 791.4153803164439296 581.5353803164439341
68 1408.6859029236454717 1198.8059029236455899 791.4153803164439296 581.5353803164439341
69 1426.1885007128184952 1216.3085007128183861 791.4153803164439296 581.5353803164439341
70 1436.3443382448388093 1226.4643382448389275 791.4153803164439296 581.5353803164439341
71 1388.7320773953224489 1178.8520773953223397 791.4153803164439296 581.5353803164439341
72 1435.2302544466917880 1225.3502544466919062 791.4153803164439296 581.5353803164439341
73 1447.7768951802249831 1237.8968951802248739 791.4153803164439296 581.5353803164439341
74 1457.8785459365133192 1247.9985459365134375 791.4153803164439296 581.5353803164439341
75 1418.0654576306749277 1208.1854576306750459 791.4153803164439296 581.5353803164439341
76 1455.7105495031462397 1245.8305495031463579 791.4153803164439296 581.5353803164439341
77 1470.0524077774946363 1260.1724077774947546 791.4153803164439296 581.5353803164439341
78 1479.1624390831514120 1269.2824390831515302 791.4153803164439296 581.5353803164439341
79 1452.6294622106552197 1242.7494622106551105 791.4153803164439296 581.5353803164439341
80 1469.7747141621530318 1259.8947141621529227 791.4153803164439296 581.5353803164439341
81 1489.1190558842333758 1279.2390558842334940 791.4153803164439296 581.5353803164439341
82 1498.1956713935278458 1288.3156713935277367 791.4153803164439296 581.5353803164439341
83 1467.7377574665742941 1257.8577574665741849 791.4153803164439296 581.5353803164439341
84 1491.5657532358336539 1281.6857532358335447 791.4153803164439296 581.5353803164439341
85 1503.4664158475497970 1293.5864158475496879 791.4153803164439296 581.5353803164439341
86 1513.9756359599041389 1304.0956359599040297 791.4153803164439296 581.5353803164439341
87 1492.9348564563886157 1283.0548564563887339 791.4153803164439296 581.5353803164439341
88 1506.3781744334216910 1296.4981744334218092 791.4153803164439296 581.5353803164439341
89 1520.1816601072741832 1310.3016601072740741 791.4153803164439296 581.5353803164439341
90 1532.8573911446810598 1322.9773911446809507 791.4153803164439296 581.5353803164439341
91 1508.2669997562293247 1298.3869997562292156 791.4153803164439296 581.5353803164439341
92 1523.7272364570490026 1313.8472364570488935 791.4153803164439296 581.5353803164439341
93 1532.9743417931456406 1323.0943417931457589 791.4153803164439296 581.5353803164439341
94 1544.2916263840895681 1334.4116263840896863 791.4153803164439296 581.5353803164439341
95 1532.2764963490249102 1322.3964963490248010 791.4153803164439296 581.5353803164439341
96 1537.2564239313444432 1327.3764239313445614 791.4153803164439296 581.5353803164439341
97 1547.7670982425254351 1337.8870982425255534 791.4153803164439296 581.5353803164439341
98 1560.6190236242914580 1350.7390236242913488 791.4153803164439296 581.5353803164439341
99 1547.0711904548613802 1337.1911904548614984 791.4153803164439296 581.5353803164439341
100 1550.1869602438096081 1340.3069602438094989 791.4153803164439296 581.5353803164439341
