evaluations raw_y current_y raw_y_best current_y_best
1 754.8424886084249010 903.9924886084248783 754.8424886084249010 903.9924886084248783
2 448.4243291601998749 597.5743291601999090 448.4243291601998749 597.5743291601999090
3 57463.6721849966561422 57612.8221849966575974 448.4243291601998749 597.5743291601999090
4 1833.9928738497501399 1983.1428738497502309 448.4243291601998749 597.5743291601999090
5 6.6600860734024954 155.8100860734024877 6.6600860734024954 155.8100860734024877
6 679.3453340028906950 828.4953340028906723 6.6600860734024954 155.8100860734024877
7 2622.3416600897708122 2771.4916600897709031 6.6600860734024954 155.8100860734024877
8 58061.4161305070811068 58210.5661305070825620 6.6600860734024954 155.8100860734024877
9 40.7428615206146745 189.8928615206146731 6.6600860734024954 155.8100860734024877
10 36852.5444284260738641 37001.6944284260753193 6.6600860734024954 155.8100860734024877
11 1422.1932250253253187 1571.3432250253254097 6.6600860734024954 155.8100860734024877
12 20.8658460802331049 170.0158460802331035 6.6600860734024954 155.8100860734024877
13 200.9987923411441386 350.1487923411441443 6.6600860734024954 155.8100860734024877
14 1860.5270499991001998 2009.6770499991002907 6.6600860734024954 155.8100860734024877
15 28.6590455561592208 177.8090455561592194 6.6600860734024954 155.8100860734024877
16 4.1955938527765326 153.3455938527765454 4.1955938527765326 153.3455938527765454
17 5.4156408963328984 154.5656408963328943 4.1955938527765326 153.3455938527765454
18 1.2533725708512575 150.4033725708512748 1.2533725708512575 150.4033725708512748
19 5.4753678815996789 154.6253678815996864 1.2533725708512575 150.4033725708512748
20 13.8003024511022616 162.9503024511022602 1.2533725708512575 150.4033725708512748
21 10.3736181408238082 159.5236181408238281 1.2533725708512575 150.4033725708512748
22 5.6076239030717581 154.7576239030717602 1.2533725708512575 150.4033725708512748
23 11.7421671323207786 160.8921671323207931 1.2533725708512575 150.4033725708512748
24 13.4047343903289260 162.5547343903289175 1.2533725708512575 150.4033725708512748
25 91.2424190768716130 240.3924190768716187 1.2533725708512575 150.4033725708512748
26 17.5031182037959070 166.6531182037959127 1.2533725708512575 150.4033725708512748
27 0.6976354679643031 149.8476354679642952 0.6976354679643031 149.8476354679642952
28 3.9581410521817544 153.1081410521817645 0.6976354679643031 149.8476354679642952
29 8.5929680492912581 157.7429680492912780 0.6976354679643031 149.8476354679642952
30 15.8942316855976848 165.0442316855976799 0.6976354679643031 149.8476354679642952
31 7.6557951562134292 156.8057951562134349 0.6976354679643031 149.8476354679642952
32 0.6896029108062959 149.8396029108062919 0.6896029108062959 149.8396029108062919
33 15.0797118761911957 164.2297118761912031 0.6896029108062959 149.8396029108062919
34 10.9207992381361407 160.0707992381361464 0.6896029108062959 149.8396029108062919
35 15.5189107315335306 164.6689107315335434 0.6896029108062959 149.8396029108062919
36 9.9008091724901846 159.0508091724901760 0.6896029108062959 149.8396029108062919
37 9.0943409051686874 158.2443409051686842 0.6896029108062959 149.8396029108062919
38 1.4075746688060053 150.5575746688060121 0.6896029108062959 149.8396029108062919
39 12.9668838708356606 162.1168838708356645 0.6896029108062959 149.8396029108062919
40 9.2399041596290719 158.3899041596290829 0.6896029108062959 149.8396029108062919
41 17.3701532019672804 166.5201532019672754 0.6896029108062959 149.8396029108062919
42 10.9880691480371286 160.1380691480371468 0.6896029108062959 149.8396029108062919
43 11.5755029851247961 160.7255029851247912 0.6896029108062959 149.8396029108062919
44 2.0897965764547539 151.2397965764547507 0.6896029108062959 149.8396029108062919
45 15.5324209688718522 164.6824209688718668 0.6896029108062959 149.8396029108062919
46 12.3131163420569116 161.4631163420569067 0.6896029108062959 149.8396029108062919
47 13.5399905967770469 162.6899905967770508 0.6896029108062959 149.8396029108062919
48 15.6476074932736822 164.7976074932736879 0.6896029108062959 149.8396029108062919
49 2.5251040151674427 151.6751040151674488 0.6896029108062959 149.8396029108062919
50 9.0231797209325517 158.1731797209325521 0.6896029108062959 149.8396029108062919
51 551.6098640298801001 700.7598640298800774 0.6896029108062959 149.8396029108062919
52 22.6930417963750131 171.8430417963750187 0.6896029108062959 149.8396029108062919
53 2.0618035808295638 151.2118035808295815 0.6896029108062959 149.8396029108062919
54 13.3423976693999506 162.4923976693999634 0.6896029108062959 149.8396029108062919
55 13.9874432561335365 163.1374432561335368 0.6896029108062959 149.8396029108062919
56 2.5519433850823048 151.7019433850823020 0.6896029108062959 149.8396029108062919
57 28.8415492695925799 177.9915492695925820 0.6896029108062959 149.8396029108062919
58 3.7220312688362189 152.8720312688362242 0.6896029108062959 149.8396029108062919
59 8.2253760089137895 157.3753760089138041 0.6896029108062959 149.8396029108062919
60 13.4462979366991320 162.5962979366991306 0.6896029108062959 149.8396029108062919
61 14.3823874375907526 163.5323874375907565 0.6896029108062959 149.8396029108062919
62 11.9778812935391805 161.1278812935391898 0.6896029108062959 149.8396029108062919
63 17.6779012417310497 166.8279012417310696 0.6896029108062959 149.8396029108062919
64 2.5961386251036371 151.7461386251036402 0.6896029108062959 149.8396029108062919
65 8.4408314873943002 157.5908314873942970 0.6896029108062959 149.8396029108062919
66 3.6004428723580326 152.7504428723580361 0.6896029108062959 149.8396029108062919
67 13.6884495408889073 162.8384495408889165 0.6896029108062959 149.8396029108062919
68 14.0536777573923253 163.2036777573923416 0.6896029108062959 149.8396029108062919
69 20.2534568036108240 169.4034568036108226 0.6896029108062959 149.8396029108062919
70 2.4447153199077545 151.5947153199077491 0.6896029108062959 149.8396029108062919
71 15.2512711469933819 164.4012711469933947 0.6896029108062959 149.8396029108062919
72 8.6415524124894496 157.7915524124894660 0.6896029108062959 149.8396029108062919
73 66.0580770457216175 215.2080770457216090 0.6896029108062959 149.8396029108062919
74 13.3398062125854224 162.4898062125854210 0.6896029108062959 149.8396029108062919
75 19.5732931227553415 168.7232931227553365 0.6896029108062959 149.8396029108062919
76 2.3015739234201322 151.4515739234201419 0.6896029108062959 149.8396029108062919
77 10.6197532676278108 159.7697532676278058 0.6896029108062959 149.8396029108062919
78 4.1108941913541130 153.2608941913541116 0.6896029108062959 149.8396029108062919
79 1.7575687810842688 150.9075687810842794 0.6896029108062959 149.8396029108062919
80 4.4612645766382233 153.6112645766382343 0.6896029108062959 149.8396029108062919
81 9.8959337872515931 159.0459337872516130 0.6896029108062959 149.8396029108062919
82 17.7273276187998974 166.8773276187999102 0.6896029108062959 149.8396029108062919
83 1.7361346955408019 150.8861346955408180 0.6896029108062959 149.8396029108062919
84 8.3325193143171497 157.4825193143171589 0.6896029108062959 149.8396029108062919
85 3.6173973565949953 152.7673973565950121 0.6896029108062959 149.8396029108062919
86 0.7956428761960705 149.9456428761960751 0.6896029108062959 149.8396029108062919
87 1.6993770642034767 150.8493770642034804 0.6896029108062959 149.8396029108062919
88 3.3652407900641159 152.5152407900641265 0.6896029108062959 149.8396029108062919
89 1.1030316570705354 150.2530316570705509 0.6896029108062959 149.8396029108062919
90 25.2772542937551528 174.4272542937551691 0.6896029108062959 149.8396029108062919
91 3.2668313400891567 152.4168313400891748 0.6896029108062959 149.8396029108062919
92 1.6345529845950089 150.7845529845950239 0.6896029108062959 149.8396029108062919
93 1.5399198892698462 150.6899198892698450 0.6896029108062959 149.8396029108062919
94 2.6923897286573104 151.8423897286573094 0.6896029108062959 149.8396029108062919
95 5.1779809151069021 154.3279809151069060 0.6896029108062959 149.8396029108062919
96 1.6388479202200070 150.7888479202200074 0.6896029108062959 149.8396029108062919
97 2.6163870009651991 151.7663870009652101 0.6896029108062959 149.8396029108062919
98 8.2150951348062442 157.3650951348062392 0.6896029108062959 149.8396029108062919
99 1.6658696871170529 150.8158696871170719 0.6896029108062959 149.8396029108062919
100 4.1183306939374820 153.2683306939374859 0.6896029108062959 149.8396029108062919
