evaluations raw_y current_y raw_y_best current_y_best
1 49228307.5879560112953186 49228097.7079560086131096 49228307.5879560112953186 49228097.7079560086131096
2 9624720.2452751360833645 9624510.3652751352638006 9624720.2452751360833645 9624510.3652751352638006
3 20601287.7115315943956375 20601077.8315315954387188 9624720.2452751360833645 9624510.3652751352638006
4 55167413.3327898979187012 55167203.4527898952364922 9624720.2452751360833645 9624510.3652751352638006
5 6431009.5189746795222163 6430799.6389746796339750 6431009.5189746795222163 6430799.6389746796339750
6 42890179.3764224946498871 42889969.4964224919676781 6431009.5189746795222163 6430799.6389746796339750
7 15225304.5755543299019337 15225094.6955543290823698 6431009.5189746795222163 6430799.6389746796339750
8 12139255.4404726251959801 12139045.5604726243764162 6431009.5189746795222163 6430799.6389746796339750
9 2166905.3013931838795543 2166695.4213931839913130 2166905.3013931838795543 2166695.4213931839913130
10 4790019.4054106725379825 4789809.5254106726497412 2166905.3013931838795543 2166695.4213931839913130
11 6434811.0374726699665189 6434601.1574726700782776 2166905.3013931838795543 2166695.4213931839913130
12 4182958.0183059265837073 4182748.1383059266954660 2166905.3013931838795543 2166695.4213931839913130
13 7725027.0618085004389286 7724817.1818085005506873 2166905.3013931838795543 2166695.4213931839913130
14 7706619.6992060998454690 7706409.8192060999572277 2166905.3013931838795543 2166695.4213931839913130
15 11268707.3671282455325127 11268497.4871282447129488 2166905.3013931838795543 2166695.4213931839913130
16 5751573.2360684601590037 5751363.3560684602707624 2166905.3013931838795543 2166695.4213931839913130
17 4711077.5237595494836569 4710867.6437595495954156 2166905.3013931838795543 2166695.4213931839913130
18 6954241.9722565850242972 6954032.0922565851360559 2166905.3013931838795543 2166695.4213931839913130
19 2777105.7646311614662409 2776895.8846311615779996 2166905.3013931838795543 2166695.4213931839913130
20 6442621.5698738088831306 6442411.6898738089948893 2166905.3013931838795543 2166695.4213931839913130
21 8551652.3519507795572281 8551442.4719507787376642 2166905.3013931838795543 2166695.4213931839913130
22 2384651.7530295029282570 2384441.8730295030400157 2166905.3013931838795543 2166695.4213931839913130
23 2237504.7649479368701577 2237294.8849479369819164 2166905.3013931838795543 2166695.4213931839913130
24 2786728.1583730345591903 2786518.2783730346709490 2166905.3013931838795543 2166695.4213931839913130
25 2438648.9387426609173417 2438439.0587426610291004 2166905.3013931838795543 2166695.4213931839913130
26 22948193.1023630052804947 22947983.2223630063235760 2166905.3013931838795543 2166695.4213931839913130
27 5829707.6760633923113346 5829497.7960633924230933 2166905.3013931838795543 2166695.4213931839913130
28 15951052.0806821156293154 15950842.2006821148097515 2166905.3013931838795543 2166695.4213931839913130
29 3186450.7739053028635681 3186240.8939053029753268 2166905.3013931838795543 2166695.4213931839913130
30 4129005.9383556554093957 4128796.0583556555211544 2166905.3013931838795543 2166695.4213931839913130
31 2711443.0778460474684834 2711233.1978460475802422 2166905.3013931838795543 2166695.4213931839913130
32 2304567.6036821324378252 2304357.7236821325495839 2166905.3013931838795543 2166695.4213931839913130
33 2307741.1322412444278598 2307531.2522412445396185 2166905.3013931838795543 2166695.4213931839913130
34 2243136.7686199471354485 2242926.8886199472472072 2166905.3013931838795543 2166695.4213931839913130
35 3374524.6752931224182248 3374314.7952931225299835 2166905.3013931838795543 2166695.4213931839913130
36 8378535.8617917336523533 8378325.9817917337641120 2166905.3013931838795543 2166695.4213931839913130
37 3408013.5554693550802767 3407803.6754693551920354 2166905.3013931838795543 2166695.4213931839913130
38 2710618.0165215749293566 2710408.1365215750411153 2166905.3013931838795543 2166695.4213931839913130
39 3888340.4951475025154650 3888130.6151475026272237 2166905.3013931838795543 2166695.4213931839913130
40 2579431.6249066069722176 2579221.7449066070839763 2166905.3013931838795543 2166695.4213931839913130
41 1913953.6444456430617720 1913743.7644456431735307 1913953.6444456430617720 1913743.7644456431735307
42 3415286.3593424344435334 3415076.4793424345552921 1913953.6444456430617720 1913743.7644456431735307
43 2329083.9614790058694780 2328874.0814790059812367 1913953.6444456430617720 1913743.7644456431735307
44 23198050.8072345182299614 23197840.9272345192730427 1913953.6444456430617720 1913743.7644456431735307
45 2442692.5751320756971836 2442482.6951320758089423 1913953.6444456430617720 1913743.7644456431735307
46 3468547.6216873014345765 3468337.7416873015463352 1913953.6444456430617720 1913743.7644456431735307
47 2093348.2981078741140664 2093138.4181078742258251 1913953.6444456430617720 1913743.7644456431735307
48 3613769.8241790342144668 3613559.9441790343262255 1913953.6444456430617720 1913743.7644456431735307
49 4607180.9613306913524866 4606971.0813306914642453 1913953.6444456430617720 1913743.7644456431735307
50 3318990.0642794258892536 3318780.1842794260010123 1913953.6444456430617720 1913743.7644456431735307
51 3772478.6487545347772539 3772268.7687545348890126 1913953.6444456430617720 1913743.7644456431735307
52 2032587.0351919846143574 2032377.1551919847261161 1913953.6444456430617720 1913743.7644456431735307
53 3845111.5307440683245659 3844901.6507440684363246 1913953.6444456430617720 1913743.7644456431735307
54 3707689.0262847198173404 3707479.1462847199290991 1913953.6444456430617720 1913743.7644456431735307
55 3186976.7634395849891007 3186766.8834395851008594 1913953.6444456430617720 1913743.7644456431735307
56 2046319.4785732505843043 2046109.5985732506960630 1913953.6444456430617720 1913743.7644456431735307
57 2394492.6192317879758775 2394282.7392317880876362 1913953.6444456430617720 1913743.7644456431735307
58 2418510.3823680519126356 2418300.5023680520243943 1913953.6444456430617720 1913743.7644456431735307
59 2241245.1282551656477153 2241035.2482551657594740 1913953.6444456430617720 1913743.7644456431735307
60 4155331.6447204691357911 4155121.7647204692475498 1913953.6444456430617720 1913743.7644456431735307
61 2149378.1880596657283604 2149168.3080596658401191 1913953.6444456430617720 1913743.7644456431735307
62 10976959.0320725739002228 10976749.1520725730806589 1913953.6444456430617720 1913743.7644456431735307
63 2760346.7507095509208739 2760136.8707095510326326 1913953.6444456430617720 1913743.7644456431735307
64 5795727.6790023278445005 5795517.7990023279562593 1913953.6444456430617720 1913743.7644456431735307
65 2035609.9626248979475349 2035400.0826248980592936 1913953.6444456430617720 1913743.7644456431735307
66 2225340.6439165589399636 2225130.7639165590517223 1913953.6444456430617720 1913743.7644456431735307
67 2295490.2345243580639362 2295280.3545243581756949 1913953.6444456430617720 1913743.7644456431735307
68 2422803.6676353705115616 2422593.7876353706233203 1913953.6444456430617720 1913743.7644456431735307
69 2380149.3745116586796939 2379939.4945116587914526 1913953.6444456430617720 1913743.7644456431735307
70 9087034.7030806075781584 9086824.8230806067585945 1913953.6444456430617720 1913743.7644456431735307
71 6098110.9750903621315956 6097901.0950903622433543 1913953.6444456430617720 1913743.7644456431735307
72 3989917.7882459498941898 3989707.9082459500059485 1913953.6444456430617720 1913743.7644456431735307
73 5316850.5777572272345424 5316640.6977572273463011 1913953.6444456430617720 1913743.7644456431735307
74 2652707.8853153204545379 2652498.0053153205662966 1913953.6444456430617720 1913743.7644456431735307
75 2521392.3392662066034973 2521182.4592662067152560 1913953.6444456430617720 1913743.7644456431735307
76 2369837.3860003310255706 2369627.5060003311373293 1913953.6444456430617720 1913743.7644456431735307
77 2775563.9092036662623286 2775354.0292036663740873 1913953.6444456430617720 1913743.7644456431735307
78 2132695.9295853343792260 2132486.0495853344909847 1913953.6444456430617720 1913743.7644456431735307
79 2830859.1863444610498846 2830649.3063444611616433 1913953.6444456430617720 1913743.7644456431735307
80 2457557.3448081873357296 2457347.4648081874474883 1913953.6444456430617720 1913743.7644456431735307
81 3791859.3943575187586248 3791649.5143575188703835 1913953.6444456430617720 1913743.7644456431735307
82 2661089.6056717443279922 2660879.7256717444397509 1913953.6444456430617720 1913743.7644456431735307
83 11964912.4860920384526253 11964702.6060920376330614 1913953.6444456430617720 1913743.7644456431735307
84 4016592.8325763600878417 4016382.9525763601996005 1913953.6444456430617720 1913743.7644456431735307
85 2663291.5381760988384485 2663081.6581760989502072 1913953.6444456430617720 1913743.7644456431735307
86 4303327.8384608831256628 4303117.9584608832374215 1913953.6444456430617720 1913743.7644456431735307
87 5346587.8432480962947011 5346377.9632480964064598 1913953.6444456430617720 1913743.7644456431735307
88 2414360.9254893800243735 2414151.0454893801361322 1913953.6444456430617720 1913743.7644456431735307
89 2532727.4356561205349863 2532517.5556561206467450 1913953.6444456430617720 1913743.7644456431735307
90 2817192.9445814713835716 2816983.0645814714953303 1913953.6444456430617720 1913743.7644456431735307
91 2717002.8003784958273172 2716792.9203784959390759 1913953.6444456430617720 1913743.7644456431735307
92 2087915.0684825531207025 2087705.1884825532324612 1913953.6444456430617720 1913743.7644456431735307
93 2505478.0329801617190242 2505268.1529801618307829 1913953.6444456430617720 1913743.7644456431735307
94 4654315.8115357765927911 4654105.9315357767045498 1913953.6444456430617720 1913743.7644456431735307
95 3954576.3392051486298442 3954366.4592051487416029 1913953.6444456430617720 1913743.7644456431735307
96 2663368.8792571709491313 2663158.9992571710608900 1913953.6444456430617720 1913743.7644456431735307
97 2241253.3009680225513875 2241043.4209680226631463 1913953.6444456430617720 1913743.7644456431735307
98 3843499.0158443609252572 3843289.1358443610370159 1913953.6444456430617720 1913743.7644456431735307
99 2563996.7788942558690906 2563786.8988942559808493 1913953.6444456430617720 1913743.7644456431735307
100 2190614.6744306855835021 2190404.7944306856952608 1913953.6444456430617720 1913743.7644456431735307
101 2214899.3152138250879943 2214689.4352138251997530 1913953.6444456430617720 1913743.7644456431735307
102 9179214.0592990778386593 9179004.1792990770190954 1913953.6444456430617720 1913743.7644456431735307
103 6049547.5397845720872283 6049337.6597845721989870 1913953.6444456430617720 1913743.7644456431735307
104 13731855.3329602107405663 13731645.4529602099210024 1913953.6444456430617720 1913743.7644456431735307
105 6883294.2870698189362884 6883084.4070698190480471 1913953.6444456430617720 1913743.7644456431735307
106 3833524.4586075074039400 3833314.5786075075156987 1913953.6444456430617720 1913743.7644456431735307
107 5745096.9068089704960585 5744887.0268089706078172 1913953.6444456430617720 1913743.7644456431735307
108 7184998.7891987841576338 7184788.9091987842693925 1913953.6444456430617720 1913743.7644456431735307
109 3603194.7051863106898963 3602984.8251863108016551 1913953.6444456430617720 1913743.7644456431735307
110 6544485.9402150390669703 6544276.0602150391787291 1913953.6444456430617720 1913743.7644456431735307
111 8720461.2550525255501270 8720251.3750525247305632 1913953.6444456430617720 1913743.7644456431735307
112 2398697.6427469509653747 2398487.7627469510771334 1913953.6444456430617720 1913743.7644456431735307
113 4895550.5823769094422460 4895340.7023769095540047 1913953.6444456430617720 1913743.7644456431735307
114 9850262.2907507941126823 9850052.4107507932931185 1913953.6444456430617720 1913743.7644456431735307
115 2169383.8677930487319827 2169173.9877930488437414 1913953.6444456430617720 1913743.7644456431735307
116 2205573.2832294679246843 2205363.4032294680364430 1913953.6444456430617720 1913743.7644456431735307
117 2229388.7074695262126625 2229178.8274695263244212 1913953.6444456430617720 1913743.7644456431735307
118 4415525.3855138551443815 4415315.5055138552561402 1913953.6444456430617720 1913743.7644456431735307
119 2400947.6897228942252696 2400737.8097228943370283 1913953.6444456430617720 1913743.7644456431735307
120 2426266.6265681153163314 2426056.7465681154280901 1913953.6444456430617720 1913743.7644456431735307
121 2043420.3771157360170037 2043210.4971157361287624 1913953.6444456430617720 1913743.7644456431735307
122 7134161.9576680846512318 7133952.0776680847629905 1913953.6444456430617720 1913743.7644456431735307
123 2823129.1872904673218727 2822919.3072904674336314 1913953.6444456430617720 1913743.7644456431735307
124 2158583.2389966626651585 2158373.3589966627769172 1913953.6444456430617720 1913743.7644456431735307
125 3906429.9325246084481478 3906220.0525246085599065 1913953.6444456430617720 1913743.7644456431735307
126 2333899.1889593475498259 2333689.3089593476615846 1913953.6444456430617720 1913743.7644456431735307
127 1979971.1532533643767238 1979761.2732533644884825 1913953.6444456430617720 1913743.7644456431735307
128 2613151.6487966435961425 2612941.7687966437079012 1913953.6444456430617720 1913743.7644456431735307
129 2147676.9324901839718223 2147467.0524901840835810 1913953.6444456430617720 1913743.7644456431735307
130 3066795.1242422792129219 3066585.2442422793246806 1913953.6444456430617720 1913743.7644456431735307
131 1991068.4936978318728507 1990858.6136978319846094 1913953.6444456430617720 1913743.7644456431735307
132 4646105.1079615131020546 4645895.2279615132138133 1913953.6444456430617720 1913743.7644456431735307
133 2465944.4518252713605762 2465734.5718252714723349 1913953.6444456430617720 1913743.7644456431735307
134 2075177.7317542859818786 2074967.8517542860936373 1913953.6444456430617720 1913743.7644456431735307
135 2703831.3680639215745032 2703621.4880639216862619 1913953.6444456430617720 1913743.7644456431735307
136 2850032.1248210491612554 2849822.2448210492730141 1913953.6444456430617720 1913743.7644456431735307
137 1964593.0151456247549504 1964383.1351456248667091 1913953.6444456430617720 1913743.7644456431735307
138 2497675.7093910914845765 2497465.8293910915963352 1913953.6444456430617720 1913743.7644456431735307
139 2096380.6269768981728703 2096170.7469768982846290 1913953.6444456430617720 1913743.7644456431735307
140 2439620.0622186507098377 2439410.1822186508215964 1913953.6444456430617720 1913743.7644456431735307
141 2170380.2879173872061074 2170170.4079173873178661 1913953.6444456430617720 1913743.7644456431735307
142 2299337.3096432713791728 2299127.4296432714909315 1913953.6444456430617720 1913743.7644456431735307
143 2097323.5723392451182008 2097113.6923392452299595 1913953.6444456430617720 1913743.7644456431735307
144 4880769.0866455836221576 4880559.2066455837339163 1913953.6444456430617720 1913743.7644456431735307
145 2127720.3568216613493860 2127510.4768216614611447 1913953.6444456430617720 1913743.7644456431735307
146 2799709.0589041691273451 2799499.1789041692391038 1913953.6444456430617720 1913743.7644456431735307
147 2102593.1316518336534500 2102383.2516518337652087 1913953.6444456430617720 1913743.7644456431735307
148 6694416.8671391364187002 6694206.9871391365304589 1913953.6444456430617720 1913743.7644456431735307
149 2092635.1770896825473756 2092425.2970896826591343 1913953.6444456430617720 1913743.7644456431735307
150 2563605.2654275745153427 2563395.3854275746271014 1913953.6444456430617720 1913743.7644456431735307
151 2087516.1565190877299756 2087306.2765190878417343 1913953.6444456430617720 1913743.7644456431735307
152 6629375.3395732510834932 6629165.4595732511952519 1913953.6444456430617720 1913743.7644456431735307
153 2294756.9537633792497218 2294547.0737633793614805 1913953.6444456430617720 1913743.7644456431735307
154 2253218.7414624756202102 2253008.8614624757319689 1913953.6444456430617720 1913743.7644456431735307
155 2215379.6934547540731728 2215169.8134547541849315 1913953.6444456430617720 1913743.7644456431735307
156 3540479.9354786537587643 3540270.0554786538705230 1913953.6444456430617720 1913743.7644456431735307
157 1948172.5694295268040150 1947962.6894295269157737 1913953.6444456430617720 1913743.7644456431735307
158 3505158.4005494527518749 3504948.5205494528636336 1913953.6444456430617720 1913743.7644456431735307
159 2371050.7789855198934674 2370840.8989855200052261 1913953.6444456430617720 1913743.7644456431735307
160 1282482.6129759903997183 1282272.7329759905114770 1282482.6129759903997183 1282272.7329759905114770
161 1712671.9447598641272634 1712462.0647598642390221 1282482.6129759903997183 1282272.7329759905114770
162 6527185.0968179153278470 6526975.2168179154396057 1282482.6129759903997183 1282272.7329759905114770
163 10264068.5519441179931164 10263858.6719441171735525 1282482.6129759903997183 1282272.7329759905114770
164 6748216.8589564813300967 6748006.9789564814418554 1282482.6129759903997183 1282272.7329759905114770
165 4281893.3000637898221612 4281683.4200637899339199 1282482.6129759903997183 1282272.7329759905114770
166 7655642.0059464275836945 7655432.1259464276954532 1282482.6129759903997183 1282272.7329759905114770
167 3491522.7058268664404750 3491312.8258268665522337 1282482.6129759903997183 1282272.7329759905114770
168 2950675.9794097375124693 2950466.0994097376242280 1282482.6129759903997183 1282272.7329759905114770
169 4408530.0940640075132251 4408320.2140640076249838 1282482.6129759903997183 1282272.7329759905114770
170 3316555.8638162557035685 3316345.9838162558153272 1282482.6129759903997183 1282272.7329759905114770
171 5322718.1705362023785710 5322508.2905362024903297 1282482.6129759903997183 1282272.7329759905114770
172 26236595.7878191992640495 26236385.9078192003071308 1282482.6129759903997183 1282272.7329759905114770
173 1814007.2110113152302802 1813797.3310113153420389 1282482.6129759903997183 1282272.7329759905114770
174 6088362.5489052683115005 6088152.6689052684232593 1282482.6129759903997183 1282272.7329759905114770
175 3942906.2779945260845125 3942696.3979945261962712 1282482.6129759903997183 1282272.7329759905114770
176 10207970.7321363389492035 10207760.8521363381296396 1282482.6129759903997183 1282272.7329759905114770
177 3605930.2679833774454892 3605720.3879833775572479 1282482.6129759903997183 1282272.7329759905114770
178 7604164.4453946603462100 7603954.5653946604579687 1282482.6129759903997183 1282272.7329759905114770
179 6182133.8776069749146700 6181923.9976069750264287 1282482.6129759903997183 1282272.7329759905114770
180 4192007.4099734514020383 4191797.5299734515137970 1282482.6129759903997183 1282272.7329759905114770
181 10456589.1478976272046566 10456379.2678976263850927 1282482.6129759903997183 1282272.7329759905114770
182 11597129.0118359513580799 11596919.1318359505385160 1282482.6129759903997183 1282272.7329759905114770
183 4507361.3461888376623392 4507151.4661888377740979 1282482.6129759903997183 1282272.7329759905114770
184 3697206.6873726043850183 3696996.8073726044967771 1282482.6129759903997183 1282272.7329759905114770
185 6695055.8825412597507238 6694846.0025412598624825 1282482.6129759903997183 1282272.7329759905114770
186 5277333.7058285996317863 5277123.8258285997435451 1282482.6129759903997183 1282272.7329759905114770
187 8118451.0819316068664193 8118241.2019316069781780 1282482.6129759903997183 1282272.7329759905114770
188 6628279.2952002724632621 6628069.4152002725750208 1282482.6129759903997183 1282272.7329759905114770
189 5575740.7509674485772848 5575530.8709674486890435 1282482.6129759903997183 1282272.7329759905114770
190 2211403.5891092969104648 2211193.7091092970222235 1282482.6129759903997183 1282272.7329759905114770
191 3261843.0874137571081519 3261633.2074137572199106 1282482.6129759903997183 1282272.7329759905114770
192 4531532.7059306511655450 4531322.8259306512773037 1282482.6129759903997183 1282272.7329759905114770
193 8328652.0115497475489974 8328442.1315497476607561 1282482.6129759903997183 1282272.7329759905114770
194 8095572.8475249139592052 8095362.9675249140709639 1282482.6129759903997183 1282272.7329759905114770
195 7759459.2315103802829981 7759249.3515103803947568 1282482.6129759903997183 1282272.7329759905114770
196 3294748.9349071625620127 3294539.0549071626737714 1282482.6129759903997183 1282272.7329759905114770
197 2020545.1700648250989616 2020335.2900648252107203 1282482.6129759903997183 1282272.7329759905114770
198 2571171.7219002684578300 2570961.8419002685695887 1282482.6129759903997183 1282272.7329759905114770
199 11702617.5537564121186733 11702407.6737564112991095 1282482.6129759903997183 1282272.7329759905114770
200 2957780.8408746048808098 2957570.9608746049925685 1282482.6129759903997183 1282272.7329759905114770
201 9493001.3902306724339724 9492791.5102306716144085 1282482.6129759903997183 1282272.7329759905114770
202 2421185.8167599788866937 2420975.9367599789984524 1282482.6129759903997183 1282272.7329759905114770
203 6016155.2230313578620553 6015945.3430313579738140 1282482.6129759903997183 1282272.7329759905114770
204 3609451.6360767660662532 3609241.7560767661780119 1282482.6129759903997183 1282272.7329759905114770
205 3566616.5886419573798776 3566406.7086419574916363 1282482.6129759903997183 1282272.7329759905114770
206 4348887.7259111199527979 4348677.8459111200645566 1282482.6129759903997183 1282272.7329759905114770
207 8129566.6922215223312378 8129356.8122215224429965 1282482.6129759903997183 1282272.7329759905114770
208 2146065.2322497321292758 2145855.3522497322410345 1282482.6129759903997183 1282272.7329759905114770
209 2614321.9608914232812822 2614112.0808914233930409 1282482.6129759903997183 1282272.7329759905114770
210 13135636.2801369465887547 13135426.4001369457691908 1282482.6129759903997183 1282272.7329759905114770
211 4481588.9205295117571950 4481379.0405295118689537 1282482.6129759903997183 1282272.7329759905114770
212 1456338.5521905005443841 1456128.6721905006561428 1282482.6129759903997183 1282272.7329759905114770
213 3588191.2444228869862854 3587981.3644228870980442 1282482.6129759903997183 1282272.7329759905114770
214 3073672.6987471692264080 3073462.8187471693381667 1282482.6129759903997183 1282272.7329759905114770
215 5711617.8001505564898252 5711407.9201505566015840 1282482.6129759903997183 1282272.7329759905114770
216 3323332.0724598402157426 3323122.1924598403275013 1282482.6129759903997183 1282272.7329759905114770
217 4866849.6254370519891381 4866639.7454370521008968 1282482.6129759903997183 1282272.7329759905114770
218 2637867.7674427214078605 2637657.8874427215196192 1282482.6129759903997183 1282272.7329759905114770
219 4600271.4491084357723594 4600061.5691084358841181 1282482.6129759903997183 1282272.7329759905114770
220 2674368.3544369614683092 2674158.4744369615800679 1282482.6129759903997183 1282272.7329759905114770
221 4274348.0588186755776405 4274138.1788186756893992 1282482.6129759903997183 1282272.7329759905114770
222 7032256.6729395948350430 7032046.7929395949468017 1282482.6129759903997183 1282272.7329759905114770
223 3923011.6018439512699842 3922801.7218439513817430 1282482.6129759903997183 1282272.7329759905114770
224 2372984.9215404721908271 2372775.0415404723025858 1282482.6129759903997183 1282272.7329759905114770
225 3891467.9932510210201144 3891258.1132510211318731 1282482.6129759903997183 1282272.7329759905114770
226 2316081.7717469483613968 2315871.8917469484731555 1282482.6129759903997183 1282272.7329759905114770
227 11213404.0778104327619076 11213194.1978104319423437 1282482.6129759903997183 1282272.7329759905114770
228 4407081.6561038848012686 4406871.7761038849130273 1282482.6129759903997183 1282272.7329759905114770
229 1961615.4490781594067812 1961405.5690781595185399 1282482.6129759903997183 1282272.7329759905114770
230 5996672.1125848582014441 5996462.2325848583132029 1282482.6129759903997183 1282272.7329759905114770
231 8562728.0899565853178501 8562518.2099565844982862 1282482.6129759903997183 1282272.7329759905114770
232 3231638.5563921499997377 3231428.6763921501114964 1282482.6129759903997183 1282272.7329759905114770
233 4673390.6617608675733209 4673180.7817608676850796 1282482.6129759903997183 1282272.7329759905114770
234 3712595.5969811934046447 3712385.7169811935164034 1282482.6129759903997183 1282272.7329759905114770
235 5596918.3546058265492320 5596708.4746058266609907 1282482.6129759903997183 1282272.7329759905114770
236 3040237.8300383375026286 3040027.9500383376143873 1282482.6129759903997183 1282272.7329759905114770
237 6243391.8518578503280878 6243181.9718578504398465 1282482.6129759903997183 1282272.7329759905114770
238 16031590.9785533566027880 16031381.0985533557832241 1282482.6129759903997183 1282272.7329759905114770
239 12307842.6883649434894323 12307632.8083649426698685 1282482.6129759903997183 1282272.7329759905114770
240 7223416.6629801960662007 7223206.7829801961779594 1282482.6129759903997183 1282272.7329759905114770
241 6558342.8382783187553287 6558132.9582783188670874 1282482.6129759903997183 1282272.7329759905114770
242 13567014.0788379013538361 13566804.1988379005342722 1282482.6129759903997183 1282272.7329759905114770
243 7479038.6975585352629423 7478828.8175585353747010 1282482.6129759903997183 1282272.7329759905114770
244 3169440.2012801985256374 3169230.3212801986373961 1282482.6129759903997183 1282272.7329759905114770
245 10667528.0334516130387783 10667318.1534516122192144 1282482.6129759903997183 1282272.7329759905114770
246 4522127.3699412178248167 4521917.4899412179365754 1282482.6129759903997183 1282272.7329759905114770
247 6956911.1001999508589506 6956701.2201999509707093 1282482.6129759903997183 1282272.7329759905114770
248 2607103.7999607119709253 2606893.9199607120826840 1282482.6129759903997183 1282272.7329759905114770
249 2418750.7226784368976951 2418540.8426784370094538 1282482.6129759903997183 1282272.7329759905114770
250 3793576.9185111587867141 3793367.0385111588984728 1282482.6129759903997183 1282272.7329759905114770
251 6224078.0578234959393740 6223868.1778234960511327 1282482.6129759903997183 1282272.7329759905114770
252 4823251.8972933599725366 4823042.0172933600842953 1282482.6129759903997183 1282272.7329759905114770
253 3293944.8237624559551477 3293734.9437624560669065 1282482.6129759903997183 1282272.7329759905114770
254 10220277.5846431609243155 10220067.7046431601047516 1282482.6129759903997183 1282272.7329759905114770
255 2406109.7275393065065145 2405899.8475393066182733 1282482.6129759903997183 1282272.7329759905114770
256 6872382.0617179740220308 6872172.1817179741337895 1282482.6129759903997183 1282272.7329759905114770
257 1882218.4961122646927834 1882008.6161122648045421 1282482.6129759903997183 1282272.7329759905114770
258 9257065.4587394073605537 9256855.5787394065409899 1282482.6129759903997183 1282272.7329759905114770
259 5885807.9509717822074890 5885598.0709717823192477 1282482.6129759903997183 1282272.7329759905114770
260 2341675.6084927320480347 2341465.7284927321597934 1282482.6129759903997183 1282272.7329759905114770
261 3467734.8202278986573219 3467524.9402278987690806 1282482.6129759903997183 1282272.7329759905114770
262 3348737.7832018048502505 3348527.9032018049620092 1282482.6129759903997183 1282272.7329759905114770
263 12351663.7770173810422421 12351453.8970173802226782 1282482.6129759903997183 1282272.7329759905114770
264 3310037.6751655093394220 3309827.7951655094511807 1282482.6129759903997183 1282272.7329759905114770
265 3452141.6360642234794796 3451931.7560642235912383 1282482.6129759903997183 1282272.7329759905114770
266 4025349.6564159654080868 4025139.7764159655198455 1282482.6129759903997183 1282272.7329759905114770
267 14131765.4903619959950447 14131555.6103619951754808 1282482.6129759903997183 1282272.7329759905114770
268 3480397.9291360080242157 3480188.0491360081359744 1282482.6129759903997183 1282272.7329759905114770
269 3313137.7513799318112433 3312927.8713799319230020 1282482.6129759903997183 1282272.7329759905114770
270 2760308.2086772872135043 2760098.3286772873252630 1282482.6129759903997183 1282272.7329759905114770
271 4290625.9354347810149193 4290416.0554347811266780 1282482.6129759903997183 1282272.7329759905114770
272 3534002.3799290689639747 3533792.4999290690757334 1282482.6129759903997183 1282272.7329759905114770
273 4643602.4850458577275276 4643392.6050458578392863 1282482.6129759903997183 1282272.7329759905114770
274 5401836.0533803608268499 5401626.1733803609386086 1282482.6129759903997183 1282272.7329759905114770
275 6686132.7253346247598529 6685922.8453346248716116 1282482.6129759903997183 1282272.7329759905114770
276 2748129.8599375244230032 2747919.9799375245347619 1282482.6129759903997183 1282272.7329759905114770
277 1684043.5051565913017839 1683833.6251565914135426 1282482.6129759903997183 1282272.7329759905114770
278 5261585.6162964189425111 5261375.7362964190542698 1282482.6129759903997183 1282272.7329759905114770
279 8302914.1589102428406477 8302704.2789102429524064 1282482.6129759903997183 1282272.7329759905114770
280 4136710.6486168298870325 4136500.7686168299987912 1282482.6129759903997183 1282272.7329759905114770
281 2176998.0139535944908857 2176788.1339535946026444 1282482.6129759903997183 1282272.7329759905114770
282 2057353.0522830376867205 2057143.1722830377984792 1282482.6129759903997183 1282272.7329759905114770
283 5438022.2599378535524011 5437812.3799378536641598 1282482.6129759903997183 1282272.7329759905114770
284 6944109.7452527713030577 6943899.8652527714148164 1282482.6129759903997183 1282272.7329759905114770
285 7280088.0498641617596149 7279878.1698641618713737 1282482.6129759903997183 1282272.7329759905114770
286 3467246.3536220239475369 3467036.4736220240592957 1282482.6129759903997183 1282272.7329759905114770
287 4464066.7214980190619826 4463856.8414980191737413 1282482.6129759903997183 1282272.7329759905114770
288 3751977.3560336050577462 3751767.4760336051695049 1282482.6129759903997183 1282272.7329759905114770
289 9341700.1836793422698975 9341490.3036793414503336 1282482.6129759903997183 1282272.7329759905114770
290 5059199.8920471854507923 5058990.0120471855625510 1282482.6129759903997183 1282272.7329759905114770
291 2441284.0342531278729439 2441074.1542531279847026 1282482.6129759903997183 1282272.7329759905114770
292 2528349.5476102228276432 2528139.6676102229394019 1282482.6129759903997183 1282272.7329759905114770
293 5297440.0370977865532041 5297230.1570977866649628 1282482.6129759903997183 1282272.7329759905114770
294 3908993.7228807047940791 3908783.8428807049058378 1282482.6129759903997183 1282272.7329759905114770
295 5751194.5153203615918756 5750984.6353203617036343 1282482.6129759903997183 1282272.7329759905114770
296 5844799.3016639696434140 5844589.4216639697551727 1282482.6129759903997183 1282272.7329759905114770
297 4940582.3959374492987990 4940372.5159374494105577 1282482.6129759903997183 1282272.7329759905114770
298 2033210.5264955090824515 2033000.6464955091942102 1282482.6129759903997183 1282272.7329759905114770
299 3313951.8703721449710429 3313741.9903721450828016 1282482.6129759903997183 1282272.7329759905114770
300 3472551.9186303052119911 3472342.0386303053237498 1282482.6129759903997183 1282272.7329759905114770
301 7978273.2229660116136074 7978063.3429660117253661 1282482.6129759903997183 1282272.7329759905114770
302 1984219.7512320568785071 1984009.8712320569902658 1282482.6129759903997183 1282272.7329759905114770
303 3267815.5257864603772759 3267605.6457864604890347 1282482.6129759903997183 1282272.7329759905114770
304 1123896.8121691490523517 1123686.9321691491641104 1123896.8121691490523517 1123686.9321691491641104
305 12153727.8520534913986921 12153517.9720534905791283 1123896.8121691490523517 1123686.9321691491641104
306 2754522.2545413598418236 2754312.3745413599535823 1123896.8121691490523517 1123686.9321691491641104
307 3853775.6610468355938792 3853565.7810468357056379 1123896.8121691490523517 1123686.9321691491641104
308 2962184.7153073740191758 2961974.8353073741309345 1123896.8121691490523517 1123686.9321691491641104
309 1796775.1561158250551671 1796565.2761158251669258 1123896.8121691490523517 1123686.9321691491641104
310 7346650.7444772515445948 7346440.8644772516563535 1123896.8121691490523517 1123686.9321691491641104
311 2722771.5951916621997952 2722561.7151916623115540 1123896.8121691490523517 1123686.9321691491641104
312 2434886.6417034668847919 2434676.7617034669965506 1123896.8121691490523517 1123686.9321691491641104
313 1066480.8540911315940320 1066270.9740911317057908 1066480.8540911315940320 1066270.9740911317057908
314 11768505.9943371191620827 11768296.1143371183425188 1066480.8540911315940320 1066270.9740911317057908
315 5555032.0091013694182038 5554822.1291013695299625 1066480.8540911315940320 1066270.9740911317057908
316 6888059.2424017712473869 6887849.3624017713591456 1066480.8540911315940320 1066270.9740911317057908
317 14079923.9284047000110149 14079714.0484046991914511 1066480.8540911315940320 1066270.9740911317057908
318 2817833.5318620102480054 2817623.6518620103597641 1066480.8540911315940320 1066270.9740911317057908
319 1547705.7117985114455223 1547495.8317985115572810 1066480.8540911315940320 1066270.9740911317057908
320 3319009.8738498757593334 3318799.9938498758710921 1066480.8540911315940320 1066270.9740911317057908
321 5243377.9717057943344116 5243168.0917057944461703 1066480.8540911315940320 1066270.9740911317057908
322 7616899.2132065799087286 7616689.3332065800204873 1066480.8540911315940320 1066270.9740911317057908
323 3093470.6050987802445889 3093260.7250987803563476 1066480.8540911315940320 1066270.9740911317057908
324 2872598.2230425053276122 2872388.3430425054393709 1066480.8540911315940320 1066270.9740911317057908
325 5201004.3636659886687994 5200794.4836659887805581 1066480.8540911315940320 1066270.9740911317057908
326 3203072.4811714757233858 3202862.6011714758351445 1066480.8540911315940320 1066270.9740911317057908
327 3002915.0043224911205471 3002705.1243224912323058 1066480.8540911315940320 1066270.9740911317057908
328 3035575.2572347759269178 3035365.3772347760386765 1066480.8540911315940320 1066270.9740911317057908
329 11303616.5176193863153458 11303406.6376193854957819 1066480.8540911315940320 1066270.9740911317057908
330 19693536.0490974187850952 19693326.1690974198281765 1066480.8540911315940320 1066270.9740911317057908
331 2984549.4699083091691136 2984339.5899083092808723 1066480.8540911315940320 1066270.9740911317057908
332 6558725.6208028262481093 6558515.7408028263598680 1066480.8540911315940320 1066270.9740911317057908
333 3378956.4313836181536317 3378746.5513836182653904 1066480.8540911315940320 1066270.9740911317057908
334 6366581.4279009290039539 6366371.5479009291157126 1066480.8540911315940320 1066270.9740911317057908
335 9924553.0593333318829536 9924343.1793333310633898 1066480.8540911315940320 1066270.9740911317057908
336 4033564.6835998417809606 4033354.8035998418927193 1066480.8540911315940320 1066270.9740911317057908
337 2430693.8192677432671189 2430483.9392677433788776 1066480.8540911315940320 1066270.9740911317057908
338 7028341.4074694169685245 7028131.5274694170802832 1066480.8540911315940320 1066270.9740911317057908
339 4603639.4934853129088879 4603429.6134853130206466 1066480.8540911315940320 1066270.9740911317057908
340 6682125.1468773381784558 6681915.2668773382902145 1066480.8540911315940320 1066270.9740911317057908
341 2122141.0259687211364508 2121931.1459687212482095 1066480.8540911315940320 1066270.9740911317057908
342 4082807.6622263523750007 4082597.7822263524867594 1066480.8540911315940320 1066270.9740911317057908
343 3298158.4284466854296625 3297948.5484466855414212 1066480.8540911315940320 1066270.9740911317057908
344 5219875.0970012880861759 5219665.2170012881979346 1066480.8540911315940320 1066270.9740911317057908
345 9275142.9986729957163334 9274933.1186729948967695 1066480.8540911315940320 1066270.9740911317057908
346 1776485.8218010063283145 1776275.9418010064400733 1066480.8540911315940320 1066270.9740911317057908
347 2748658.8385981358587742 2748448.9585981359705329 1066480.8540911315940320 1066270.9740911317057908
348 2754272.3893383606337011 2754062.5093383607454598 1066480.8540911315940320 1066270.9740911317057908
349 2320302.0641041863709688 2320092.1841041864827275 1066480.8540911315940320 1066270.9740911317057908
350 7741080.5597282368689775 7740870.6797282369807363 1066480.8540911315940320 1066270.9740911317057908
351 5688751.1384441042318940 5688541.2584441043436527 1066480.8540911315940320 1066270.9740911317057908
352 4713142.2242135033011436 4712932.3442135034129024 1066480.8540911315940320 1066270.9740911317057908
353 2063582.7523083994165063 2063372.8723083995282650 1066480.8540911315940320 1066270.9740911317057908
354 5245431.6571325697004795 5245221.7771325698122382 1066480.8540911315940320 1066270.9740911317057908
355 5508267.0537829417735338 5508057.1737829418852925 1066480.8540911315940320 1066270.9740911317057908
356 5603966.0335774812847376 5603756.1535774813964963 1066480.8540911315940320 1066270.9740911317057908
357 9325809.2251578159630299 9325599.3451578151434660 1066480.8540911315940320 1066270.9740911317057908
358 2220262.9503155904822052 2220053.0703155905939639 1066480.8540911315940320 1066270.9740911317057908
359 4576291.3986675012856722 4576081.5186675013974309 1066480.8540911315940320 1066270.9740911317057908
360 2973688.2434226898476481 2973478.3634226899594069 1066480.8540911315940320 1066270.9740911317057908
361 9860875.9721168559044600 9860666.0921168550848961 1066480.8540911315940320 1066270.9740911317057908
362 6348431.3229030882939696 6348221.4429030884057283 1066480.8540911315940320 1066270.9740911317057908
363 9276193.8130435571074486 9275983.9330435562878847 1066480.8540911315940320 1066270.9740911317057908
364 12129323.1558802090585232 12129113.2758802082389593 1066480.8540911315940320 1066270.9740911317057908
365 14804876.3634396977722645 14804666.4834396969527006 1066480.8540911315940320 1066270.9740911317057908
366 11028096.2022269349545240 11027886.3222269341349602 1066480.8540911315940320 1066270.9740911317057908
367 5174052.7887089792639017 5173842.9087089793756604 1066480.8540911315940320 1066270.9740911317057908
368 4428379.9617923162877560 4428170.0817923163995147 1066480.8540911315940320 1066270.9740911317057908
369 2009819.5292606751900166 2009609.6492606753017753 1066480.8540911315940320 1066270.9740911317057908
370 2375393.0347611438483000 2375183.1547611439600587 1066480.8540911315940320 1066270.9740911317057908
371 9276123.7172968164086342 9275913.8372968155890703 1066480.8540911315940320 1066270.9740911317057908
372 7144322.6071339873597026 7144112.7271339874714613 1066480.8540911315940320 1066270.9740911317057908
373 2655753.5846534306183457 2655543.7046534307301044 1066480.8540911315940320 1066270.9740911317057908
374 10460580.7672180794179440 10460370.8872180785983801 1066480.8540911315940320 1066270.9740911317057908
375 4774628.5728294681757689 4774418.6928294682875276 1066480.8540911315940320 1066270.9740911317057908
376 9567761.6420675963163376 9567551.7620675954967737 1066480.8540911315940320 1066270.9740911317057908
377 3759739.2005650680512190 3759529.3205650681629777 1066480.8540911315940320 1066270.9740911317057908
378 7812699.2465415690094233 7812489.3665415691211820 1066480.8540911315940320 1066270.9740911317057908
379 5145592.4124165596440434 5145382.5324165597558022 1066480.8540911315940320 1066270.9740911317057908
380 5762617.5249708173796535 5762407.6449708174914122 1066480.8540911315940320 1066270.9740911317057908
381 4120586.6498287636786699 4120376.7698287637904286 1066480.8540911315940320 1066270.9740911317057908
382 21842914.9909861721098423 21842705.1109861731529236 1066480.8540911315940320 1066270.9740911317057908
383 5822438.0898961173370481 5822228.2098961174488068 1066480.8540911315940320 1066270.9740911317057908
384 6328687.2955764252692461 6328477.4155764253810048 1066480.8540911315940320 1066270.9740911317057908
385 8330604.0830621728673577 8330394.2030621729791164 1066480.8540911315940320 1066270.9740911317057908
386 3236877.4948720508255064 3236667.6148720509372652 1066480.8540911315940320 1066270.9740911317057908
387 9234420.2946841809898615 9234210.4146841801702976 1066480.8540911315940320 1066270.9740911317057908
388 7709153.9048748612403870 7708944.0248748613521457 1066480.8540911315940320 1066270.9740911317057908
389 2851214.4406260359100997 2851004.5606260360218585 1066480.8540911315940320 1066270.9740911317057908
390 2258558.5405015829019248 2258348.6605015830136836 1066480.8540911315940320 1066270.9740911317057908
391 1636762.8672482296824455 1636552.9872482297942042 1066480.8540911315940320 1066270.9740911317057908
392 6278190.5420333407819271 6277980.6620333408936858 1066480.8540911315940320 1066270.9740911317057908
393 1237827.1611705275718123 1237617.2811705276835710 1066480.8540911315940320 1066270.9740911317057908
394 2227799.3759532989934087 2227589.4959532991051674 1066480.8540911315940320 1066270.9740911317057908
395 1389024.1228018761612475 1388814.2428018762730062 1066480.8540911315940320 1066270.9740911317057908
396 1296166.0874030506238341 1295956.2074030507355928 1066480.8540911315940320 1066270.9740911317057908
397 3084709.6326569761149585 3084499.7526569762267172 1066480.8540911315940320 1066270.9740911317057908
398 1926684.0085639855824411 1926474.1285639856941998 1066480.8540911315940320 1066270.9740911317057908
399 4729132.7419553939253092 4728922.8619553940370679 1066480.8540911315940320 1066270.9740911317057908
400 3269146.1683236924000084 3268936.2883236925117671 1066480.8540911315940320 1066270.9740911317057908
401 14590503.1228566262871027 14590293.2428566254675388 1066480.8540911315940320 1066270.9740911317057908
402 6330493.0535666681826115 6330283.1735666682943702 1066480.8540911315940320 1066270.9740911317057908
403 2043308.6116436750162393 2043098.7316436751279980 1066480.8540911315940320 1066270.9740911317057908
404 8930978.5358618814498186 8930768.6558618806302547 1066480.8540911315940320 1066270.9740911317057908
405 2563829.4076197785325348 2563619.5276197786442935 1066480.8540911315940320 1066270.9740911317057908
406 1223654.5033736180048436 1223444.6233736181166023 1066480.8540911315940320 1066270.9740911317057908
407 3562729.8947083912789822 3562520.0147083913907409 1066480.8540911315940320 1066270.9740911317057908
408 2801377.1893301419913769 2801167.3093301421031356 1066480.8540911315940320 1066270.9740911317057908
409 2053872.1945709539577365 2053662.3145709540694952 1066480.8540911315940320 1066270.9740911317057908
410 6481333.2444360991939902 6481123.3644360993057489 1066480.8540911315940320 1066270.9740911317057908
411 1975408.4041859225835651 1975198.5241859226953238 1066480.8540911315940320 1066270.9740911317057908
412 3768812.3577218772843480 3768602.4777218773961067 1066480.8540911315940320 1066270.9740911317057908
413 2510754.8326464379206300 2510544.9526464380323887 1066480.8540911315940320 1066270.9740911317057908
414 9144565.4224682021886110 9144355.5424682013690472 1066480.8540911315940320 1066270.9740911317057908
415 1465573.9730838581454009 1465364.0930838582571596 1066480.8540911315940320 1066270.9740911317057908
416 3176160.9183715516701341 3175951.0383715517818928 1066480.8540911315940320 1066270.9740911317057908
417 7820139.4214614415541291 7819929.5414614416658878 1066480.8540911315940320 1066270.9740911317057908
418 1604092.5451029534451663 1603882.6651029535569251 1066480.8540911315940320 1066270.9740911317057908
419 1343692.7101830753963441 1343482.8301830755081028 1066480.8540911315940320 1066270.9740911317057908
420 1126325.8772971157450229 1126115.9972971158567816 1066480.8540911315940320 1066270.9740911317057908
421 3377467.5698754964396358 3377257.6898754965513945 1066480.8540911315940320 1066270.9740911317057908
422 3435252.8680252302438021 3435042.9880252303555608 1066480.8540911315940320 1066270.9740911317057908
423 9567036.2726794146001339 9566826.3926794137805700 1066480.8540911315940320 1066270.9740911317057908
424 3671301.1132965916767716 3671091.2332965917885303 1066480.8540911315940320 1066270.9740911317057908
425 3814511.8597527118399739 3814301.9797527119517326 1066480.8540911315940320 1066270.9740911317057908
426 4612522.0708041423931718 4612312.1908041425049305 1066480.8540911315940320 1066270.9740911317057908
427 1850357.2710759025067091 1850147.3910759026184678 1066480.8540911315940320 1066270.9740911317057908
428 6736313.3734246697276831 6736103.4934246698394418 1066480.8540911315940320 1066270.9740911317057908
429 1356243.5160848926752806 1356033.6360848927870393 1066480.8540911315940320 1066270.9740911317057908
430 2536450.1119076125323772 2536240.2319076126441360 1066480.8540911315940320 1066270.9740911317057908
431 1845787.8786172226537019 1845577.9986172227654606 1066480.8540911315940320 1066270.9740911317057908
432 1526630.5188449686393142 1526420.6388449687510729 1066480.8540911315940320 1066270.9740911317057908
433 1376969.9133888452779502 1376760.0333888453897089 1066480.8540911315940320 1066270.9740911317057908
434 4581567.9395199706777930 4581358.0595199707895517 1066480.8540911315940320 1066270.9740911317057908
435 1759385.7110481585841626 1759175.8310481586959213 1066480.8540911315940320 1066270.9740911317057908
436 1931413.7021072693169117 1931203.8221072694286704 1066480.8540911315940320 1066270.9740911317057908
437 1197316.2268734294921160 1197106.3468734296038747 1066480.8540911315940320 1066270.9740911317057908
438 5503162.5087124342098832 5502952.6287124343216419 1066480.8540911315940320 1066270.9740911317057908
439 1065024.7264576633460820 1064814.8464576634578407 1065024.7264576633460820 1064814.8464576634578407
440 1955363.4797253217548132 1955153.5997253218665719 1065024.7264576633460820 1064814.8464576634578407
441 1429685.7102349570486695 1429475.8302349571604282 1065024.7264576633460820 1064814.8464576634578407
442 2459517.2602105876430869 2459307.3802105877548456 1065024.7264576633460820 1064814.8464576634578407
443 2190733.4432601802982390 2190523.5632601804099977 1065024.7264576633460820 1064814.8464576634578407
444 2585177.4551677899435163 2584967.5751677900552750 1065024.7264576633460820 1064814.8464576634578407
445 2094161.9060416247230023 2093952.0260416248347610 1065024.7264576633460820 1064814.8464576634578407
446 5018426.1362754497677088 5018216.2562754498794675 1065024.7264576633460820 1064814.8464576634578407
447 2324695.8854207610711455 2324486.0054207611829042 1065024.7264576633460820 1064814.8464576634578407
448 8429628.2409227713942528 8429418.3609227705746889 1065024.7264576633460820 1064814.8464576634578407
449 6592382.2691146312281489 6592172.3891146313399076 1065024.7264576633460820 1064814.8464576634578407
450 638362.0733282347209752 638152.1933282347163185 638362.0733282347209752 638152.1933282347163185
451 3938096.0174480532296002 3937886.1374480533413589 638362.0733282347209752 638152.1933282347163185
452 2290066.2350793997757137 2289856.3550793998874724 638362.0733282347209752 638152.1933282347163185
453 3123163.3351718513295054 3122953.4551718514412642 638362.0733282347209752 638152.1933282347163185
454 11830615.7210075333714485 11830405.8410075325518847 638362.0733282347209752 638152.1933282347163185
455 1961215.8338660714216530 1961005.9538660715334117 638362.0733282347209752 638152.1933282347163185
456 7553748.0929328678175807 7553538.2129328679293394 638362.0733282347209752 638152.1933282347163185
457 3882633.3315837038680911 3882423.4515837039798498 638362.0733282347209752 638152.1933282347163185
458 1646608.9467294516507536 1646399.0667294517625123 638362.0733282347209752 638152.1933282347163185
459 1766211.8510368671268225 1766001.9710368672385812 638362.0733282347209752 638152.1933282347163185
460 2399367.3100401791743934 2399157.4300401792861521 638362.0733282347209752 638152.1933282347163185
461 3288107.6713389940559864 3287897.7913389941677451 638362.0733282347209752 638152.1933282347163185
462 2782032.3295523691922426 2781822.4495523693040013 638362.0733282347209752 638152.1933282347163185
463 1616710.7723050620406866 1616500.8923050621524453 638362.0733282347209752 638152.1933282347163185
464 1995827.3842254725750536 1995617.5042254726868123 638362.0733282347209752 638152.1933282347163185
465 4348362.4412556160241365 4348152.5612556161358953 638362.0733282347209752 638152.1933282347163185
466 2620073.7115180725231767 2619863.8315180726349354 638362.0733282347209752 638152.1933282347163185
467 5610513.8678858513012528 5610303.9878858514130116 638362.0733282347209752 638152.1933282347163185
468 2818480.1577387112192810 2818270.2777387113310397 638362.0733282347209752 638152.1933282347163185
469 1239980.7221646956168115 1239770.8421646957285702 638362.0733282347209752 638152.1933282347163185
470 4643314.7589776869863272 4643104.8789776870980859 638362.0733282347209752 638152.1933282347163185
471 2049168.9159297067672014 2048959.0359297068789601 638362.0733282347209752 638152.1933282347163185
472 3075901.6390527281910181 3075691.7590527283027768 638362.0733282347209752 638152.1933282347163185
473 1869704.0151627706363797 1869494.1351627707481384 638362.0733282347209752 638152.1933282347163185
474 6678679.9147815136238933 6678470.0347815137356520 638362.0733282347209752 638152.1933282347163185
475 3368846.2338158553466201 3368636.3538158554583788 638362.0733282347209752 638152.1933282347163185
476 2780644.6744975210167468 2780434.7944975211285055 638362.0733282347209752 638152.1933282347163185
477 4715610.0887200720608234 4715400.2087200721725821 638362.0733282347209752 638152.1933282347163185
478 10053223.4477718435227871 10053013.5677718427032232 638362.0733282347209752 638152.1933282347163185
479 6931181.2909151352941990 6930971.4109151354059577 638362.0733282347209752 638152.1933282347163185
480 6861820.9196171611547470 6861611.0396171612665057 638362.0733282347209752 638152.1933282347163185
481 3695251.9727444355376065 3695042.0927444356493652 638362.0733282347209752 638152.1933282347163185
482 3368122.9306728136725724 3367913.0506728137843311 638362.0733282347209752 638152.1933282347163185
483 4913752.4108197111636400 4913542.5308197112753987 638362.0733282347209752 638152.1933282347163185
484 2868667.7875111424364150 2868457.9075111425481737 638362.0733282347209752 638152.1933282347163185
485 3770795.5288858725689352 3770585.6488858726806939 638362.0733282347209752 638152.1933282347163185
486 1484192.3233043067157269 1483982.4433043068274856 638362.0733282347209752 638152.1933282347163185
487 1779287.8703914568759501 1779077.9903914569877088 638362.0733282347209752 638152.1933282347163185
488 4485877.2295006066560745 4485667.3495006067678332 638362.0733282347209752 638152.1933282347163185
489 3507958.1384636056609452 3507748.2584636057727039 638362.0733282347209752 638152.1933282347163185
490 1490700.4982849382795393 1490490.6182849383912981 638362.0733282347209752 638152.1933282347163185
491 5553029.6011611456051469 5552819.7211611457169056 638362.0733282347209752 638152.1933282347163185
492 3189976.2979468028061092 3189766.4179468029178679 638362.0733282347209752 638152.1933282347163185
493 7792090.7537447400391102 7791880.8737447401508689 638362.0733282347209752 638152.1933282347163185
494 3101019.7414992614649236 3100809.8614992615766823 638362.0733282347209752 638152.1933282347163185
495 5628279.5910253711044788 5628069.7110253712162375 638362.0733282347209752 638152.1933282347163185
496 1507766.5232116417028010 1507556.6432116418145597 638362.0733282347209752 638152.1933282347163185
497 1880602.8708900348283350 1880392.9908900349400938 638362.0733282347209752 638152.1933282347163185
498 2269918.6648690188303590 2269708.7848690189421177 638362.0733282347209752 638152.1933282347163185
499 1924865.7758741541765630 1924655.8958741542883217 638362.0733282347209752 638152.1933282347163185
500 1835927.4378396011888981 1835717.5578396013006568 638362.0733282347209752 638152.1933282347163185
