evaluations raw_y current_y raw_y_best current_y_best
1 45275497.7657109946012497 45275287.8857109919190407 45275497.7657109946012497 45275287.8857109919190407
2 20546216.9524698480963707 20546007.0724698491394520 20546216.9524698480963707 20546007.0724698491394520
3 12273310.9778251405805349 12273101.0978251397609711 12273310.9778251405805349 12273101.0978251397609711
4 9252959.1815544646233320 9252749.3015544638037682 9252959.1815544646233320 9252749.3015544638037682
5 48714927.4916370511054993 48714717.6116370484232903 9252959.1815544646233320 9252749.3015544638037682
6 28097107.1891861148178577 28096897.3091861158609390 9252959.1815544646233320 9252749.3015544638037682
7 8971034.4696720354259014 8970824.5896720346063375 8971034.4696720354259014 8970824.5896720346063375
8 36363224.6814712733030319 36363014.8014712706208229 8971034.4696720354259014 8970824.5896720346063375
9 30352351.0594805665314198 30352141.1794805675745010 8971034.4696720354259014 8970824.5896720346063375
10 10459360.4260651618242264 10459150.5460651610046625 8971034.4696720354259014 8970824.5896720346063375
11 19600416.2663158290088177 19600206.3863158300518990 8971034.4696720354259014 8970824.5896720346063375
12 13287013.1265692077577114 13286803.2465692069381475 8971034.4696720354259014 8970824.5896720346063375
13 62363826.0161759182810783 62363616.1361759155988693 8971034.4696720354259014 8970824.5896720346063375
14 43893142.7518393173813820 43892932.8718393146991730 8971034.4696720354259014 8970824.5896720346063375
15 19601386.4931868612766266 19601176.6131868623197079 8971034.4696720354259014 8970824.5896720346063375
16 44277528.1933362782001495 44277318.3133362755179405 8971034.4696720354259014 8970824.5896720346063375
17 7590598.7354024089872837 7590388.8554024090990424 7590598.7354024089872837 7590388.8554024090990424
18 37193610.0503281205892563 37193400.1703281179070473 7590598.7354024089872837 7590388.8554024090990424
19 56215315.8375727534294128 56215105.9575727507472038 7590598.7354024089872837 7590388.8554024090990424
20 33881902.1641648486256599 33881692.2841648459434509 7590598.7354024089872837 7590388.8554024090990424
21 14010915.1850727610290051 14010705.3050727602094412 7590598.7354024089872837 7590388.8554024090990424
22 35211325.9010031521320343 35211116.0210031494498253 7590598.7354024089872837 7590388.8554024090990424
23 22602258.8899892233312130 22602049.0099892243742943 7590598.7354024089872837 7590388.8554024090990424
24 5524198.6732990145683289 5523988.7932990146800876 5524198.6732990145683289 5523988.7932990146800876
25 3240234.6978681352920830 3240024.8178681354038417 3240234.6978681352920830 3240024.8178681354038417
26 29375199.7154857069253922 29374989.8354857079684734 3240234.6978681352920830 3240024.8178681354038417
27 7012196.3392925085499883 7011986.4592925086617470 3240234.6978681352920830 3240024.8178681354038417
28 28991286.2852107584476471 28991076.4052107594907284 3240234.6978681352920830 3240024.8178681354038417
29 36257724.8011730089783669 36257514.9211730062961578 3240234.6978681352920830 3240024.8178681354038417
30 21679025.6673204675316811 21678815.7873204685747623 3240234.6978681352920830 3240024.8178681354038417
31 23420232.9021506309509277 23420023.0221506319940090 3240234.6978681352920830 3240024.8178681354038417
32 26255481.2695244029164314 26255271.3895244039595127 3240234.6978681352920830 3240024.8178681354038417
33 21269607.8789282664656639 21269397.9989282675087452 3240234.6978681352920830 3240024.8178681354038417
34 32749646.0427237600088120 32749436.1627237610518932 3240234.6978681352920830 3240024.8178681354038417
35 1716423.3516715175937861 1716213.4716715177055448 1716423.3516715175937861 1716213.4716715177055448
36 8494895.4238918423652649 8494685.5438918415457010 1716423.3516715175937861 1716213.4716715177055448
37 32255014.8479342088103294 32254804.9679342098534107 1716423.3516715175937861 1716213.4716715177055448
38 67917375.8743840456008911 67917165.9943840503692627 1716423.3516715175937861 1716213.4716715177055448
39 11979890.5938529632985592 11979680.7138529624789953 1716423.3516715175937861 1716213.4716715177055448
40 46394532.0622365400195122 46394322.1822365373373032 1716423.3516715175937861 1716213.4716715177055448
41 50527205.7036107629537582 50526995.8236107602715492 1716423.3516715175937861 1716213.4716715177055448
42 40302851.1401640698313713 40302641.2601640671491623 1716423.3516715175937861 1716213.4716715177055448
43 14290256.0950114242732525 14290046.2150114234536886 1716423.3516715175937861 1716213.4716715177055448
44 19176465.6081496290862560 19176255.7281496301293373 1716423.3516715175937861 1716213.4716715177055448
45 6639428.2827298054471612 6639218.4027298055589199 1716423.3516715175937861 1716213.4716715177055448
46 4196484.7917205896228552 4196274.9117205897346139 1716423.3516715175937861 1716213.4716715177055448
47 27481535.3717291019856930 27481325.4917291030287743 1716423.3516715175937861 1716213.4716715177055448
48 22515598.4776173233985901 22515388.5976173244416714 1716423.3516715175937861 1716213.4716715177055448
49 40761233.0086513459682465 40761023.1286513432860374 1716423.3516715175937861 1716213.4716715177055448
50 40185247.8902413696050644 40185038.0102413669228554 1716423.3516715175937861 1716213.4716715177055448
51 47242039.2255307286977768 47241829.3455307260155678 1716423.3516715175937861 1716213.4716715177055448
52 36306022.7150622308254242 36305812.8350622281432152 1716423.3516715175937861 1716213.4716715177055448
53 28364942.8514129705727100 28364732.9714129716157913 1716423.3516715175937861 1716213.4716715177055448
54 8918848.6773562133312225 8918638.7973562125116587 1716423.3516715175937861 1716213.4716715177055448
55 16528511.0574652031064034 16528301.1774652022868395 1716423.3516715175937861 1716213.4716715177055448
56 11356544.6209758911281824 11356334.7409758903086185 1716423.3516715175937861 1716213.4716715177055448
57 21502639.4096580967307091 21502429.5296580977737904 1716423.3516715175937861 1716213.4716715177055448
58 38233572.7106675207614899 38233362.8306675180792809 1716423.3516715175937861 1716213.4716715177055448
59 11951007.6402061861008406 11950797.7602061852812767 1716423.3516715175937861 1716213.4716715177055448
60 33728625.8576051965355873 33728415.9776051938533783 1716423.3516715175937861 1716213.4716715177055448
61 10634135.7494540177285671 10633925.8694540169090033 1716423.3516715175937861 1716213.4716715177055448
62 38724626.6619776040315628 38724416.7819776013493538 1716423.3516715175937861 1716213.4716715177055448
63 7122889.8152152616530657 7122679.9352152617648244 1716423.3516715175937861 1716213.4716715177055448
64 37802275.8664105981588364 37802065.9864105954766273 1716423.3516715175937861 1716213.4716715177055448
65 24955998.1138765662908554 24955788.2338765673339367 1716423.3516715175937861 1716213.4716715177055448
66 35737673.3926599174737930 35737463.5126599147915840 1716423.3516715175937861 1716213.4716715177055448
67 50429888.7488190233707428 50429678.8688190206885338 1716423.3516715175937861 1716213.4716715177055448
68 17733141.2702895402908325 17732931.3902895413339138 1716423.3516715175937861 1716213.4716715177055448
69 21554398.1315672062337399 21554188.2515672072768211 1716423.3516715175937861 1716213.4716715177055448
70 30682068.3272604718804359 30681858.4472604729235172 1716423.3516715175937861 1716213.4716715177055448
71 16318929.7538705021142960 16318719.8738705012947321 1716423.3516715175937861 1716213.4716715177055448
72 60199177.2748398333787918 60198967.3948398306965828 1716423.3516715175937861 1716213.4716715177055448
73 2799989.3796357158571482 2799779.4996357159689069 1716423.3516715175937861 1716213.4716715177055448
74 28043571.0924659147858620 28043361.2124659158289433 1716423.3516715175937861 1716213.4716715177055448
75 9428402.8974482286721468 9428193.0174482278525829 1716423.3516715175937861 1716213.4716715177055448
76 17010013.4249084331095219 17009803.5449084341526031 1716423.3516715175937861 1716213.4716715177055448
77 46982289.9511268734931946 46982080.0711268708109856 1716423.3516715175937861 1716213.4716715177055448
78 25237276.1950784251093864 25237066.3150784261524677 1716423.3516715175937861 1716213.4716715177055448
79 11225262.7088748775422573 11225052.8288748767226934 1716423.3516715175937861 1716213.4716715177055448
80 17153292.9305241405963898 17153083.0505241416394711 1716423.3516715175937861 1716213.4716715177055448
81 51268073.7983852922916412 51267863.9183852896094322 1716423.3516715175937861 1716213.4716715177055448
82 38682368.1366526931524277 38682158.2566526904702187 1716423.3516715175937861 1716213.4716715177055448
83 28703134.1499408856034279 28702924.2699408866465092 1716423.3516715175937861 1716213.4716715177055448
84 25109050.2907938957214355 25108840.4107938967645168 1716423.3516715175937861 1716213.4716715177055448
85 65704869.4531069174408913 65704659.5731069147586823 1716423.3516715175937861 1716213.4716715177055448
86 21597223.7352101653814316 21597013.8552101664245129 1716423.3516715175937861 1716213.4716715177055448
87 51080115.0799565985798836 51079905.1999565958976746 1716423.3516715175937861 1716213.4716715177055448
88 12584511.5723837390542030 12584301.6923837382346392 1716423.3516715175937861 1716213.4716715177055448
89 38621117.7531987652182579 38620907.8731987625360489 1716423.3516715175937861 1716213.4716715177055448
90 43873743.4768255501985550 43873533.5968255475163460 1716423.3516715175937861 1716213.4716715177055448
91 21648551.9214933589100838 21648342.0414933599531651 1716423.3516715175937861 1716213.4716715177055448
92 28104101.2768267616629601 28103891.3968267627060413 1716423.3516715175937861 1716213.4716715177055448
93 39998341.8056295961141586 39998131.9256295934319496 1716423.3516715175937861 1716213.4716715177055448
94 9295871.6588099300861359 9295661.7788099292665720 1716423.3516715175937861 1716213.4716715177055448
95 8125271.0113310180604458 8125061.1313310181722045 1716423.3516715175937861 1716213.4716715177055448
96 17149926.0195955596864223 17149716.1395955607295036 1716423.3516715175937861 1716213.4716715177055448
97 2719102.9569542240351439 2718893.0769542241469026 1716423.3516715175937861 1716213.4716715177055448
98 27854976.4607470333576202 27854766.5807470344007015 1716423.3516715175937861 1716213.4716715177055448
99 24908223.5389522127807140 24908013.6589522138237953 1716423.3516715175937861 1716213.4716715177055448
100 33893405.6013082265853882 33893195.7213082239031792 1716423.3516715175937861 1716213.4716715177055448
101 33954355.5675428658723831 33954145.6875428631901741 1716423.3516715175937861 1716213.4716715177055448
102 34424205.1042438298463821 34423995.2242438271641731 1716423.3516715175937861 1716213.4716715177055448
103 24663685.6134051717817783 24663475.7334051728248596 1716423.3516715175937861 1716213.4716715177055448
104 12269995.3001667633652687 12269785.4201667625457048 1716423.3516715175937861 1716213.4716715177055448
105 9112380.4219547640532255 9112170.5419547632336617 1716423.3516715175937861 1716213.4716715177055448
106 8756745.7605762649327517 8756535.8805762641131878 1716423.3516715175937861 1716213.4716715177055448
107 35173804.6812513023614883 35173594.8012512996792793 1716423.3516715175937861 1716213.4716715177055448
108 26524277.3697772920131683 26524067.4897772930562496 1716423.3516715175937861 1716213.4716715177055448
109 15061101.7988024223595858 15060891.9188024215400219 1716423.3516715175937861 1716213.4716715177055448
110 26067679.0769902504980564 26067469.1969902515411377 1716423.3516715175937861 1716213.4716715177055448
111 13827155.7655261904001236 13826945.8855261895805597 1716423.3516715175937861 1716213.4716715177055448
112 52795096.1412965431809425 52794886.2612965404987335 1716423.3516715175937861 1716213.4716715177055448
113 13114880.4592450838536024 13114670.5792450830340385 1716423.3516715175937861 1716213.4716715177055448
114 34362980.1865166947245598 34362770.3065166920423508 1716423.3516715175937861 1716213.4716715177055448
115 32592647.7665714137256145 32592437.8865714147686958 1716423.3516715175937861 1716213.4716715177055448
116 9009964.8196467608213425 9009754.9396467600017786 1716423.3516715175937861 1716213.4716715177055448
117 30000561.7173141464591026 30000351.8373141475021839 1716423.3516715175937861 1716213.4716715177055448
118 43402380.0199116319417953 43402170.1399116292595863 1716423.3516715175937861 1716213.4716715177055448
119 19297378.5631973445415497 19297168.6831973455846310 1716423.3516715175937861 1716213.4716715177055448
120 24788636.3257961645722389 24788426.4457961656153202 1716423.3516715175937861 1716213.4716715177055448
121 10253069.3540894072502851 10252859.4740894064307213 1716423.3516715175937861 1716213.4716715177055448
122 30496950.0499068722128868 30496740.1699068732559681 1716423.3516715175937861 1716213.4716715177055448
123 4928962.3881400544196367 4928752.5081400545313954 1716423.3516715175937861 1716213.4716715177055448
124 10422649.3918181788176298 10422439.5118181779980659 1716423.3516715175937861 1716213.4716715177055448
125 33441759.4437995925545692 33441549.5637995935976505 1716423.3516715175937861 1716213.4716715177055448
126 29331067.3783062584698200 29330857.4983062595129013 1716423.3516715175937861 1716213.4716715177055448
127 26432128.4358946681022644 26431918.5558946691453457 1716423.3516715175937861 1716213.4716715177055448
128 17355526.4961480796337128 17355316.6161480806767941 1716423.3516715175937861 1716213.4716715177055448
129 8705831.9847998674958944 8705622.1047998666763306 1716423.3516715175937861 1716213.4716715177055448
130 7372981.6855404870584607 7372771.8055404871702194 1716423.3516715175937861 1716213.4716715177055448
131 21601741.7024069055914879 21601531.8224069066345692 1716423.3516715175937861 1716213.4716715177055448
132 15437430.9128764513880014 15437221.0328764505684376 1716423.3516715175937861 1716213.4716715177055448
133 10363096.7306790221482515 10362886.8506790213286877 1716423.3516715175937861 1716213.4716715177055448
134 26277331.1312953047454357 26277121.2512953057885170 1716423.3516715175937861 1716213.4716715177055448
135 31651142.1199024841189384 31650932.2399024851620197 1716423.3516715175937861 1716213.4716715177055448
136 11639228.1144580226391554 11639018.2344580218195915 1716423.3516715175937861 1716213.4716715177055448
137 7697471.9604589771479368 7697262.0804589772596955 1716423.3516715175937861 1716213.4716715177055448
138 41867845.2513187825679779 41867635.3713187798857689 1716423.3516715175937861 1716213.4716715177055448
139 35519642.9032557234168053 35519433.0232557207345963 1716423.3516715175937861 1716213.4716715177055448
140 24178073.3840118795633316 24177863.5040118806064129 1716423.3516715175937861 1716213.4716715177055448
141 41239471.3870950341224670 41239261.5070950314402580 1716423.3516715175937861 1716213.4716715177055448
142 14077343.9601894021034241 14077134.0801894012838602 1716423.3516715175937861 1716213.4716715177055448
143 12018738.2392448075115681 12018528.3592448066920042 1716423.3516715175937861 1716213.4716715177055448
144 18205123.8245478533208370 18204913.9445478543639183 1716423.3516715175937861 1716213.4716715177055448
145 27195655.3689986132085323 27195445.4889986142516136 1716423.3516715175937861 1716213.4716715177055448
146 22125267.6056528016924858 22125057.7256528027355671 1716423.3516715175937861 1716213.4716715177055448
147 7251442.7709844913333654 7251232.8909844914451241 1716423.3516715175937861 1716213.4716715177055448
148 2013725.6589191639795899 2013515.7789191640913486 1716423.3516715175937861 1716213.4716715177055448
149 15755876.3964760527014732 15755666.5164760518819094 1716423.3516715175937861 1716213.4716715177055448
150 17077683.8559744581580162 17077473.9759744592010975 1716423.3516715175937861 1716213.4716715177055448
151 17029652.1124123632907867 17029442.2324123643338680 1716423.3516715175937861 1716213.4716715177055448
152 12562142.6607315838336945 12561932.7807315830141306 1716423.3516715175937861 1716213.4716715177055448
153 30745650.5298515707254410 30745440.6498515717685223 1716423.3516715175937861 1716213.4716715177055448
154 9156511.7133041322231293 9156301.8333041314035654 1716423.3516715175937861 1716213.4716715177055448
155 18081121.9519753083586693 18080912.0719753094017506 1716423.3516715175937861 1716213.4716715177055448
156 17200827.7188307493925095 17200617.8388307504355907 1716423.3516715175937861 1716213.4716715177055448
157 24960906.8088524229824543 24960696.9288524240255356 1716423.3516715175937861 1716213.4716715177055448
158 43247041.6563142240047455 43246831.7763142213225365 1716423.3516715175937861 1716213.4716715177055448
159 52967238.7541146054863930 52967028.8741146028041840 1716423.3516715175937861 1716213.4716715177055448
160 41467929.9685715287923813 41467720.0885715261101723 1716423.3516715175937861 1716213.4716715177055448
161 23855772.6470085047185421 23855562.7670085057616234 1716423.3516715175937861 1716213.4716715177055448
162 27199838.4960291609168053 27199628.6160291619598866 1716423.3516715175937861 1716213.4716715177055448
163 8439010.1278424263000488 8438800.2478424254804850 1716423.3516715175937861 1716213.4716715177055448
164 13156211.4092819988727570 13156001.5292819980531931 1716423.3516715175937861 1716213.4716715177055448
165 25656353.5216327309608459 25656143.6416327320039272 1716423.3516715175937861 1716213.4716715177055448
166 52413951.9623524844646454 52413742.0823524817824364 1716423.3516715175937861 1716213.4716715177055448
167 4831629.9155498687177896 4831420.0355498688295484 1716423.3516715175937861 1716213.4716715177055448
168 33908303.6441381126642227 33908093.7641381099820137 1716423.3516715175937861 1716213.4716715177055448
169 23065385.4018042013049126 23065175.5218042023479939 1716423.3516715175937861 1716213.4716715177055448
170 6671201.0397362047806382 6670991.1597362048923969 1716423.3516715175937861 1716213.4716715177055448
171 9275739.8929685093462467 9275530.0129685085266829 1716423.3516715175937861 1716213.4716715177055448
172 45384549.7839586585760117 45384339.9039586558938026 1716423.3516715175937861 1716213.4716715177055448
173 16927723.2771420590579510 16927513.3971420601010323 1716423.3516715175937861 1716213.4716715177055448
174 17877927.7667317427694798 17877717.8867317438125610 1716423.3516715175937861 1716213.4716715177055448
175 29966598.8080636896193027 29966388.9280636906623840 1716423.3516715175937861 1716213.4716715177055448
176 48809639.3020937740802765 48809429.4220937713980675 1716423.3516715175937861 1716213.4716715177055448
177 8254124.4037715066224337 8253914.5237715067341924 1716423.3516715175937861 1716213.4716715177055448
178 20544318.6793371811509132 20544108.7993371821939945 1716423.3516715175937861 1716213.4716715177055448
179 25960385.8303044363856316 25960175.9503044374287128 1716423.3516715175937861 1716213.4716715177055448
180 17022303.7442525178194046 17022093.8642525188624859 1716423.3516715175937861 1716213.4716715177055448
181 21293267.4609854556620121 21293057.5809854567050934 1716423.3516715175937861 1716213.4716715177055448
182 17689160.6263577304780483 17688950.7463577315211296 1716423.3516715175937861 1716213.4716715177055448
183 62261232.9150751233100891 62261023.0350751206278801 1716423.3516715175937861 1716213.4716715177055448
184 11606808.6793612800538540 11606598.7993612792342901 1716423.3516715175937861 1716213.4716715177055448
185 8555466.4173760861158371 8555256.5373760852962732 1716423.3516715175937861 1716213.4716715177055448
186 45582360.2656749933958054 45582150.3856749907135963 1716423.3516715175937861 1716213.4716715177055448
187 51749855.8814083188772202 51749646.0014083161950111 1716423.3516715175937861 1716213.4716715177055448
188 24125190.4036610238254070 24124980.5236610248684883 1716423.3516715175937861 1716213.4716715177055448
189 21227793.7764206901192665 21227583.8964206911623478 1716423.3516715175937861 1716213.4716715177055448
190 12314299.9036673530936241 12314090.0236673522740602 1716423.3516715175937861 1716213.4716715177055448
191 25890978.9060650877654552 25890769.0260650888085365 1716423.3516715175937861 1716213.4716715177055448
192 47356426.3382206112146378 47356216.4582206085324287 1716423.3516715175937861 1716213.4716715177055448
193 37805607.1675394847989082 37805397.2875394821166992 1716423.3516715175937861 1716213.4716715177055448
194 10654544.4815082289278507 10654334.6015082281082869 1716423.3516715175937861 1716213.4716715177055448
195 14246510.3411997854709625 14246300.4611997846513987 1716423.3516715175937861 1716213.4716715177055448
196 15515650.6362500488758087 15515440.7562500480562449 1716423.3516715175937861 1716213.4716715177055448
197 26615786.8987091928720474 26615577.0187091939151287 1716423.3516715175937861 1716213.4716715177055448
198 32890751.9965903125703335 32890542.1165903136134148 1716423.3516715175937861 1716213.4716715177055448
199 5201380.2620933242142200 5201170.3820933243259788 1716423.3516715175937861 1716213.4716715177055448
200 2080607.0538537071552128 2080397.1738537072669715 1716423.3516715175937861 1716213.4716715177055448
201 6283120.2242137771099806 6282910.3442137772217393 1716423.3516715175937861 1716213.4716715177055448
202 6170174.3857791703194380 6169964.5057791704311967 1716423.3516715175937861 1716213.4716715177055448
203 35191701.3156606480479240 35191491.4356606453657150 1716423.3516715175937861 1716213.4716715177055448
204 41839199.3587144315242767 41838989.4787144288420677 1716423.3516715175937861 1716213.4716715177055448
205 20336315.3356814160943031 20336105.4556814171373844 1716423.3516715175937861 1716213.4716715177055448
206 12634634.5163750704377890 12634424.6363750696182251 1716423.3516715175937861 1716213.4716715177055448
207 24235097.9878152683377266 24234888.1078152693808079 1716423.3516715175937861 1716213.4716715177055448
208 15744560.4047371540218592 15744350.5247371532022953 1716423.3516715175937861 1716213.4716715177055448
209 23862207.8941215090453625 23861998.0141215100884438 1716423.3516715175937861 1716213.4716715177055448
210 33601764.8679812103509903 33601554.9879812076687813 1716423.3516715175937861 1716213.4716715177055448
211 47286284.7794729247689247 47286074.8994729220867157 1716423.3516715175937861 1716213.4716715177055448
212 19371681.6281079463660717 19371471.7481079474091530 1716423.3516715175937861 1716213.4716715177055448
213 7882604.6707506515085697 7882394.7907506516203284 1716423.3516715175937861 1716213.4716715177055448
214 6720752.6235183309763670 6720542.7435183310881257 1716423.3516715175937861 1716213.4716715177055448
215 28715258.9333535656332970 28715049.0533535666763783 1716423.3516715175937861 1716213.4716715177055448
216 15747357.4367982167750597 15747147.5567982159554958 1716423.3516715175937861 1716213.4716715177055448
217 13796656.5574835576117039 13796446.6774835567921400 1716423.3516715175937861 1716213.4716715177055448
218 17560983.2399202063679695 17560773.3599202074110508 1716423.3516715175937861 1716213.4716715177055448
219 14370226.2582638245075941 14370016.3782638236880302 1716423.3516715175937861 1716213.4716715177055448
220 48445910.2243495434522629 48445700.3443495407700539 1716423.3516715175937861 1716213.4716715177055448
221 31236815.3422786667943001 31236605.4622786678373814 1716423.3516715175937861 1716213.4716715177055448
222 46944468.7826167717576027 46944258.9026167690753937 1716423.3516715175937861 1716213.4716715177055448
223 51382676.8791717365384102 51382466.9991717338562012 1716423.3516715175937861 1716213.4716715177055448
224 2678717.8714723009616137 2678507.9914723010733724 1716423.3516715175937861 1716213.4716715177055448
225 31059843.0275003574788570 31059633.1475003585219383 1716423.3516715175937861 1716213.4716715177055448
226 51401065.4455667883157730 51400855.5655667856335640 1716423.3516715175937861 1716213.4716715177055448
227 18525323.4868513047695160 18525113.6068513058125973 1716423.3516715175937861 1716213.4716715177055448
228 34533916.5944345891475677 34533706.7144345864653587 1716423.3516715175937861 1716213.4716715177055448
229 34682966.0714615881443024 34682756.1914615854620934 1716423.3516715175937861 1716213.4716715177055448
230 22893571.4702944904565811 22893361.5902944914996624 1716423.3516715175937861 1716213.4716715177055448
231 5724114.7186620347201824 5723904.8386620348319411 1716423.3516715175937861 1716213.4716715177055448
232 15873769.3563580121845007 15873559.4763580113649368 1716423.3516715175937861 1716213.4716715177055448
233 22971683.1685145422816277 22971473.2885145433247089 1716423.3516715175937861 1716213.4716715177055448
234 30726190.1484581455588341 30725980.2684581466019154 1716423.3516715175937861 1716213.4716715177055448
235 16127962.1954701207578182 16127752.3154701199382544 1716423.3516715175937861 1716213.4716715177055448
236 20819159.1713521033525467 20818949.2913521043956280 1716423.3516715175937861 1716213.4716715177055448
237 7072468.5710001625120640 7072258.6910001626238227 1716423.3516715175937861 1716213.4716715177055448
238 36121721.7794479429721832 36121511.8994479402899742 1716423.3516715175937861 1716213.4716715177055448
239 61610000.6236991733312607 61609790.7436991706490517 1716423.3516715175937861 1716213.4716715177055448
240 72066668.0437280535697937 72066458.1637280583381653 1716423.3516715175937861 1716213.4716715177055448
241 43724990.5316410660743713 43724780.6516410633921623 1716423.3516715175937861 1716213.4716715177055448
242 5397395.7132485406473279 5397185.8332485407590866 1716423.3516715175937861 1716213.4716715177055448
243 49126792.8599879443645477 49126582.9799879416823387 1716423.3516715175937861 1716213.4716715177055448
244 8913343.7129174731671810 8913133.8329174723476171 1716423.3516715175937861 1716213.4716715177055448
245 15360243.7343980167061090 15360033.8543980158865452 1716423.3516715175937861 1716213.4716715177055448
246 8290532.7155778314918280 8290322.8355778316035867 1716423.3516715175937861 1716213.4716715177055448
247 8486356.7853331323713064 8486146.9053331315517426 1716423.3516715175937861 1716213.4716715177055448
248 12080735.3245607633143663 12080525.4445607624948025 1716423.3516715175937861 1716213.4716715177055448
249 14605239.6028873361647129 14605029.7228873353451490 1716423.3516715175937861 1716213.4716715177055448
250 19991744.5672822445631027 19991534.6872822456061840 1716423.3516715175937861 1716213.4716715177055448
251 7373920.8632118050009012 7373710.9832118051126599 1716423.3516715175937861 1716213.4716715177055448
252 12576503.1213089749217033 12576293.2413089741021395 1716423.3516715175937861 1716213.4716715177055448
253 19874874.7805413454771042 19874664.9005413465201855 1716423.3516715175937861 1716213.4716715177055448
254 48807552.9005338475108147 48807343.0205338448286057 1716423.3516715175937861 1716213.4716715177055448
255 6348804.6100174309685826 6348594.7300174310803413 1716423.3516715175937861 1716213.4716715177055448
256 39084364.2849187552928925 39084154.4049187526106834 1716423.3516715175937861 1716213.4716715177055448
257 13222325.9301254358142614 13222116.0501254349946976 1716423.3516715175937861 1716213.4716715177055448
258 37955459.9635222703218460 37955250.0835222676396370 1716423.3516715175937861 1716213.4716715177055448
259 8688824.2060791309922934 8688614.3260791301727295 1716423.3516715175937861 1716213.4716715177055448
260 58640847.1952345371246338 58640637.3152345344424248 1716423.3516715175937861 1716213.4716715177055448
261 18740407.5958464369177818 18740197.7158464379608631 1716423.3516715175937861 1716213.4716715177055448
262 13171969.7135952506214380 13171759.8335952498018742 1716423.3516715175937861 1716213.4716715177055448
263 9940170.9187347963452339 9939961.0387347955256701 1716423.3516715175937861 1716213.4716715177055448
264 52530361.8295337781310081 52530151.9495337754487991 1716423.3516715175937861 1716213.4716715177055448
265 6418003.2300441339612007 6417793.3500441340729594 1716423.3516715175937861 1716213.4716715177055448
266 36189018.2417112886905670 36188808.3617112860083580 1716423.3516715175937861 1716213.4716715177055448
267 9530871.9078540764749050 9530662.0278540756553411 1716423.3516715175937861 1716213.4716715177055448
268 16032569.7045103982090950 16032359.8245103973895311 1716423.3516715175937861 1716213.4716715177055448
269 11628787.8441712930798531 11628577.9641712922602892 1716423.3516715175937861 1716213.4716715177055448
270 10833141.6355085540562868 10832931.7555085532367229 1716423.3516715175937861 1716213.4716715177055448
271 16283269.2399029601365328 16283059.3599029593169689 1716423.3516715175937861 1716213.4716715177055448
272 9502606.8745817672461271 9502396.9945817664265633 1716423.3516715175937861 1716213.4716715177055448
273 9100920.3197155594825745 9100710.4397155586630106 1716423.3516715175937861 1716213.4716715177055448
274 15003546.8576100263744593 15003336.9776100255548954 1716423.3516715175937861 1716213.4716715177055448
275 12787008.0456605758517981 12786798.1656605750322342 1716423.3516715175937861 1716213.4716715177055448
276 11790159.2286396287381649 11789949.3486396279186010 1716423.3516715175937861 1716213.4716715177055448
277 34661732.5562644153833389 34661522.6762644127011299 1716423.3516715175937861 1716213.4716715177055448
278 11591930.1497712284326553 11591720.2697712276130915 1716423.3516715175937861 1716213.4716715177055448
279 9588782.0107051301747561 9588572.1307051293551922 1716423.3516715175937861 1716213.4716715177055448
280 28394270.8649037927389145 28394060.9849037937819958 1716423.3516715175937861 1716213.4716715177055448
281 44395237.8434559702873230 44395027.9634559676051140 1716423.3516715175937861 1716213.4716715177055448
282 15190663.3584180660545826 15190453.4784180652350187 1716423.3516715175937861 1716213.4716715177055448
283 53559186.3328244388103485 53558976.4528244361281395 1716423.3516715175937861 1716213.4716715177055448
284 13588475.9543182644993067 13588266.0743182636797428 1716423.3516715175937861 1716213.4716715177055448
285 38926187.8102469593286514 38925977.9302469566464424 1716423.3516715175937861 1716213.4716715177055448
286 19078944.3145411498844624 19078734.4345411509275436 1716423.3516715175937861 1716213.4716715177055448
287 9207058.9249709993600845 9206849.0449709985405207 1716423.3516715175937861 1716213.4716715177055448
288 11756833.4264259748160839 11756623.5464259739965200 1716423.3516715175937861 1716213.4716715177055448
289 24388163.0295293256640434 24387953.1495293267071247 1716423.3516715175937861 1716213.4716715177055448
290 13620790.4658420663326979 13620580.5858420655131340 1716423.3516715175937861 1716213.4716715177055448
291 30514833.2497093863785267 30514623.3697093874216080 1716423.3516715175937861 1716213.4716715177055448
292 27982276.8495507016777992 27982066.9695507027208805 1716423.3516715175937861 1716213.4716715177055448
293 14254294.6062067318707705 14254084.7262067310512066 1716423.3516715175937861 1716213.4716715177055448
294 30585690.0613338537514210 30585480.1813338547945023 1716423.3516715175937861 1716213.4716715177055448
295 35393591.6465477198362350 35393381.7665477171540260 1716423.3516715175937861 1716213.4716715177055448
296 13798933.0662316400557756 13798723.1862316392362118 1716423.3516715175937861 1716213.4716715177055448
297 23283739.7979685664176941 23283529.9179685674607754 1716423.3516715175937861 1716213.4716715177055448
298 24740024.4230602867901325 24739814.5430602878332138 1716423.3516715175937861 1716213.4716715177055448
299 11218828.7827091570943594 11218618.9027091562747955 1716423.3516715175937861 1716213.4716715177055448
300 20952440.5349410958588123 20952230.6549410969018936 1716423.3516715175937861 1716213.4716715177055448
301 6379270.3334816228598356 6379060.4534816229715943 1716423.3516715175937861 1716213.4716715177055448
302 22157023.8848695456981659 22156814.0048695467412472 1716423.3516715175937861 1716213.4716715177055448
303 19789191.7410061135888100 19788981.8610061146318913 1716423.3516715175937861 1716213.4716715177055448
304 14565956.2562033049762249 14565746.3762033041566610 1716423.3516715175937861 1716213.4716715177055448
305 42271096.4866467714309692 42270886.6066467687487602 1716423.3516715175937861 1716213.4716715177055448
306 22163923.9343446865677834 22163714.0543446876108646 1716423.3516715175937861 1716213.4716715177055448
307 10824976.6522573903203011 10824766.7722573895007372 1716423.3516715175937861 1716213.4716715177055448
308 21576689.2170908637344837 21576479.3370908647775650 1716423.3516715175937861 1716213.4716715177055448
309 3879665.0488371825776994 3879455.1688371826894581 1716423.3516715175937861 1716213.4716715177055448
310 13256268.5738295298069715 13256058.6938295289874077 1716423.3516715175937861 1716213.4716715177055448
311 12447056.1596918553113937 12446846.2796918544918299 1716423.3516715175937861 1716213.4716715177055448
312 23436969.7029845491051674 23436759.8229845501482487 1716423.3516715175937861 1716213.4716715177055448
313 19309165.2287663109600544 19308955.3487663120031357 1716423.3516715175937861 1716213.4716715177055448
314 7857153.3945558872073889 7856943.5145558873191476 1716423.3516715175937861 1716213.4716715177055448
315 32296329.3358426019549370 32296119.4558426029980183 1716423.3516715175937861 1716213.4716715177055448
316 7676030.2266138261184096 7675820.3466138262301683 1716423.3516715175937861 1716213.4716715177055448
317 21453583.3824529200792313 21453373.5024529211223125 1716423.3516715175937861 1716213.4716715177055448
318 17932332.6100292578339577 17932122.7300292588770390 1716423.3516715175937861 1716213.4716715177055448
319 35484582.0939739122986794 35484372.2139739096164703 1716423.3516715175937861 1716213.4716715177055448
320 6045038.1651874408125877 6044828.2851874409243464 1716423.3516715175937861 1716213.4716715177055448
321 13014553.9732089694589376 13014344.0932089686393738 1716423.3516715175937861 1716213.4716715177055448
322 12338194.8480404727160931 12337984.9680404718965292 1716423.3516715175937861 1716213.4716715177055448
323 9607401.7563901674002409 9607191.8763901665806770 1716423.3516715175937861 1716213.4716715177055448
324 45593574.8584013432264328 45593364.9784013405442238 1716423.3516715175937861 1716213.4716715177055448
325 13450233.6540189608931541 13450023.7740189600735903 1716423.3516715175937861 1716213.4716715177055448
326 21361790.5265693925321102 21361580.6465693935751915 1716423.3516715175937861 1716213.4716715177055448
327 34488185.6924787014722824 34487975.8124786987900734 1716423.3516715175937861 1716213.4716715177055448
328 17371405.4601652771234512 17371195.5801652781665325 1716423.3516715175937861 1716213.4716715177055448
329 15425378.3926629107445478 15425168.5126629099249840 1716423.3516715175937861 1716213.4716715177055448
330 2923609.4068888328038156 2923399.5268888329155743 1716423.3516715175937861 1716213.4716715177055448
331 10650906.7866730820387602 10650696.9066730812191963 1716423.3516715175937861 1716213.4716715177055448
332 30665368.3739464581012726 30665158.4939464591443539 1716423.3516715175937861 1716213.4716715177055448
333 9549426.7544194925576448 9549216.8744194917380810 1716423.3516715175937861 1716213.4716715177055448
334 8383936.9993653958663344 8383727.1193653959780931 1716423.3516715175937861 1716213.4716715177055448
335 20314408.3401772342622280 20314198.4601772353053093 1716423.3516715175937861 1716213.4716715177055448
336 10162719.5890277922153473 10162509.7090277913957834 1716423.3516715175937861 1716213.4716715177055448
337 14159852.0342289134860039 14159642.1542289126664400 1716423.3516715175937861 1716213.4716715177055448
338 12303755.3111455328762531 12303545.4311455320566893 1716423.3516715175937861 1716213.4716715177055448
339 5001144.3313895352184772 5000934.4513895353302360 1716423.3516715175937861 1716213.4716715177055448
340 36671588.8708460107445717 36671378.9908460080623627 1716423.3516715175937861 1716213.4716715177055448
341 5496798.1823684265837073 5496588.3023684266954660 1716423.3516715175937861 1716213.4716715177055448
342 9890132.2218411881476641 9889922.3418411873281002 1716423.3516715175937861 1716213.4716715177055448
343 11168054.8558299522846937 11167844.9758299514651299 1716423.3516715175937861 1716213.4716715177055448
344 9088774.7341610621660948 9088564.8541610613465309 1716423.3516715175937861 1716213.4716715177055448
345 2899336.2275754227302969 2899126.3475754228420556 1716423.3516715175937861 1716213.4716715177055448
346 29126581.8576478175818920 29126371.9776478186249733 1716423.3516715175937861 1716213.4716715177055448
347 17364624.4911241494119167 17364414.6111241504549980 1716423.3516715175937861 1716213.4716715177055448
348 30494666.5225862115621567 30494456.6425862126052380 1716423.3516715175937861 1716213.4716715177055448
349 12753239.4749965891242027 12753029.5949965883046389 1716423.3516715175937861 1716213.4716715177055448
350 14719801.0131341218948364 14719591.1331341210752726 1716423.3516715175937861 1716213.4716715177055448
351 13208080.7739759981632233 13207870.8939759973436594 1716423.3516715175937861 1716213.4716715177055448
352 23191997.9284350052475929 23191788.0484350062906742 1716423.3516715175937861 1716213.4716715177055448
353 2761431.7325643328949809 2761221.8525643330067396 1716423.3516715175937861 1716213.4716715177055448
354 17050334.0049946829676628 17050124.1249946840107441 1716423.3516715175937861 1716213.4716715177055448
355 14269587.9521347526460886 14269378.0721347518265247 1716423.3516715175937861 1716213.4716715177055448
356 42308587.2547122910618782 42308377.3747122883796692 1716423.3516715175937861 1716213.4716715177055448
357 14464003.4173630177974701 14463793.5373630169779062 1716423.3516715175937861 1716213.4716715177055448
358 1245948.4203759767115116 1245738.5403759768232703 1245948.4203759767115116 1245738.5403759768232703
359 8728692.0897555146366358 8728482.2097555138170719 1245948.4203759767115116 1245738.5403759768232703
360 12560969.2632602248340845 12560759.3832602240145206 1245948.4203759767115116 1245738.5403759768232703
361 11023501.1494786720722914 11023291.2694786712527275 1245948.4203759767115116 1245738.5403759768232703
362 37071805.4241624623537064 37071595.5441624596714973 1245948.4203759767115116 1245738.5403759768232703
363 34316094.8875672295689583 34315885.0075672268867493 1245948.4203759767115116 1245738.5403759768232703
364 29993609.7271896153688431 29993399.8471896164119244 1245948.4203759767115116 1245738.5403759768232703
365 20068769.9887696132063866 20068560.1087696142494678 1245948.4203759767115116 1245738.5403759768232703
366 22419000.8837705105543137 22418791.0037705115973949 1245948.4203759767115116 1245738.5403759768232703
367 10383117.7799349185079336 10382907.8999349176883698 1245948.4203759767115116 1245738.5403759768232703
368 12283833.3558267690241337 12283623.4758267682045698 1245948.4203759767115116 1245738.5403759768232703
369 60749777.4586979672312737 60749567.5786979645490646 1245948.4203759767115116 1245738.5403759768232703
370 23426166.2308497950434685 23425956.3508497960865498 1245948.4203759767115116 1245738.5403759768232703
371 17392222.9634244665503502 17392013.0834244675934315 1245948.4203759767115116 1245738.5403759768232703
372 15038097.6083947382867336 15037887.7283947374671698 1245948.4203759767115116 1245738.5403759768232703
373 52758879.7280248254537582 52758669.8480248227715492 1245948.4203759767115116 1245738.5403759768232703
374 14121626.2935615032911301 14121416.4135615024715662 1245948.4203759767115116 1245738.5403759768232703
375 6512246.1035882011055946 6512036.2235882012173533 1245948.4203759767115116 1245738.5403759768232703
376 19184655.8216759860515594 19184445.9416759870946407 1245948.4203759767115116 1245738.5403759768232703
377 11496259.4629995431751013 11496049.5829995423555374 1245948.4203759767115116 1245738.5403759768232703
378 5934069.5609162710607052 5933859.6809162711724639 1245948.4203759767115116 1245738.5403759768232703
379 10148676.4797875955700874 10148466.5997875947505236 1245948.4203759767115116 1245738.5403759768232703
380 12485829.6186468638479710 12485619.7386468630284071 1245948.4203759767115116 1245738.5403759768232703
381 48156264.6585703045129776 48156054.7785703018307686 1245948.4203759767115116 1245738.5403759768232703
382 2280125.4153424380347133 2279915.5353424381464720 1245948.4203759767115116 1245738.5403759768232703
383 26913168.4372868053615093 26912958.5572868064045906 1245948.4203759767115116 1245738.5403759768232703
384 11115649.5931788794696331 11115439.7131788786500692 1245948.4203759767115116 1245738.5403759768232703
385 21876609.6813926845788956 21876399.8013926856219769 1245948.4203759767115116 1245738.5403759768232703
386 31235579.2619613185524940 31235369.3819613195955753 1245948.4203759767115116 1245738.5403759768232703
387 57227981.8010351285338402 57227771.9210351258516312 1245948.4203759767115116 1245738.5403759768232703
388 8162121.4110516915097833 8161911.5310516916215420 1245948.4203759767115116 1245738.5403759768232703
389 4065241.5724441222846508 4065031.6924441223964095 1245948.4203759767115116 1245738.5403759768232703
390 1343875.2212523641064763 1343665.3412523642182350 1245948.4203759767115116 1245738.5403759768232703
391 13963228.5458034817129374 13963018.6658034808933735 1245948.4203759767115116 1245738.5403759768232703
392 14568752.1335472371429205 14568542.2535472363233566 1245948.4203759767115116 1245738.5403759768232703
393 12560424.8109903316944838 12560214.9309903308749199 1245948.4203759767115116 1245738.5403759768232703
394 27516484.3307805582880974 27516274.4507805593311787 1245948.4203759767115116 1245738.5403759768232703
395 10108784.3528445418924093 10108574.4728445410728455 1245948.4203759767115116 1245738.5403759768232703
396 12812243.9166668262332678 12812034.0366668254137039 1245948.4203759767115116 1245738.5403759768232703
397 3626221.2141376710496843 3626011.3341376711614430 1245948.4203759767115116 1245738.5403759768232703
398 18253209.1671881191432476 18252999.2871881201863289 1245948.4203759767115116 1245738.5403759768232703
399 53678096.1019370704889297 53677886.2219370678067207 1245948.4203759767115116 1245738.5403759768232703
400 17311771.6762332469224930 17311561.7962332479655743 1245948.4203759767115116 1245738.5403759768232703
401 52012905.1473942399024963 52012695.2673942372202873 1245948.4203759767115116 1245738.5403759768232703
402 49148662.2851834744215012 49148452.4051834717392921 1245948.4203759767115116 1245738.5403759768232703
403 6945304.8946953760460019 6945095.0146953761577606 1245948.4203759767115116 1245738.5403759768232703
404 26522178.7060504406690598 26521968.8260504417121410 1245948.4203759767115116 1245738.5403759768232703
405 20356090.5316592156887054 20355880.6516592167317867 1245948.4203759767115116 1245738.5403759768232703
406 17906544.0820135697722435 17906334.2020135708153248 1245948.4203759767115116 1245738.5403759768232703
407 3971569.6495742155238986 3971359.7695742156356573 1245948.4203759767115116 1245738.5403759768232703
408 26349785.6362265236675739 26349575.7562265247106552 1245948.4203759767115116 1245738.5403759768232703
409 14815732.5800252351909876 14815522.7000252343714237 1245948.4203759767115116 1245738.5403759768232703
410 9668636.4748041611164808 9668426.5948041602969170 1245948.4203759767115116 1245738.5403759768232703
411 19562437.8065762184560299 19562227.9265762194991112 1245948.4203759767115116 1245738.5403759768232703
412 6224355.0217588637024164 6224145.1417588638141751 1245948.4203759767115116 1245738.5403759768232703
413 8556909.9467388521879911 8556700.0667388513684273 1245948.4203759767115116 1245738.5403759768232703
414 35904413.3247357085347176 35904203.4447357058525085 1245948.4203759767115116 1245738.5403759768232703
415 14276414.9032430239021778 14276205.0232430230826139 1245948.4203759767115116 1245738.5403759768232703
416 37518185.1476197689771652 37517975.2676197662949562 1245948.4203759767115116 1245738.5403759768232703
417 11612021.3507603928446770 11611811.4707603920251131 1245948.4203759767115116 1245738.5403759768232703
418 18950785.0947510637342930 18950575.2147510647773743 1245948.4203759767115116 1245738.5403759768232703
419 17802105.7470970191061497 17801895.8670970201492310 1245948.4203759767115116 1245738.5403759768232703
420 23387723.6047522053122520 23387513.7247522063553333 1245948.4203759767115116 1245738.5403759768232703
421 12971448.5273112952709198 12971238.6473112944513559 1245948.4203759767115116 1245738.5403759768232703
422 4082097.8361107325181365 4081887.9561107326298952 1245948.4203759767115116 1245738.5403759768232703
423 11966237.2414712905883789 11966027.3614712897688150 1245948.4203759767115116 1245738.5403759768232703
424 17251983.8754178993403912 17251773.9954179003834724 1245948.4203759767115116 1245738.5403759768232703
425 14158502.5839554071426392 14158292.7039554063230753 1245948.4203759767115116 1245738.5403759768232703
426 8933936.0533660091459751 8933726.1733660083264112 1245948.4203759767115116 1245738.5403759768232703
427 5493728.5617775926366448 5493518.6817775927484035 1245948.4203759767115116 1245738.5403759768232703
428 15771028.2507500406354666 15770818.3707500398159027 1245948.4203759767115116 1245738.5403759768232703
429 5861614.2763774041086435 5861404.3963774042204022 1245948.4203759767115116 1245738.5403759768232703
430 19602303.1701219640672207 19602093.2901219651103020 1245948.4203759767115116 1245738.5403759768232703
431 32216593.5050356686115265 32216383.6250356696546078 1245948.4203759767115116 1245738.5403759768232703
432 6595739.3092934414744377 6595529.4292934415861964 1245948.4203759767115116 1245738.5403759768232703
433 8298017.5461423154920340 8297807.6661423156037927 1245948.4203759767115116 1245738.5403759768232703
434 34729463.2527467757463455 34729253.3727467730641365 1245948.4203759767115116 1245738.5403759768232703
435 51578742.7370726168155670 51578532.8570726141333580 1245948.4203759767115116 1245738.5403759768232703
436 4793792.5825888058170676 4793582.7025888059288263 1245948.4203759767115116 1245738.5403759768232703
437 8297524.0335601363331079 8297314.1535601364448667 1245948.4203759767115116 1245738.5403759768232703
438 38337928.0641623511910439 38337718.1841623485088348 1245948.4203759767115116 1245738.5403759768232703
439 18922226.6540471240878105 18922016.7740471251308918 1245948.4203759767115116 1245738.5403759768232703
440 32021555.5315539836883545 32021345.6515539847314358 1245948.4203759767115116 1245738.5403759768232703
441 21569256.1976862959563732 21569046.3176862969994545 1245948.4203759767115116 1245738.5403759768232703
442 18801367.6183295585215092 18801157.7383295595645905 1245948.4203759767115116 1245738.5403759768232703
443 13266011.5637211147695780 13265801.6837211139500141 1245948.4203759767115116 1245738.5403759768232703
444 29994905.2297919541597366 29994695.3497919552028179 1245948.4203759767115116 1245738.5403759768232703
445 30727701.0338023826479912 30727491.1538023836910725 1245948.4203759767115116 1245738.5403759768232703
446 2029112.2002510495949537 2028902.3202510497067124 1245948.4203759767115116 1245738.5403759768232703
447 4259582.9141280911862850 4259373.0341280912980437 1245948.4203759767115116 1245738.5403759768232703
448 15820355.8359184898436069 15820145.9559184890240431 1245948.4203759767115116 1245738.5403759768232703
449 6687178.3682524366304278 6686968.4882524367421865 1245948.4203759767115116 1245738.5403759768232703
450 19151601.6845695376396179 19151391.8045695386826992 1245948.4203759767115116 1245738.5403759768232703
451 5455405.4904306195676327 5455195.6104306196793914 1245948.4203759767115116 1245738.5403759768232703
452 4212309.9790952065959573 4212100.0990952067077160 1245948.4203759767115116 1245738.5403759768232703
453 17649055.8383116498589516 17648845.9583116509020329 1245948.4203759767115116 1245738.5403759768232703
454 12372000.7624083533883095 12371790.8824083525687456 1245948.4203759767115116 1245738.5403759768232703
455 26587065.6799741461873055 26586855.7999741472303867 1245948.4203759767115116 1245738.5403759768232703
456 12489174.2248281463980675 12488964.3448281455785036 1245948.4203759767115116 1245738.5403759768232703
457 17760857.3467350862920284 17760647.4667350873351097 1245948.4203759767115116 1245738.5403759768232703
458 13093688.4647946842014790 13093478.5847946833819151 1245948.4203759767115116 1245738.5403759768232703
459 48597760.5404198020696640 48597550.6604197993874550 1245948.4203759767115116 1245738.5403759768232703
460 12419036.1281016003340483 12418826.2481015995144844 1245948.4203759767115116 1245738.5403759768232703
461 23336101.5978795662522316 23335891.7178795672953129 1245948.4203759767115116 1245738.5403759768232703
462 41939590.2540322467684746 41939380.3740322440862656 1245948.4203759767115116 1245738.5403759768232703
463 13173264.7961794100701809 13173054.9161794092506170 1245948.4203759767115116 1245738.5403759768232703
464 2309195.6925657186657190 2308985.8125657187774777 1245948.4203759767115116 1245738.5403759768232703
465 15458393.4748480655252934 15458183.5948480647057295 1245948.4203759767115116 1245738.5403759768232703
466 27970229.6699963137507439 27970019.7899963147938251 1245948.4203759767115116 1245738.5403759768232703
467 19340271.3213152624666691 19340061.4413152635097504 1245948.4203759767115116 1245738.5403759768232703
468 26770698.9070481769740582 26770489.0270481780171394 1245948.4203759767115116 1245738.5403759768232703
469 17733765.9034591503441334 17733556.0234591513872147 1245948.4203759767115116 1245738.5403759768232703
470 13565821.6701602339744568 13565611.7901602331548929 1245948.4203759767115116 1245738.5403759768232703
471 6187712.7748887911438942 6187502.8948887912556529 1245948.4203759767115116 1245738.5403759768232703
472 6112938.8179347021505237 6112728.9379347022622824 1245948.4203759767115116 1245738.5403759768232703
473 10369793.2101785149425268 10369583.3301785141229630 1245948.4203759767115116 1245738.5403759768232703
474 5377476.2111110882833600 5377266.3311110883951187 1245948.4203759767115116 1245738.5403759768232703
475 8607384.1085384953767061 8607174.2285384945571423 1245948.4203759767115116 1245738.5403759768232703
476 18008722.7775403447449207 18008512.8975403457880020 1245948.4203759767115116 1245738.5403759768232703
477 11432880.0991004686802626 11432670.2191004678606987 1245948.4203759767115116 1245738.5403759768232703
478 1545120.1330752116627991 1544910.2530752117745578 1245948.4203759767115116 1245738.5403759768232703
479 20089972.7271560803055763 20089762.8471560813486576 1245948.4203759767115116 1245738.5403759768232703
480 19395862.6121886149048805 19395652.7321886159479618 1245948.4203759767115116 1245738.5403759768232703
481 3362739.2491233218461275 3362529.3691233219578862 1245948.4203759767115116 1245738.5403759768232703
482 26573942.4158162176609039 26573732.5358162187039852 1245948.4203759767115116 1245738.5403759768232703
483 14715305.6951931249350309 14715095.8151931241154671 1245948.4203759767115116 1245738.5403759768232703
484 10524407.5086803026497364 10524197.6286803018301725 1245948.4203759767115116 1245738.5403759768232703
485 9844768.2353359311819077 9844558.3553359303623438 1245948.4203759767115116 1245738.5403759768232703
486 17639518.4894879087805748 17639308.6094879098236561 1245948.4203759767115116 1245738.5403759768232703
487 10408354.9939978905022144 10408145.1139978896826506 1245948.4203759767115116 1245738.5403759768232703
488 7958802.2985387649387121 7958592.4185387650504708 1245948.4203759767115116 1245738.5403759768232703
489 10679374.8187802508473396 10679164.9387802500277758 1245948.4203759767115116 1245738.5403759768232703
490 16181627.7166008409112692 16181417.8366008400917053 1245948.4203759767115116 1245738.5403759768232703
491 9681142.7816165238618851 9680932.9016165230423212 1245948.4203759767115116 1245738.5403759768232703
492 14990512.9022249057888985 14990303.0222249049693346 1245948.4203759767115116 1245738.5403759768232703
493 10846239.0752384085208178 10846029.1952384077012539 1245948.4203759767115116 1245738.5403759768232703
494 13971054.2248053587973118 13970844.3448053579777479 1245948.4203759767115116 1245738.5403759768232703
495 11029824.5338425561785698 11029614.6538425553590059 1245948.4203759767115116 1245738.5403759768232703
496 14225350.3022414669394493 14225140.4222414661198854 1245948.4203759767115116 1245738.5403759768232703
497 23323942.1132154464721680 23323732.2332154475152493 1245948.4203759767115116 1245738.5403759768232703
498 14315762.0224664434790611 14315552.1424664426594973 1245948.4203759767115116 1245738.5403759768232703
499 10873949.7700579017400742 10873739.8900579009205103 1245948.4203759767115116 1245738.5403759768232703
500 5811286.8465854404494166 5811076.9665854405611753 1245948.4203759767115116 1245738.5403759768232703
