evaluations raw_y current_y raw_y_best current_y_best
1 23229175.4012045748531818 23228965.5212045758962631 23229175.4012045748531818 23228965.5212045758962631
2 35899535.3606138601899147 35899325.4806138575077057 23229175.4012045748531818 23228965.5212045758962631
3 36152983.2136115729808807 36152773.3336115702986717 23229175.4012045748531818 23228965.5212045758962631
4 14320066.6914783194661140 14319856.8114783186465502 14320066.6914783194661140 14319856.8114783186465502
5 38348393.2789272069931030 38348183.3989272043108940 14320066.6914783194661140 14319856.8114783186465502
6 18261822.0032454505562782 18261612.1232454515993595 14320066.6914783194661140 14319856.8114783186465502
7 17964082.9165341854095459 17963873.0365341864526272 14320066.6914783194661140 14319856.8114783186465502
8 15438169.1793204117566347 15437959.2993204109370708 14320066.6914783194661140 14319856.8114783186465502
9 17911237.1923094615340233 17911027.3123094625771046 14320066.6914783194661140 14319856.8114783186465502
10 14012782.8892224133014679 14012573.0092224124819040 14012782.8892224133014679 14012573.0092224124819040
11 14889564.2950001265853643 14889354.4150001257658005 14012782.8892224133014679 14012573.0092224124819040
12 17995400.4953880012035370 17995190.6153880022466183 14012782.8892224133014679 14012573.0092224124819040
13 15253796.2567156460136175 15253586.3767156451940536 14012782.8892224133014679 14012573.0092224124819040
14 13788428.0131443869322538 13788218.1331443861126900 13788428.0131443869322538 13788218.1331443861126900
15 13776997.9715670160949230 13776788.0915670152753592 13776997.9715670160949230 13776788.0915670152753592
16 12501652.1099129430949688 12501442.2299129422754049 12501652.1099129430949688 12501442.2299129422754049
17 12233127.1557849012315273 12232917.2757849004119635 12233127.1557849012315273 12232917.2757849004119635
18 13890851.6593395844101906 13890641.7793395835906267 12233127.1557849012315273 12232917.2757849004119635
19 11144401.0988710261881351 11144191.2188710253685713 11144401.0988710261881351 11144191.2188710253685713
20 11125900.1236059982329607 11125690.2436059974133968 11125900.1236059982329607 11125690.2436059974133968
21 12368713.7011537533253431 12368503.8211537525057793 11125900.1236059982329607 11125690.2436059974133968
22 13462343.7994061950594187 13462133.9194061942398548 11125900.1236059982329607 11125690.2436059974133968
23 12837362.8189419321715832 12837152.9389419313520193 11125900.1236059982329607 11125690.2436059974133968
24 11233469.4646458551287651 11233259.5846458543092012 11125900.1236059982329607 11125690.2436059974133968
25 11779648.4779346492141485 11779438.5979346483945847 11125900.1236059982329607 11125690.2436059974133968
26 11724303.5831913873553276 11724093.7031913865357637 11125900.1236059982329607 11125690.2436059974133968
27 10739902.0282194074243307 10739692.1482194066047668 10739902.0282194074243307 10739692.1482194066047668
28 12957103.0195245202630758 12956893.1395245194435120 10739902.0282194074243307 10739692.1482194066047668
29 12813785.7972925696521997 12813575.9172925688326359 10739902.0282194074243307 10739692.1482194066047668
30 12618621.3103154059499502 12618411.4303154051303864 10739902.0282194074243307 10739692.1482194066047668
31 12741687.1399312354624271 12741477.2599312346428633 10739902.0282194074243307 10739692.1482194066047668
32 12601272.0866822060197592 12601062.2066822052001953 10739902.0282194074243307 10739692.1482194066047668
33 13185644.7799214515835047 13185434.8999214507639408 10739902.0282194074243307 10739692.1482194066047668
34 12999810.3239011187106371 12999600.4439011178910732 10739902.0282194074243307 10739692.1482194066047668
35 13644378.3549927212297916 13644168.4749927204102278 10739902.0282194074243307 10739692.1482194066047668
36 12016082.8571617454290390 12015872.9771617446094751 10739902.0282194074243307 10739692.1482194066047668
37 13839166.7981181256473064 13838956.9181181248277426 10739902.0282194074243307 10739692.1482194066047668
38 12532062.2295155543833971 12531852.3495155535638332 10739902.0282194074243307 10739692.1482194066047668
39 11676847.5109719187021255 11676637.6309719178825617 10739902.0282194074243307 10739692.1482194066047668
40 12011086.1674426086246967 12010876.2874426078051329 10739902.0282194074243307 10739692.1482194066047668
41 11722895.9942422583699226 11722686.1142422575503588 10739902.0282194074243307 10739692.1482194066047668
42 12462717.4484292212873697 12462507.5684292204678059 10739902.0282194074243307 10739692.1482194066047668
43 11816583.9588729925453663 11816374.0788729917258024 10739902.0282194074243307 10739692.1482194066047668
44 11830520.7192276231944561 11830310.8392276223748922 10739902.0282194074243307 10739692.1482194066047668
45 13061294.6476183775812387 13061084.7676183767616749 10739902.0282194074243307 10739692.1482194066047668
46 11107005.0662682242691517 11106795.1862682234495878 10739902.0282194074243307 10739692.1482194066047668
47 11341240.6152867265045643 11341030.7352867256850004 10739902.0282194074243307 10739692.1482194066047668
48 11353790.5398316308856010 11353580.6598316300660372 10739902.0282194074243307 10739692.1482194066047668
49 11729023.5544550083577633 11728813.6744550075381994 10739902.0282194074243307 10739692.1482194066047668
50 11759800.5433414243161678 11759590.6633414234966040 10739902.0282194074243307 10739692.1482194066047668
51 10098622.5528206769376993 10098412.6728206761181355 10098622.5528206769376993 10098412.6728206761181355
52 12451858.0626414176076651 12451648.1826414167881012 10098622.5528206769376993 10098412.6728206761181355
53 12518392.3666726965457201 12518182.4866726957261562 10098622.5528206769376993 10098412.6728206761181355
54 12402237.6922187916934490 12402027.8122187908738852 10098622.5528206769376993 10098412.6728206761181355
55 13763354.2847965434193611 13763144.4047965425997972 10098622.5528206769376993 10098412.6728206761181355
56 12181265.1362617965787649 12181055.2562617957592010 10098622.5528206769376993 10098412.6728206761181355
57 11674152.9248486105352640 11673943.0448486097157001 10098622.5528206769376993 10098412.6728206761181355
58 12698857.8039517384022474 12698647.9239517375826836 10098622.5528206769376993 10098412.6728206761181355
59 10195885.1937178187072277 10195675.3137178178876638 10098622.5528206769376993 10098412.6728206761181355
60 13348705.4150243755429983 13348495.5350243747234344 10098622.5528206769376993 10098412.6728206761181355
61 13001977.3975576329976320 13001767.5175576321780682 10098622.5528206769376993 10098412.6728206761181355
62 13301650.3317886628210545 13301440.4517886620014906 10098622.5528206769376993 10098412.6728206761181355
63 12987857.7422164026647806 12987647.8622164018452168 10098622.5528206769376993 10098412.6728206761181355
64 14052937.3579915314912796 14052727.4779915306717157 10098622.5528206769376993 10098412.6728206761181355
65 11087721.8234584890305996 11087511.9434584882110357 10098622.5528206769376993 10098412.6728206761181355
66 12923311.0246414486318827 12923101.1446414478123188 10098622.5528206769376993 10098412.6728206761181355
67 14260162.8336344771087170 14259952.9536344762891531 10098622.5528206769376993 10098412.6728206761181355
68 18784691.9885782301425934 18784482.1085782311856747 10098622.5528206769376993 10098412.6728206761181355
69 12271094.7739269714802504 12270884.8939269706606865 10098622.5528206769376993 10098412.6728206761181355
70 13812901.7836899552494287 13812691.9036899544298649 10098622.5528206769376993 10098412.6728206761181355
71 14174901.3832518644630909 14174691.5032518636435270 10098622.5528206769376993 10098412.6728206761181355
72 11848692.5010313428938389 11848482.6210313420742750 10098622.5528206769376993 10098412.6728206761181355
73 14375414.4726423546671867 14375204.5926423538476229 10098622.5528206769376993 10098412.6728206761181355
74 12183705.1816811598837376 12183495.3016811590641737 10098622.5528206769376993 10098412.6728206761181355
75 11494184.1161040291190147 11493974.2361040282994509 10098622.5528206769376993 10098412.6728206761181355
76 12953898.0362817700952291 12953688.1562817692756653 10098622.5528206769376993 10098412.6728206761181355
77 15879996.8713241256773472 15879786.9913241248577833 10098622.5528206769376993 10098412.6728206761181355
78 12899199.7907721512019634 12898989.9107721503823996 10098622.5528206769376993 10098412.6728206761181355
79 11039983.9784726705402136 11039774.0984726697206497 10098622.5528206769376993 10098412.6728206761181355
80 13459396.7189487013965845 13459186.8389487005770206 10098622.5528206769376993 10098412.6728206761181355
81 4617919.6008433885872364 4617709.7208433886989951 4617919.6008433885872364 4617709.7208433886989951
82 14151095.2745993435382843 14150885.3945993427187204 4617919.6008433885872364 4617709.7208433886989951
83 14173176.1358266491442919 14172966.2558266483247280 4617919.6008433885872364 4617709.7208433886989951
84 12689954.7560197170823812 12689744.8760197162628174 4617919.6008433885872364 4617709.7208433886989951
85 10085634.0258239209651947 10085424.1458239201456308 4617919.6008433885872364 4617709.7208433886989951
86 20067205.1216401346027851 20066995.2416401356458664 4617919.6008433885872364 4617709.7208433886989951
87 9930556.4670243598520756 9930346.5870243590325117 4617919.6008433885872364 4617709.7208433886989951
88 10412340.3868373222649097 10412130.5068373214453459 4617919.6008433885872364 4617709.7208433886989951
89 12180843.8858287539333105 12180634.0058287531137466 4617919.6008433885872364 4617709.7208433886989951
90 11261746.7563179060816765 11261536.8763179052621126 4617919.6008433885872364 4617709.7208433886989951
91 10815767.5197674464434385 10815557.6397674456238747 4617919.6008433885872364 4617709.7208433886989951
92 15724855.4706916008144617 15724645.5906915999948978 4617919.6008433885872364 4617709.7208433886989951
93 11466541.5713206026703119 11466331.6913206018507481 4617919.6008433885872364 4617709.7208433886989951
94 11612895.3416535090655088 11612685.4616535082459450 4617919.6008433885872364 4617709.7208433886989951
95 13554648.5342444032430649 13554438.6542444024235010 4617919.6008433885872364 4617709.7208433886989951
96 12099424.9560392685234547 12099215.0760392677038908 4617919.6008433885872364 4617709.7208433886989951
97 12709969.0885459091514349 12709759.2085459083318710 4617919.6008433885872364 4617709.7208433886989951
98 10919717.9494402520358562 10919508.0694402512162924 4617919.6008433885872364 4617709.7208433886989951
99 19386762.6953406631946564 19386552.8153406642377377 4617919.6008433885872364 4617709.7208433886989951
100 17382210.0889013707637787 17382000.2089013718068600 4617919.6008433885872364 4617709.7208433886989951
101 9269467.4367905333638191 9269257.5567905325442553 4617919.6008433885872364 4617709.7208433886989951
102 15189084.1913701780140400 15188874.3113701771944761 4617919.6008433885872364 4617709.7208433886989951
103 13102881.6890140771865845 13102671.8090140763670206 4617919.6008433885872364 4617709.7208433886989951
104 10949516.6921977754682302 10949306.8121977746486664 4617919.6008433885872364 4617709.7208433886989951
105 17257532.4542118608951569 17257322.5742118619382381 4617919.6008433885872364 4617709.7208433886989951
106 11924535.8156528715044260 11924325.9356528706848621 4617919.6008433885872364 4617709.7208433886989951
107 10263915.7348335124552250 10263705.8548335116356611 4617919.6008433885872364 4617709.7208433886989951
108 8279479.7303223200142384 8279269.8503223201259971 4617919.6008433885872364 4617709.7208433886989951
109 7675251.0016466453671455 7675041.1216466454789042 4617919.6008433885872364 4617709.7208433886989951
110 8520720.4968865048140287 8520510.6168865039944649 4617919.6008433885872364 4617709.7208433886989951
111 8777625.0053324103355408 8777415.1253324095159769 4617919.6008433885872364 4617709.7208433886989951
112 9606600.8987624384462833 9606391.0187624376267195 4617919.6008433885872364 4617709.7208433886989951
113 7921429.5102292168885469 7921219.6302292170003057 4617919.6008433885872364 4617709.7208433886989951
114 9569845.8633589260280132 9569635.9833589252084494 4617919.6008433885872364 4617709.7208433886989951
115 10815873.8176797814667225 10815663.9376797806471586 4617919.6008433885872364 4617709.7208433886989951
116 12101440.5693525318056345 12101230.6893525309860706 4617919.6008433885872364 4617709.7208433886989951
117 8724458.9603504352271557 8724249.0803504344075918 4617919.6008433885872364 4617709.7208433886989951
118 10656148.5538020115345716 10655938.6738020107150078 4617919.6008433885872364 4617709.7208433886989951
119 10626402.3327507060021162 10626192.4527507051825523 4617919.6008433885872364 4617709.7208433886989951
120 8034511.6739613004028797 8034301.7939613005146384 4617919.6008433885872364 4617709.7208433886989951
121 12571819.2504191603511572 12571609.3704191595315933 4617919.6008433885872364 4617709.7208433886989951
122 8728234.6464842669665813 8728024.7664842661470175 4617919.6008433885872364 4617709.7208433886989951
123 10283665.4481066726148129 10283455.5681066717952490 4617919.6008433885872364 4617709.7208433886989951
124 8194750.5848736362531781 8194540.7048736363649368 4617919.6008433885872364 4617709.7208433886989951
125 13320339.6530582327395678 13320129.7730582319200039 4617919.6008433885872364 4617709.7208433886989951
126 9197202.8130017630755901 9196992.9330017622560263 4617919.6008433885872364 4617709.7208433886989951
127 9707934.2814659364521503 9707724.4014659356325865 4617919.6008433885872364 4617709.7208433886989951
128 11612742.9289824571460485 11612533.0489824563264847 4617919.6008433885872364 4617709.7208433886989951
129 13203022.1917745843529701 13202812.3117745835334063 4617919.6008433885872364 4617709.7208433886989951
130 12457320.9178129956126213 12457111.0378129947930574 4617919.6008433885872364 4617709.7208433886989951
131 11349295.3074201457202435 11349085.4274201449006796 4617919.6008433885872364 4617709.7208433886989951
132 9656257.0792771801352501 9656047.1992771793156862 4617919.6008433885872364 4617709.7208433886989951
133 9332912.1643495075404644 9332702.2843495067209005 4617919.6008433885872364 4617709.7208433886989951
134 7779161.8253905791789293 7778951.9453905792906880 4617919.6008433885872364 4617709.7208433886989951
135 10161480.8597380481660366 10161270.9797380473464727 4617919.6008433885872364 4617709.7208433886989951
136 10212610.5827613808214664 10212400.7027613800019026 4617919.6008433885872364 4617709.7208433886989951
137 7532800.0751221347600222 7532590.1951221348717809 4617919.6008433885872364 4617709.7208433886989951
138 15488688.6038926839828491 15488478.7238926831632853 4617919.6008433885872364 4617709.7208433886989951
139 7359947.9524821462109685 7359738.0724821463227272 4617919.6008433885872364 4617709.7208433886989951
140 8047664.2894764374941587 8047454.4094764376059175 4617919.6008433885872364 4617709.7208433886989951
141 22655082.0556822493672371 22654872.1756822504103184 4617919.6008433885872364 4617709.7208433886989951
142 9987272.1736208628863096 9987062.2936208620667458 4617919.6008433885872364 4617709.7208433886989951
143 10156668.6148339174687862 10156458.7348339166492224 4617919.6008433885872364 4617709.7208433886989951
144 8479146.3163438327610493 8478936.4363438319414854 4617919.6008433885872364 4617709.7208433886989951
145 5473861.3501133304089308 5473651.4701133305206895 4617919.6008433885872364 4617709.7208433886989951
146 7065662.5775730758905411 7065452.6975730760022998 4617919.6008433885872364 4617709.7208433886989951
147 8125367.0026225503534079 8125157.1226225504651666 4617919.6008433885872364 4617709.7208433886989951
148 7717660.3877874575555325 7717450.5077874576672912 4617919.6008433885872364 4617709.7208433886989951
149 7013788.1215118728578091 7013578.2415118729695678 4617919.6008433885872364 4617709.7208433886989951
150 7762106.7824104744940996 7761896.9024104746058583 4617919.6008433885872364 4617709.7208433886989951
151 8266692.9653271352872252 8266483.0853271353989840 4617919.6008433885872364 4617709.7208433886989951
152 9699465.3311502952128649 9699255.4511502943933010 4617919.6008433885872364 4617709.7208433886989951
153 8429432.8439911343157291 8429222.9639911334961653 4617919.6008433885872364 4617709.7208433886989951
154 7465612.4875223385170102 7465402.6075223386287689 4617919.6008433885872364 4617709.7208433886989951
155 7799762.5216239923611283 7799552.6416239924728870 4617919.6008433885872364 4617709.7208433886989951
156 10562617.5159675106406212 10562407.6359675098210573 4617919.6008433885872364 4617709.7208433886989951
157 5484897.2538237730041146 5484687.3738237731158733 4617919.6008433885872364 4617709.7208433886989951
158 6197820.0671585146337748 6197610.1871585147455335 4617919.6008433885872364 4617709.7208433886989951
159 7440572.4133354574441910 7440362.5333354575559497 4617919.6008433885872364 4617709.7208433886989951
160 7651889.1311658993363380 7651679.2511658994480968 4617919.6008433885872364 4617709.7208433886989951
161 7620879.1357646016404033 7620669.2557646017521620 4617919.6008433885872364 4617709.7208433886989951
162 9467504.1689606867730618 9467294.2889606859534979 4617919.6008433885872364 4617709.7208433886989951
163 7900843.5688765384256840 7900633.6888765385374427 4617919.6008433885872364 4617709.7208433886989951
164 9422824.4757441915571690 9422614.5957441907376051 4617919.6008433885872364 4617709.7208433886989951
165 7913012.7473729969933629 7912802.8673729971051216 4617919.6008433885872364 4617709.7208433886989951
166 8908166.7679772023111582 8907956.8879772014915943 4617919.6008433885872364 4617709.7208433886989951
167 10251562.5281773991882801 10251352.6481773983687162 4617919.6008433885872364 4617709.7208433886989951
168 8405053.7835387066006660 8404843.9035387057811022 4617919.6008433885872364 4617709.7208433886989951
169 8301597.7326996168121696 8301387.8526996169239283 4617919.6008433885872364 4617709.7208433886989951
170 6295623.6517835911363363 6295413.7717835912480950 4617919.6008433885872364 4617709.7208433886989951
171 7949346.2816612357273698 7949136.4016612358391285 4617919.6008433885872364 4617709.7208433886989951
172 7001438.1190406400710344 7001228.2390406401827931 4617919.6008433885872364 4617709.7208433886989951
173 5926816.6342452364042401 5926606.7542452365159988 4617919.6008433885872364 4617709.7208433886989951
174 7335700.0782360034063458 7335490.1982360035181046 4617919.6008433885872364 4617709.7208433886989951
175 5624442.8781332466751337 5624232.9981332467868924 4617919.6008433885872364 4617709.7208433886989951
176 8278861.0552482781931758 8278651.1752482783049345 4617919.6008433885872364 4617709.7208433886989951
177 18724692.3853241987526417 18724482.5053241997957230 4617919.6008433885872364 4617709.7208433886989951
178 8140817.3323426870629191 8140607.4523426871746778 4617919.6008433885872364 4617709.7208433886989951
179 9510052.6831468157470226 9509842.8031468149274588 4617919.6008433885872364 4617709.7208433886989951
180 4378712.4098883541300893 4378502.5298883542418480 4378712.4098883541300893 4378502.5298883542418480
181 5529236.0847466019913554 5529026.2047466021031141 4378712.4098883541300893 4378502.5298883542418480
182 4629865.6688237460330129 4629655.7888237461447716 4378712.4098883541300893 4378502.5298883542418480
183 6596148.3832955351099372 6595938.5032955352216959 4378712.4098883541300893 4378502.5298883542418480
184 6541806.0133263450115919 6541596.1333263451233506 4378712.4098883541300893 4378502.5298883542418480
185 5330579.9508103849366307 5330370.0708103850483894 4378712.4098883541300893 4378502.5298883542418480
186 3814017.5393703118897974 3813807.6593703120015562 3814017.5393703118897974 3813807.6593703120015562
187 4058886.2095568454824388 4058676.3295568455941975 3814017.5393703118897974 3813807.6593703120015562
188 16561967.6314351800829172 16561757.7514351792633533 3814017.5393703118897974 3813807.6593703120015562
189 5972495.3752918848767877 5972285.4952918849885464 3814017.5393703118897974 3813807.6593703120015562
190 4206382.2965155467391014 4206172.4165155468508601 3814017.5393703118897974 3813807.6593703120015562
191 2724041.4973607724532485 2723831.6173607725650072 2724041.4973607724532485 2723831.6173607725650072
192 4091203.2819764958694577 4090993.4019764959812164 2724041.4973607724532485 2723831.6173607725650072
193 7990348.1214714245870709 7990138.2414714246988297 2724041.4973607724532485 2723831.6173607725650072
194 8047091.1827351562678814 8046881.3027351563796401 2724041.4973607724532485 2723831.6173607725650072
195 4491897.0480883782729506 4491687.1680883783847094 2724041.4973607724532485 2723831.6173607725650072
196 3980727.7899224637076259 3980517.9099224638193846 2724041.4973607724532485 2723831.6173607725650072
197 4904944.2238079933449626 4904734.3438079934567213 2724041.4973607724532485 2723831.6173607725650072
198 4440412.2709159962832928 4440202.3909159963950515 2724041.4973607724532485 2723831.6173607725650072
199 3733004.6356977121904492 3732794.7556977123022079 2724041.4973607724532485 2723831.6173607725650072
200 3505991.2694329917430878 3505781.3894329918548465 2724041.4973607724532485 2723831.6173607725650072
201 4406107.3621353143826127 4405897.4821353144943714 2724041.4973607724532485 2723831.6173607725650072
202 8385845.0369710009545088 8385635.1569710010662675 2724041.4973607724532485 2723831.6173607725650072
203 3843192.1388628948479891 3842982.2588628949597478 2724041.4973607724532485 2723831.6173607725650072
204 13350618.1851009447127581 13350408.3051009438931942 2724041.4973607724532485 2723831.6173607725650072
205 6714262.7587036201730371 6714052.8787036202847958 2724041.4973607724532485 2723831.6173607725650072
206 6895826.9585969876497984 6895617.0785969877615571 2724041.4973607724532485 2723831.6173607725650072
207 3613184.2175952219404280 3612974.3375952220521867 2724041.4973607724532485 2723831.6173607725650072
208 7029344.2077804068103433 7029134.3277804069221020 2724041.4973607724532485 2723831.6173607725650072
209 3286892.6447794232517481 3286682.7647794233635068 2724041.4973607724532485 2723831.6173607725650072
210 3842166.1319002574309707 3841956.2519002575427294 2724041.4973607724532485 2723831.6173607725650072
211 5305178.3165105432271957 5304968.4365105433389544 2724041.4973607724532485 2723831.6173607725650072
212 4067748.8835959634743631 4067539.0035959635861218 2724041.4973607724532485 2723831.6173607725650072
213 6008334.0705974083393812 6008124.1905974084511399 2724041.4973607724532485 2723831.6173607725650072
214 4552487.2401328841224313 4552277.3601328842341900 2724041.4973607724532485 2723831.6173607725650072
215 5957190.6316227698698640 5956980.7516227699816227 2724041.4973607724532485 2723831.6173607725650072
216 3748636.5786232482641935 3748426.6986232483759522 2724041.4973607724532485 2723831.6173607725650072
217 3318116.1718475716188550 3317906.2918475717306137 2724041.4973607724532485 2723831.6173607725650072
218 3753594.4571375208906829 3753384.5771375210024416 2724041.4973607724532485 2723831.6173607725650072
219 5795702.0531326029449701 5795492.1731326030567288 2724041.4973607724532485 2723831.6173607725650072
220 3758360.6704807551577687 3758150.7904807552695274 2724041.4973607724532485 2723831.6173607725650072
221 5153816.5752715161070228 5153606.6952715162187815 2724041.4973607724532485 2723831.6173607725650072
222 3777280.6883423835970461 3777070.8083423837088048 2724041.4973607724532485 2723831.6173607725650072
223 9790174.3844082802534103 9789964.5044082794338465 2724041.4973607724532485 2723831.6173607725650072
224 5190263.1797015713527799 5190053.2997015714645386 2724041.4973607724532485 2723831.6173607725650072
225 5380261.6486659524962306 5380051.7686659526079893 2724041.4973607724532485 2723831.6173607725650072
226 7369034.1554451808333397 7368824.2754451809450984 2724041.4973607724532485 2723831.6173607725650072
227 7351768.9986337646842003 7351559.1186337647959590 2724041.4973607724532485 2723831.6173607725650072
228 6907191.9060492757707834 6906982.0260492758825421 2724041.4973607724532485 2723831.6173607725650072
229 6998511.1074537076056004 6998301.2274537077173591 2724041.4973607724532485 2723831.6173607725650072
230 3528579.0889680399559438 3528369.2089680400677025 2724041.4973607724532485 2723831.6173607725650072
231 8849071.2030024956911802 8848861.3230024948716164 2724041.4973607724532485 2723831.6173607725650072
232 5175705.9496602658182383 5175496.0696602659299970 2724041.4973607724532485 2723831.6173607725650072
233 16406813.3614529613405466 16406603.4814529605209827 2724041.4973607724532485 2723831.6173607725650072
234 4257890.9580174908041954 4257681.0780174909159541 2724041.4973607724532485 2723831.6173607725650072
235 6075226.1197708528488874 6075016.2397708529606462 2724041.4973607724532485 2723831.6173607725650072
236 4259750.2916487064212561 4259540.4116487065330148 2724041.4973607724532485 2723831.6173607725650072
237 4591729.8358422303572297 4591519.9558422304689884 2724041.4973607724532485 2723831.6173607725650072
238 6330069.4505587276071310 6329859.5705587277188897 2724041.4973607724532485 2723831.6173607725650072
239 4349360.0244889147579670 4349150.1444889148697257 2724041.4973607724532485 2723831.6173607725650072
240 4953587.5517093073576689 4953377.6717093074694276 2724041.4973607724532485 2723831.6173607725650072
241 5332092.7991388943046331 5331882.9191388944163918 2724041.4973607724532485 2723831.6173607725650072
242 4329083.6733247675001621 4328873.7933247676119208 2724041.4973607724532485 2723831.6173607725650072
243 11496956.1554290875792503 11496746.2754290867596865 2724041.4973607724532485 2723831.6173607725650072
244 4809850.8618896463885903 4809640.9818896465003490 2724041.4973607724532485 2723831.6173607725650072
245 7724061.7248361473903060 7723851.8448361475020647 2724041.4973607724532485 2723831.6173607725650072
246 4427570.6234299009665847 4427360.7434299010783434 2724041.4973607724532485 2723831.6173607725650072
247 5978117.8206172203645110 5977907.9406172204762697 2724041.4973607724532485 2723831.6173607725650072
248 4846718.9868412297219038 4846509.1068412298336625 2724041.4973607724532485 2723831.6173607725650072
249 3903210.2310902620665729 3903000.3510902621783316 2724041.4973607724532485 2723831.6173607725650072
250 9324476.9315023347735405 9324267.0515023339539766 2724041.4973607724532485 2723831.6173607725650072
251 4248009.8107032068073750 4247799.9307032069191337 2724041.4973607724532485 2723831.6173607725650072
252 4059829.3354944265447557 4059619.4554944266565144 2724041.4973607724532485 2723831.6173607725650072
253 10668965.8593428730964661 10668755.9793428722769022 2724041.4973607724532485 2723831.6173607725650072
254 7140694.6379636703059077 7140484.7579636704176664 2724041.4973607724532485 2723831.6173607725650072
255 3236910.9498779941350222 3236701.0698779942467809 2724041.4973607724532485 2723831.6173607725650072
256 2426368.0153913372196257 2426158.1353913373313844 2426368.0153913372196257 2426158.1353913373313844
257 2647684.8144390210509300 2647474.9344390211626887 2426368.0153913372196257 2426158.1353913373313844
258 5253821.9901126530021429 5253612.1101126531139016 2426368.0153913372196257 2426158.1353913373313844
259 3061030.6133541818708181 3060820.7333541819825768 2426368.0153913372196257 2426158.1353913373313844
260 3322756.0679730991832912 3322546.1879730992950499 2426368.0153913372196257 2426158.1353913373313844
261 3674238.4380601169541478 3674028.5580601170659065 2426368.0153913372196257 2426158.1353913373313844
262 2844217.6986311650834978 2844007.8186311651952565 2426368.0153913372196257 2426158.1353913373313844
263 6984820.3130188602954149 6984610.4330188604071736 2426368.0153913372196257 2426158.1353913373313844
264 3071111.0915727354586124 3070901.2115727355703712 2426368.0153913372196257 2426158.1353913373313844
265 5600749.5950092049315572 5600539.7150092050433159 2426368.0153913372196257 2426158.1353913373313844
266 7312817.7801155941560864 7312607.9001155942678452 2426368.0153913372196257 2426158.1353913373313844
267 3253718.2033887417055666 3253508.3233887418173254 2426368.0153913372196257 2426158.1353913373313844
268 7423130.2724988423287868 7422920.3924988424405456 2426368.0153913372196257 2426158.1353913373313844
269 16835237.4316056258976460 16835027.5516056269407272 2426368.0153913372196257 2426158.1353913373313844
270 2976906.0882652560248971 2976696.2082652561366558 2426368.0153913372196257 2426158.1353913373313844
271 4052585.8799426476471126 4052375.9999426477588713 2426368.0153913372196257 2426158.1353913373313844
272 2739945.1358741917647421 2739735.2558741918765008 2426368.0153913372196257 2426158.1353913373313844
273 3034858.7704008058644831 3034648.8904008059762418 2426368.0153913372196257 2426158.1353913373313844
274 3186682.2590387756936252 3186472.3790387758053839 2426368.0153913372196257 2426158.1353913373313844
275 2881606.1403953824192286 2881396.2603953825309873 2426368.0153913372196257 2426158.1353913373313844
276 3231333.1353568141348660 3231123.2553568142466247 2426368.0153913372196257 2426158.1353913373313844
277 6204467.6292515322566032 6204257.7492515323683619 2426368.0153913372196257 2426158.1353913373313844
278 4330298.8679114077240229 4330088.9879114078357816 2426368.0153913372196257 2426158.1353913373313844
279 4245875.1840265821665525 4245665.3040265822783113 2426368.0153913372196257 2426158.1353913373313844
280 3856912.6871498227119446 3856702.8071498228237033 2426368.0153913372196257 2426158.1353913373313844
281 8538989.4340577982366085 8538779.5540577974170446 2426368.0153913372196257 2426158.1353913373313844
282 2895737.8171253339387476 2895527.9371253340505064 2426368.0153913372196257 2426158.1353913373313844
283 3665198.0527535802684724 3664988.1727535803802311 2426368.0153913372196257 2426158.1353913373313844
284 6706167.2046913318336010 6705957.3246913319453597 2426368.0153913372196257 2426158.1353913373313844
285 5764489.8883378058671951 5764280.0083378059789538 2426368.0153913372196257 2426158.1353913373313844
286 10394803.2382120285183191 10394593.3582120276987553 2426368.0153913372196257 2426158.1353913373313844
287 3934747.4533276045694947 3934537.5733276046812534 2426368.0153913372196257 2426158.1353913373313844
288 2871976.0782568287104368 2871766.1982568288221955 2426368.0153913372196257 2426158.1353913373313844
289 19899063.8300452753901482 19898853.9500452764332294 2426368.0153913372196257 2426158.1353913373313844
290 4454392.1076928526163101 4454182.2276928527280688 2426368.0153913372196257 2426158.1353913373313844
291 5971657.4061984149739146 5971447.5261984150856733 2426368.0153913372196257 2426158.1353913373313844
292 4708729.1226622425019741 4708519.2426622426137328 2426368.0153913372196257 2426158.1353913373313844
293 3263361.1218154020607471 3263151.2418154021725059 2426368.0153913372196257 2426158.1353913373313844
294 6484340.0761802466586232 6484130.1961802467703819 2426368.0153913372196257 2426158.1353913373313844
295 3414352.8085241583175957 3414142.9285241584293544 2426368.0153913372196257 2426158.1353913373313844
296 7439666.9400355285033584 7439457.0600355286151171 2426368.0153913372196257 2426158.1353913373313844
297 5997969.6042934209108353 5997759.7242934210225940 2426368.0153913372196257 2426158.1353913373313844
298 8366714.2947236998006701 8366504.4147236999124289 2426368.0153913372196257 2426158.1353913373313844
299 5584078.9419774105772376 5583869.0619774106889963 2426368.0153913372196257 2426158.1353913373313844
300 3955459.0456857094541192 3955249.1656857095658779 2426368.0153913372196257 2426158.1353913373313844
301 2903610.1586008127778769 2903400.2786008128896356 2426368.0153913372196257 2426158.1353913373313844
302 6762870.9869690081104636 6762661.1069690082222223 2426368.0153913372196257 2426158.1353913373313844
303 3250792.2442326024174690 3250582.3642326025292277 2426368.0153913372196257 2426158.1353913373313844
304 3294761.9321522284299135 3294552.0521522285416722 2426368.0153913372196257 2426158.1353913373313844
305 6437799.8732739202678204 6437589.9932739203795791 2426368.0153913372196257 2426158.1353913373313844
306 10649450.9568975865840912 10649241.0768975857645273 2426368.0153913372196257 2426158.1353913373313844
307 8055368.8236986817792058 8055158.9436986818909645 2426368.0153913372196257 2426158.1353913373313844
308 3980372.1172991786152124 3980162.2372991787269711 2426368.0153913372196257 2426158.1353913373313844
309 3002947.6808335366658866 3002737.8008335367776453 2426368.0153913372196257 2426158.1353913373313844
310 8392707.4865120835602283 8392497.6065120827406645 2426368.0153913372196257 2426158.1353913373313844
311 5353455.7210097769275308 5353245.8410097770392895 2426368.0153913372196257 2426158.1353913373313844
312 4018999.5869072172790766 4018789.7069072173908353 2426368.0153913372196257 2426158.1353913373313844
313 4087106.7961353524588048 4086896.9161353525705636 2426368.0153913372196257 2426158.1353913373313844
314 5169390.5361273763701320 5169180.6561273764818907 2426368.0153913372196257 2426158.1353913373313844
315 3063208.1963336355984211 3062998.3163336357101798 2426368.0153913372196257 2426158.1353913373313844
316 4807173.8854774376377463 4806964.0054774377495050 2426368.0153913372196257 2426158.1353913373313844
317 7398323.1218901053071022 7398113.2418901054188609 2426368.0153913372196257 2426158.1353913373313844
318 4150893.5945571088232100 4150683.7145571089349687 2426368.0153913372196257 2426158.1353913373313844
319 3506313.7925404822453856 3506103.9125404823571444 2426368.0153913372196257 2426158.1353913373313844
320 4431437.3180646067485213 4431227.4380646068602800 2426368.0153913372196257 2426158.1353913373313844
321 5549872.8069245778024197 5549662.9269245779141784 2426368.0153913372196257 2426158.1353913373313844
322 6161796.8558272318914533 6161586.9758272320032120 2426368.0153913372196257 2426158.1353913373313844
323 3935251.4451536815613508 3935041.5651536816731095 2426368.0153913372196257 2426158.1353913373313844
324 4166791.9333087261766195 4166582.0533087262883782 2426368.0153913372196257 2426158.1353913373313844
325 4538939.8658331027254462 4538729.9858331028372049 2426368.0153913372196257 2426158.1353913373313844
326 3643072.7422632379457355 3642862.8622632380574942 2426368.0153913372196257 2426158.1353913373313844
327 6318801.5594654427841306 6318591.6794654428958893 2426368.0153913372196257 2426158.1353913373313844
328 4287779.9712345106527209 4287570.0912345107644796 2426368.0153913372196257 2426158.1353913373313844
329 4061347.5659553604200482 4061137.6859553605318069 2426368.0153913372196257 2426158.1353913373313844
330 6109936.5731714088469744 6109726.6931714089587331 2426368.0153913372196257 2426158.1353913373313844
331 4552866.8280437281355262 4552656.9480437282472849 2426368.0153913372196257 2426158.1353913373313844
332 5740593.0452205426990986 5740383.1652205428108573 2426368.0153913372196257 2426158.1353913373313844
333 4493429.7051259623840451 4493219.8251259624958038 2426368.0153913372196257 2426158.1353913373313844
334 3365243.0238379398360848 3365033.1438379399478436 2426368.0153913372196257 2426158.1353913373313844
335 4371284.3211083980277181 4371074.4411083981394768 2426368.0153913372196257 2426158.1353913373313844
336 4162781.6034185029566288 4162571.7234185030683875 2426368.0153913372196257 2426158.1353913373313844
337 4339371.0473429942503572 4339161.1673429943621159 2426368.0153913372196257 2426158.1353913373313844
338 5087063.6727372938767076 5086853.7927372939884663 2426368.0153913372196257 2426158.1353913373313844
339 3572903.3348081018775702 3572693.4548081019893289 2426368.0153913372196257 2426158.1353913373313844
340 4049256.0630464805290103 4049046.1830464806407690 2426368.0153913372196257 2426158.1353913373313844
341 4562602.8964823866263032 4562393.0164823867380619 2426368.0153913372196257 2426158.1353913373313844
342 4821334.8100227834656835 4821124.9300227835774422 2426368.0153913372196257 2426158.1353913373313844
343 4787294.3892196184024215 4787084.5092196185141802 2426368.0153913372196257 2426158.1353913373313844
344 3102314.0214345869608223 3102104.1414345870725811 2426368.0153913372196257 2426158.1353913373313844
345 9359926.5388922430574894 9359716.6588922422379255 2426368.0153913372196257 2426158.1353913373313844
346 12837105.5805050022900105 12836895.7005050014704466 2426368.0153913372196257 2426158.1353913373313844
347 2808779.5819262443110347 2808569.7019262444227934 2426368.0153913372196257 2426158.1353913373313844
348 2918889.2715269918553531 2918679.3915269919671118 2426368.0153913372196257 2426158.1353913373313844
349 4818240.1954773571342230 4818030.3154773572459817 2426368.0153913372196257 2426158.1353913373313844
350 5189904.8440558267757297 5189694.9640558268874884 2426368.0153913372196257 2426158.1353913373313844
351 2978856.6722811544314027 2978646.7922811545431614 2426368.0153913372196257 2426158.1353913373313844
352 4302951.9875592244789004 4302742.1075592245906591 2426368.0153913372196257 2426158.1353913373313844
353 3119755.4615601627156138 3119545.5815601628273726 2426368.0153913372196257 2426158.1353913373313844
354 3960269.5525885852985084 3960059.6725885854102671 2426368.0153913372196257 2426158.1353913373313844
355 3511346.9575714305974543 3511137.0775714307092130 2426368.0153913372196257 2426158.1353913373313844
356 4851529.0742604034021497 4851319.1942604035139084 2426368.0153913372196257 2426158.1353913373313844
357 8990494.4545765519142151 8990284.5745765510946512 2426368.0153913372196257 2426158.1353913373313844
358 2881965.3619243199937046 2881755.4819243201054633 2426368.0153913372196257 2426158.1353913373313844
359 2515914.1000698124989867 2515704.2200698126107454 2426368.0153913372196257 2426158.1353913373313844
360 5699248.5337641807273030 5699038.6537641808390617 2426368.0153913372196257 2426158.1353913373313844
361 3987698.8552734418772161 3987488.9752734419889748 2426368.0153913372196257 2426158.1353913373313844
362 2647969.8394010020419955 2647759.9594010021537542 2426368.0153913372196257 2426158.1353913373313844
363 3396017.8704606350511312 3395807.9904606351628900 2426368.0153913372196257 2426158.1353913373313844
364 2029338.7390113077126443 2029128.8590113078244030 2029338.7390113077126443 2029128.8590113078244030
365 3574712.0311491577886045 3574502.1511491579003632 2029338.7390113077126443 2029128.8590113078244030
366 2523391.3265930609777570 2523181.4465930610895157 2029338.7390113077126443 2029128.8590113078244030
367 8806685.6125524174422026 8806475.7325524166226387 2029338.7390113077126443 2029128.8590113078244030
368 6489954.1204500440508127 6489744.2404500441625714 2029338.7390113077126443 2029128.8590113078244030
369 2982574.7344579119235277 2982364.8544579120352864 2029338.7390113077126443 2029128.8590113078244030
370 6063888.5246924785897136 6063678.6446924787014723 2029338.7390113077126443 2029128.8590113078244030
371 4477844.8284670002758503 4477634.9484670003876090 2029338.7390113077126443 2029128.8590113078244030
372 2407358.6823507780209184 2407148.8023507781326771 2029338.7390113077126443 2029128.8590113078244030
373 4073924.1648587593808770 4073714.2848587594926357 2029338.7390113077126443 2029128.8590113078244030
374 5791756.4656114894896746 5791546.5856114896014333 2029338.7390113077126443 2029128.8590113078244030
375 5641743.3419046280905604 5641533.4619046282023191 2029338.7390113077126443 2029128.8590113078244030
376 5596818.7048642756417394 5596608.8248642757534981 2029338.7390113077126443 2029128.8590113078244030
377 2813237.1672495775856078 2813027.2872495776973665 2029338.7390113077126443 2029128.8590113078244030
378 5133469.4365044217556715 5133259.5565044218674302 2029338.7390113077126443 2029128.8590113078244030
379 3435259.0847656587138772 3435049.2047656588256359 2029338.7390113077126443 2029128.8590113078244030
380 6364300.8214261084794998 6364090.9414261085912585 2029338.7390113077126443 2029128.8590113078244030
381 6805342.7305790670216084 6805132.8505790671333671 2029338.7390113077126443 2029128.8590113078244030
382 7571816.2371202623471618 7571606.3571202624589205 2029338.7390113077126443 2029128.8590113078244030
383 6514714.0364334136247635 6514504.1564334137365222 2029338.7390113077126443 2029128.8590113078244030
384 6293061.8301305742934346 6292851.9501305744051933 2029338.7390113077126443 2029128.8590113078244030
385 9123334.1252326332032681 9123124.2452326323837042 2029338.7390113077126443 2029128.8590113078244030
386 4595248.5644714031368494 4595038.6844714032486081 2029338.7390113077126443 2029128.8590113078244030
387 3500609.3419554024003446 3500399.4619554025121033 2029338.7390113077126443 2029128.8590113078244030
388 8070875.8584154359996319 8070665.9784154361113906 2029338.7390113077126443 2029128.8590113078244030
389 5611766.4787793206050992 5611556.5987793207168579 2029338.7390113077126443 2029128.8590113078244030
390 2796059.9253773414529860 2795850.0453773415647447 2029338.7390113077126443 2029128.8590113078244030
391 4119312.8885191413573921 4119103.0085191414691508 2029338.7390113077126443 2029128.8590113078244030
392 25901807.4429012909531593 25901597.5629012919962406 2029338.7390113077126443 2029128.8590113078244030
393 4383951.9389301538467407 4383742.0589301539584994 2029338.7390113077126443 2029128.8590113078244030
394 8802553.3634503204375505 8802343.4834503196179867 2029338.7390113077126443 2029128.8590113078244030
395 3369022.1141124493442476 3368812.2341124494560063 2029338.7390113077126443 2029128.8590113078244030
396 4579181.2117539504542947 4578971.3317539505660534 2029338.7390113077126443 2029128.8590113078244030
397 4554834.8471387997269630 4554624.9671387998387218 2029338.7390113077126443 2029128.8590113078244030
398 4566535.8869631877169013 4566326.0069631878286600 2029338.7390113077126443 2029128.8590113078244030
399 18392962.2083873823285103 18392752.3283873833715916 2029338.7390113077126443 2029128.8590113078244030
400 4455383.1645526476204395 4455173.2845526477321982 2029338.7390113077126443 2029128.8590113078244030
401 4468417.8400564575567842 4468207.9600564576685429 2029338.7390113077126443 2029128.8590113078244030
402 3625025.2199485329911113 3624815.3399485331028700 2029338.7390113077126443 2029128.8590113078244030
403 6810464.7529874835163355 6810254.8729874836280942 2029338.7390113077126443 2029128.8590113078244030
404 3296738.5236578616313636 3296528.6436578617431223 2029338.7390113077126443 2029128.8590113078244030
405 5048887.3675110097974539 5048677.4875110099092126 2029338.7390113077126443 2029128.8590113078244030
406 3958585.5806821743026376 3958375.7006821744143963 2029338.7390113077126443 2029128.8590113078244030
407 5381980.9503921102732420 5381771.0703921103850007 2029338.7390113077126443 2029128.8590113078244030
408 3752019.7822028901427984 3751809.9022028902545571 2029338.7390113077126443 2029128.8590113078244030
409 2576574.3406820110976696 2576364.4606820112094283 2029338.7390113077126443 2029128.8590113078244030
410 3012411.5653568208217621 3012201.6853568209335208 2029338.7390113077126443 2029128.8590113078244030
411 4367191.6444838773459196 4366981.7644838774576783 2029338.7390113077126443 2029128.8590113078244030
412 5110269.7335657235234976 5110059.8535657236352563 2029338.7390113077126443 2029128.8590113078244030
413 4438815.1685226792469621 4438605.2885226793587208 2029338.7390113077126443 2029128.8590113078244030
414 2915467.5584652582183480 2915257.6784652583301067 2029338.7390113077126443 2029128.8590113078244030
415 5585139.2915802011266351 5584929.4115802012383938 2029338.7390113077126443 2029128.8590113078244030
416 5995706.1836417336016893 5995496.3036417337134480 2029338.7390113077126443 2029128.8590113078244030
417 5132277.6622249651700258 5132067.7822249652817845 2029338.7390113077126443 2029128.8590113078244030
418 5413443.6065618973225355 5413233.7265618974342942 2029338.7390113077126443 2029128.8590113078244030
419 3001897.8524071690626442 3001687.9724071691744030 2029338.7390113077126443 2029128.8590113078244030
420 3730667.8830369333736598 3730458.0030369334854186 2029338.7390113077126443 2029128.8590113078244030
421 4894714.1082250634208322 4894504.2282250635325909 2029338.7390113077126443 2029128.8590113078244030
422 4314922.8180894013494253 4314712.9380894014611840 2029338.7390113077126443 2029128.8590113078244030
423 5312069.6105930712074041 5311859.7305930713191628 2029338.7390113077126443 2029128.8590113078244030
424 3571074.4825455700047314 3570864.6025455701164901 2029338.7390113077126443 2029128.8590113078244030
425 9323545.0379296317696571 9323335.1579296309500933 2029338.7390113077126443 2029128.8590113078244030
426 3741571.7720389263704419 3741361.8920389264822006 2029338.7390113077126443 2029128.8590113078244030
427 8632457.4436192736029625 8632247.5636192727833986 2029338.7390113077126443 2029128.8590113078244030
428 3899491.2069982485845685 3899281.3269982486963272 2029338.7390113077126443 2029128.8590113078244030
429 3607336.5185882588848472 3607126.6385882589966059 2029338.7390113077126443 2029128.8590113078244030
430 2830606.4322351305745542 2830396.5522351306863129 2029338.7390113077126443 2029128.8590113078244030
431 3197563.7168177021667361 3197353.8368177022784948 2029338.7390113077126443 2029128.8590113078244030
432 4051013.6739635309204459 4050803.7939635310322046 2029338.7390113077126443 2029128.8590113078244030
433 3822109.3912507435306907 3821899.5112507436424494 2029338.7390113077126443 2029128.8590113078244030
434 1493917.0439312846865505 1493707.1639312847983092 1493917.0439312846865505 1493707.1639312847983092
435 3917500.1410200591199100 3917290.2610200592316687 1493917.0439312846865505 1493707.1639312847983092
436 6535556.9126732079312205 6535347.0326732080429792 1493917.0439312846865505 1493707.1639312847983092
437 5629307.2671250496059656 5629097.3871250497177243 1493917.0439312846865505 1493707.1639312847983092
438 2946500.9983813604339957 2946291.1183813605457544 1493917.0439312846865505 1493707.1639312847983092
439 1936626.3895213510841131 1936416.5095213511958718 1493917.0439312846865505 1493707.1639312847983092
440 5352195.1828530021011829 5351985.3028530022129416 1493917.0439312846865505 1493707.1639312847983092
441 4785037.2032260522246361 4784827.3232260523363948 1493917.0439312846865505 1493707.1639312847983092
442 2118108.8230334790423512 2117898.9430334791541100 1493917.0439312846865505 1493707.1639312847983092
443 2816457.0904921293258667 2816247.2104921294376254 1493917.0439312846865505 1493707.1639312847983092
444 3242315.4463797714561224 3242105.5663797715678811 1493917.0439312846865505 1493707.1639312847983092
445 1611315.1237097836565226 1611105.2437097837682813 1493917.0439312846865505 1493707.1639312847983092
446 11159832.2139463499188423 11159622.3339463490992785 1493917.0439312846865505 1493707.1639312847983092
447 1963470.7154101971536875 1963260.8354101972654462 1493917.0439312846865505 1493707.1639312847983092
448 5117961.9576926417648792 5117752.0776926418766379 1493917.0439312846865505 1493707.1639312847983092
449 4874358.6004887428134680 4874148.7204887429252267 1493917.0439312846865505 1493707.1639312847983092
450 5095149.1057895049452782 5094939.2257895050570369 1493917.0439312846865505 1493707.1639312847983092
451 3149564.8845952176488936 3149355.0045952177606523 1493917.0439312846865505 1493707.1639312847983092
452 4034108.4225056860595942 4033898.5425056861713529 1493917.0439312846865505 1493707.1639312847983092
453 5271828.3124165656045079 5271618.4324165657162666 1493917.0439312846865505 1493707.1639312847983092
454 3306371.3545921612530947 3306161.4745921613648534 1493917.0439312846865505 1493707.1639312847983092
455 5734637.7649279460310936 5734427.8849279461428523 1493917.0439312846865505 1493707.1639312847983092
456 10107724.5705963913351297 10107514.6905963905155659 1493917.0439312846865505 1493707.1639312847983092
457 17262100.2952049411833286 17261890.4152049422264099 1493917.0439312846865505 1493707.1639312847983092
458 5124155.7605724139139056 5123945.8805724140256643 1493917.0439312846865505 1493707.1639312847983092
459 2895837.7615586528554559 2895627.8815586529672146 1493917.0439312846865505 1493707.1639312847983092
460 3370433.2541458476334810 3370223.3741458477452397 1493917.0439312846865505 1493707.1639312847983092
461 5262534.7767871301621199 5262324.8967871302738786 1493917.0439312846865505 1493707.1639312847983092
462 4611653.8434011274948716 4611443.9634011276066303 1493917.0439312846865505 1493707.1639312847983092
463 1861565.3607973544858396 1861355.4807973545975983 1493917.0439312846865505 1493707.1639312847983092
464 1975811.4406534335575998 1975601.5606534336693585 1493917.0439312846865505 1493707.1639312847983092
465 3151338.2771258219145238 3151128.3971258220262825 1493917.0439312846865505 1493707.1639312847983092
466 1939008.7634755496401340 1938798.8834755497518927 1493917.0439312846865505 1493707.1639312847983092
467 2258329.2942847679369152 2258119.4142847680486739 1493917.0439312846865505 1493707.1639312847983092
468 1406607.1849573857616633 1406397.3049573858734220 1406607.1849573857616633 1406397.3049573858734220
469 2908121.3729209220036864 2907911.4929209221154451 1406607.1849573857616633 1406397.3049573858734220
470 3504775.6767510287463665 3504565.7967510288581252 1406607.1849573857616633 1406397.3049573858734220
471 1610042.2792774015106261 1609832.3992774016223848 1406607.1849573857616633 1406397.3049573858734220
472 3571050.8683350244536996 3570840.9883350245654583 1406607.1849573857616633 1406397.3049573858734220
473 7588398.6552754621952772 7588188.7752754623070359 1406607.1849573857616633 1406397.3049573858734220
474 4762274.2907412154600024 4762064.4107412155717611 1406607.1849573857616633 1406397.3049573858734220
475 4500569.3567645372822881 4500359.4767645373940468 1406607.1849573857616633 1406397.3049573858734220
476 7983542.2187974555417895 7983332.3387974556535482 1406607.1849573857616633 1406397.3049573858734220
477 4327127.9960673451423645 4326918.1160673452541232 1406607.1849573857616633 1406397.3049573858734220
478 4702207.8423622343689203 4701997.9623622344806790 1406607.1849573857616633 1406397.3049573858734220
479 8384898.1785751227289438 8384688.2985751228407025 1406607.1849573857616633 1406397.3049573858734220
480 4271207.5177407544106245 4270997.6377407545223832 1406607.1849573857616633 1406397.3049573858734220
481 2540035.4407634688541293 2539825.5607634689658880 1406607.1849573857616633 1406397.3049573858734220
482 5789586.3749409215524793 5789376.4949409216642380 1406607.1849573857616633 1406397.3049573858734220
483 13934380.7703020740300417 13934170.8903020732104778 1406607.1849573857616633 1406397.3049573858734220
484 4860386.1418149964883924 4860176.2618149966001511 1406607.1849573857616633 1406397.3049573858734220
485 1693620.9373600862454623 1693411.0573600863572210 1406607.1849573857616633 1406397.3049573858734220
486 3529736.9066725294105709 3529527.0266725295223296 1406607.1849573857616633 1406397.3049573858734220
487 5120908.4979857997968793 5120698.6179857999086380 1406607.1849573857616633 1406397.3049573858734220
488 3579374.9249571301043034 3579165.0449571302160621 1406607.1849573857616633 1406397.3049573858734220
489 2116746.1073653618805110 2116536.2273653619922698 1406607.1849573857616633 1406397.3049573858734220
490 1879828.2979297675192356 1879618.4179297676309943 1406607.1849573857616633 1406397.3049573858734220
491 4177123.1813067449256778 4176913.3013067450374365 1406607.1849573857616633 1406397.3049573858734220
492 3254417.4150018030777574 3254207.5350018031895161 1406607.1849573857616633 1406397.3049573858734220
493 3000242.7837789710611105 3000032.9037789711728692 1406607.1849573857616633 1406397.3049573858734220
494 3221779.7569853169843554 3221569.8769853170961142 1406607.1849573857616633 1406397.3049573858734220
495 2921467.5176436104811728 2921257.6376436105929315 1406607.1849573857616633 1406397.3049573858734220
496 10912810.8750429321080446 10912600.9950429312884808 1406607.1849573857616633 1406397.3049573858734220
497 5312658.0047276010736823 5312448.1247276011854410 1406607.1849573857616633 1406397.3049573858734220
498 9337042.3403167407959700 9336832.4603167399764061 1406607.1849573857616633 1406397.3049573858734220
499 4672201.4555544769391418 4671991.5755544770509005 1406607.1849573857616633 1406397.3049573858734220
500 2472727.9510937221348286 2472518.0710937222465873 1406607.1849573857616633 1406397.3049573858734220
