evaluations raw_y current_y raw_y_best current_y_best
1 15708597.3453794196248055 15708387.4653794188052416 15708597.3453794196248055 15708387.4653794188052416
2 40689026.3178867921233177 40688816.4378867894411087 15708597.3453794196248055 15708387.4653794188052416
3 11529981.9094285052269697 11529772.0294285044074059 11529981.9094285052269697 11529772.0294285044074059
4 12529728.7097401041537523 12529518.8297401033341885 11529981.9094285052269697 11529772.0294285044074059
5 16274964.1844829749315977 16274754.3044829741120338 11529981.9094285052269697 11529772.0294285044074059
6 27155284.3613487109541893 27155074.4813487119972706 11529981.9094285052269697 11529772.0294285044074059
7 43532868.4635346755385399 43532658.5835346728563309 11529981.9094285052269697 11529772.0294285044074059
8 46089419.7470405697822571 46089209.8670405671000481 11529981.9094285052269697 11529772.0294285044074059
9 14894355.4682942740619183 14894145.5882942732423544 11529981.9094285052269697 11529772.0294285044074059
10 10965502.4657173473387957 10965292.5857173465192318 10965502.4657173473387957 10965292.5857173465192318
11 13283419.8973645344376564 13283210.0173645336180925 10965502.4657173473387957 10965292.5857173465192318
12 12895102.4640372954308987 12894892.5840372946113348 10965502.4657173473387957 10965292.5857173465192318
13 13663098.1079044621437788 13662888.2279044613242149 10965502.4657173473387957 10965292.5857173465192318
14 5063621.3106923867017031 5063411.4306923868134618 5063621.3106923867017031 5063411.4306923868134618
15 8843874.6543930228799582 8843664.7743930220603943 5063621.3106923867017031 5063411.4306923868134618
16 10404269.5171349626034498 10404059.6371349617838860 5063621.3106923867017031 5063411.4306923868134618
17 9614113.5232519507408142 9613903.6432519499212503 5063621.3106923867017031 5063411.4306923868134618
18 11709531.7116822749376297 11709321.8316822741180658 5063621.3106923867017031 5063411.4306923868134618
19 15733815.4681943599134684 15733605.5881943590939045 5063621.3106923867017031 5063411.4306923868134618
20 10864377.8613652978092432 10864167.9813652969896793 5063621.3106923867017031 5063411.4306923868134618
21 12273736.6532580628991127 12273526.7732580620795488 5063621.3106923867017031 5063411.4306923868134618
22 14745191.1058442834764719 14744981.2258442826569080 5063621.3106923867017031 5063411.4306923868134618
23 9956323.6052678693085909 9956113.7252678684890270 5063621.3106923867017031 5063411.4306923868134618
24 10868543.2908304538577795 10868333.4108304530382156 5063621.3106923867017031 5063411.4306923868134618
25 9990226.2831021957099438 9990016.4031021948903799 5063621.3106923867017031 5063411.4306923868134618
26 13215436.5370048582553864 13215226.6570048574358225 5063621.3106923867017031 5063411.4306923868134618
27 10384334.2169397026300430 10384124.3369397018104792 5063621.3106923867017031 5063411.4306923868134618
28 9408550.4094537533819675 9408340.5294537525624037 5063621.3106923867017031 5063411.4306923868134618
29 9369396.4425970837473869 9369186.5625970829278231 5063621.3106923867017031 5063411.4306923868134618
30 11679500.6022072117775679 11679290.7222072109580040 5063621.3106923867017031 5063411.4306923868134618
31 12530633.6756506580859423 12530423.7956506572663784 5063621.3106923867017031 5063411.4306923868134618
32 12188654.0258306451141834 12188444.1458306442946196 5063621.3106923867017031 5063411.4306923868134618
33 7829136.4600765760987997 7828926.5800765762105584 5063621.3106923867017031 5063411.4306923868134618
34 6847648.3374790772795677 6847438.4574790773913264 5063621.3106923867017031 5063411.4306923868134618
35 7956149.2380293048918247 7955939.3580293050035834 5063621.3106923867017031 5063411.4306923868134618
36 8629602.5916871465742588 8629392.7116871457546949 5063621.3106923867017031 5063411.4306923868134618
37 18022458.8330700583755970 18022248.9530700594186783 5063621.3106923867017031 5063411.4306923868134618
38 19138299.7084277793765068 19138089.8284277804195881 5063621.3106923867017031 5063411.4306923868134618
39 8202519.4858744777739048 8202309.6058744778856635 5063621.3106923867017031 5063411.4306923868134618
40 10846841.2573879025876522 10846631.3773879017680883 5063621.3106923867017031 5063411.4306923868134618
41 9213188.4585791863501072 9212978.5785791855305433 5063621.3106923867017031 5063411.4306923868134618
42 14389056.2667593657970428 14388846.3867593649774790 5063621.3106923867017031 5063411.4306923868134618
43 7920159.7442427556961775 7919949.8642427558079362 5063621.3106923867017031 5063411.4306923868134618
44 11596502.4377000592648983 11596292.5577000584453344 5063621.3106923867017031 5063411.4306923868134618
45 13847859.5497557427734137 13847649.6697557419538498 5063621.3106923867017031 5063411.4306923868134618
46 15306629.8336277250200510 15306419.9536277242004871 5063621.3106923867017031 5063411.4306923868134618
47 10260523.4207239951938391 10260313.5407239943742752 5063621.3106923867017031 5063411.4306923868134618
48 10233839.9908551424741745 10233630.1108551416546106 5063621.3106923867017031 5063411.4306923868134618
49 13880353.2508926056325436 13880143.3708926048129797 5063621.3106923867017031 5063411.4306923868134618
50 8751278.3127975445240736 8751068.4327975437045097 5063621.3106923867017031 5063411.4306923868134618
51 8938496.2014785856008530 8938286.3214785847812891 5063621.3106923867017031 5063411.4306923868134618
52 9346239.3548581115901470 9346029.4748581107705832 5063621.3106923867017031 5063411.4306923868134618
53 9090699.7630681227892637 9090489.8830681219696999 5063621.3106923867017031 5063411.4306923868134618
54 8534669.3179986085742712 8534459.4379986077547073 5063621.3106923867017031 5063411.4306923868134618
55 9061729.3630657680332661 9061519.4830657672137022 5063621.3106923867017031 5063411.4306923868134618
56 7814161.6387925520539284 7813951.7587925521656871 5063621.3106923867017031 5063411.4306923868134618
57 7723876.5076252445578575 7723666.6276252446696162 5063621.3106923867017031 5063411.4306923868134618
58 6189411.4507005615159869 6189201.5707005616277456 5063621.3106923867017031 5063411.4306923868134618
59 10262509.2885941583663225 10262299.4085941575467587 5063621.3106923867017031 5063411.4306923868134618
60 12002519.0836266241967678 12002309.2036266233772039 5063621.3106923867017031 5063411.4306923868134618
61 13741064.8097253628075123 13740854.9297253619879484 5063621.3106923867017031 5063411.4306923868134618
62 6813772.2491532899439335 6813562.3691532900556922 5063621.3106923867017031 5063411.4306923868134618
63 10406843.3559324741363525 10406633.4759324733167887 5063621.3106923867017031 5063411.4306923868134618
64 7081693.2477734889835119 7081483.3677734890952706 5063621.3106923867017031 5063411.4306923868134618
65 7296272.7728305747732520 7296062.8928305748850107 5063621.3106923867017031 5063411.4306923868134618
66 9692676.8041939232498407 9692466.9241939224302769 5063621.3106923867017031 5063411.4306923868134618
67 16009251.6525419950485229 16009041.7725419942289591 5063621.3106923867017031 5063411.4306923868134618
68 12849652.0554760172963142 12849442.1754760164767504 5063621.3106923867017031 5063411.4306923868134618
69 10929758.7823040559887886 10929548.9023040551692247 5063621.3106923867017031 5063411.4306923868134618
70 11081530.0997328553348780 11081320.2197328545153141 5063621.3106923867017031 5063411.4306923868134618
71 10184842.8025260530412197 10184632.9225260522216558 5063621.3106923867017031 5063411.4306923868134618
72 15646343.6964747607707977 15646133.8164747599512339 5063621.3106923867017031 5063411.4306923868134618
73 12087457.2893283255398273 12087247.4093283247202635 5063621.3106923867017031 5063411.4306923868134618
74 13630728.8125977795571089 13630518.9325977787375450 5063621.3106923867017031 5063411.4306923868134618
75 11459708.6727889366447926 11459498.7927889358252287 5063621.3106923867017031 5063411.4306923868134618
76 9534038.8002836350351572 9533828.9202836342155933 5063621.3106923867017031 5063411.4306923868134618
77 9667925.0213468838483095 9667715.1413468830287457 5063621.3106923867017031 5063411.4306923868134618
78 10642072.5978760626167059 10641862.7178760617971420 5063621.3106923867017031 5063411.4306923868134618
79 8859448.9794870894402266 8859239.0994870886206627 5063621.3106923867017031 5063411.4306923868134618
80 9701751.9015825055539608 9701542.0215825047343969 5063621.3106923867017031 5063411.4306923868134618
81 11160671.1903385240584612 11160461.3103385232388973 5063621.3106923867017031 5063411.4306923868134618
82 8248780.0912279142066836 8248570.2112279143184423 5063621.3106923867017031 5063411.4306923868134618
83 11709898.3378946762531996 11709688.4578946754336357 5063621.3106923867017031 5063411.4306923868134618
84 7720333.9263182766735554 7720124.0463182767853141 5063621.3106923867017031 5063411.4306923868134618
85 16277616.4082369748502970 16277406.5282369740307331 5063621.3106923867017031 5063411.4306923868134618
86 5757644.4606737978756428 5757434.5806737979874015 5063621.3106923867017031 5063411.4306923868134618
87 20173589.8362368755042553 20173379.9562368765473366 5063621.3106923867017031 5063411.4306923868134618
88 5493259.8848974127322435 5493050.0048974128440022 5063621.3106923867017031 5063411.4306923868134618
89 6381025.6974421702325344 6380815.8174421703442931 5063621.3106923867017031 5063411.4306923868134618
90 9316622.8626492060720921 9316412.9826492052525282 5063621.3106923867017031 5063411.4306923868134618
91 6016814.8973198905587196 6016605.0173198906704783 5063621.3106923867017031 5063411.4306923868134618
92 19717014.3219109252095222 19716804.4419109262526035 5063621.3106923867017031 5063411.4306923868134618
93 7032850.1841826308518648 7032640.3041826309636235 5063621.3106923867017031 5063411.4306923868134618
94 7623581.8856695294380188 7623372.0056695295497775 5063621.3106923867017031 5063411.4306923868134618
95 19665054.0827759653329849 19664844.2027759663760662 5063621.3106923867017031 5063411.4306923868134618
96 9497544.8013798631727695 9497334.9213798623532057 5063621.3106923867017031 5063411.4306923868134618
97 9720778.9746465273201466 9720569.0946465265005827 5063621.3106923867017031 5063411.4306923868134618
98 7769621.3038611654192209 7769411.4238611655309796 5063621.3106923867017031 5063411.4306923868134618
99 15676608.4296028558164835 15676398.5496028549969196 5063621.3106923867017031 5063411.4306923868134618
100 7799039.3488997835665941 7798829.4688997836783528 5063621.3106923867017031 5063411.4306923868134618
101 15033381.9822726417332888 15033172.1022726409137249 5063621.3106923867017031 5063411.4306923868134618
102 6643790.5593037670478225 6643580.6793037671595812 5063621.3106923867017031 5063411.4306923868134618
103 4885657.1676464779302478 4885447.2876464780420065 4885657.1676464779302478 4885447.2876464780420065
104 11728223.7908836621791124 11728013.9108836613595486 4885657.1676464779302478 4885447.2876464780420065
105 6339494.0980982622131705 6339284.2180982623249292 4885657.1676464779302478 4885447.2876464780420065
106 7766402.9779267264530063 7766193.0979267265647650 4885657.1676464779302478 4885447.2876464780420065
107 9818636.7629881929606199 9818426.8829881921410561 4885657.1676464779302478 4885447.2876464780420065
108 4972783.2614475395530462 4972573.3814475396648049 4885657.1676464779302478 4885447.2876464780420065
109 12194568.6393257509917021 12194358.7593257501721382 4885657.1676464779302478 4885447.2876464780420065
110 6531461.0469374917447567 6531251.1669374918565154 4885657.1676464779302478 4885447.2876464780420065
111 4928328.3252152875065804 4928118.4452152876183391 4885657.1676464779302478 4885447.2876464780420065
112 7376295.7783686500042677 7376085.8983686501160264 4885657.1676464779302478 4885447.2876464780420065
113 5900465.7114086151123047 5900255.8314086152240634 4885657.1676464779302478 4885447.2876464780420065
114 10763722.7143720891326666 10763512.8343720883131027 4885657.1676464779302478 4885447.2876464780420065
115 20836788.1098405048251152 20836578.2298405058681965 4885657.1676464779302478 4885447.2876464780420065
116 11421399.8608660157769918 11421189.9808660149574280 4885657.1676464779302478 4885447.2876464780420065
117 9023450.3091015964746475 9023240.4291015956550837 4885657.1676464779302478 4885447.2876464780420065
118 17272686.5654610283672810 17272476.6854610294103622 4885657.1676464779302478 4885447.2876464780420065
119 11982709.0283526312559843 11982499.1483526304364204 4885657.1676464779302478 4885447.2876464780420065
120 7587982.5803265571594238 7587772.7003265572711825 4885657.1676464779302478 4885447.2876464780420065
121 7828452.3974289605394006 7828242.5174289606511593 4885657.1676464779302478 4885447.2876464780420065
122 6477002.3041832689195871 6476792.4241832690313458 4885657.1676464779302478 4885447.2876464780420065
123 13300106.6221615225076675 13299896.7421615216881037 4885657.1676464779302478 4885447.2876464780420065
124 6243439.9381585475057364 6243230.0581585476174951 4885657.1676464779302478 4885447.2876464780420065
125 7687670.1030547516420484 7687460.2230547517538071 4885657.1676464779302478 4885447.2876464780420065
126 14401818.2188244424760342 14401608.3388244416564703 4885657.1676464779302478 4885447.2876464780420065
127 17548841.0794185884296894 17548631.1994185894727707 4885657.1676464779302478 4885447.2876464780420065
128 6494177.4742106897756457 6493967.5942106898874044 4885657.1676464779302478 4885447.2876464780420065
129 8015846.3023202437907457 8015636.4223202439025044 4885657.1676464779302478 4885447.2876464780420065
130 7350209.0008013639599085 7349999.1208013640716672 4885657.1676464779302478 4885447.2876464780420065
131 8533903.1409860290586948 8533693.2609860282391310 4885657.1676464779302478 4885447.2876464780420065
132 6014216.7604788094758987 6014006.8804788095876575 4885657.1676464779302478 4885447.2876464780420065
133 14621542.4895045068114996 14621332.6095045059919357 4885657.1676464779302478 4885447.2876464780420065
134 8550778.7156573720276356 8550568.8356573712080717 4885657.1676464779302478 4885447.2876464780420065
135 9827243.6170410513877869 9827033.7370410505682230 4885657.1676464779302478 4885447.2876464780420065
136 13035988.9846743606030941 13035779.1046743597835302 4885657.1676464779302478 4885447.2876464780420065
137 6066072.1964069232344627 6065862.3164069233462214 4885657.1676464779302478 4885447.2876464780420065
138 26098811.0000903606414795 26098601.1200903616845608 4885657.1676464779302478 4885447.2876464780420065
139 14434515.6815172750502825 14434305.8015172742307186 4885657.1676464779302478 4885447.2876464780420065
140 5792858.2293272279202938 5792648.3493272280320525 4885657.1676464779302478 4885447.2876464780420065
141 5042917.8266517762094736 5042707.9466517763212323 4885657.1676464779302478 4885447.2876464780420065
142 5387560.3889290159568191 5387350.5089290160685778 4885657.1676464779302478 4885447.2876464780420065
143 5141232.3702355390414596 5141022.4902355391532183 4885657.1676464779302478 4885447.2876464780420065
144 6666501.3218804867938161 6666291.4418804869055748 4885657.1676464779302478 4885447.2876464780420065
145 7364623.5964256078004837 7364413.7164256079122424 4885657.1676464779302478 4885447.2876464780420065
146 11170003.6915314774960279 11169793.8115314766764641 4885657.1676464779302478 4885447.2876464780420065
147 6585657.5644399793818593 6585447.6844399794936180 4885657.1676464779302478 4885447.2876464780420065
148 6839342.8973215231671929 6839133.0173215232789516 4885657.1676464779302478 4885447.2876464780420065
149 17502680.0177721008658409 17502470.1377721019089222 4885657.1676464779302478 4885447.2876464780420065
150 13373177.7856799270957708 13372967.9056799262762070 4885657.1676464779302478 4885447.2876464780420065
151 6450172.0602241298183799 6449962.1802241299301386 4885657.1676464779302478 4885447.2876464780420065
152 6247108.2873051008209586 6246898.4073051009327173 4885657.1676464779302478 4885447.2876464780420065
153 11469065.8938806541264057 11468856.0138806533068419 4885657.1676464779302478 4885447.2876464780420065
154 3062378.7429487858898938 3062168.8629487860016525 3062378.7429487858898938 3062168.8629487860016525
155 8318790.7420748211443424 8318580.8620748212561011 3062378.7429487858898938 3062168.8629487860016525
156 9461311.6804633308202028 9461101.8004633300006390 3062378.7429487858898938 3062168.8629487860016525
157 6383180.3271986646577716 6382970.4471986647695303 3062378.7429487858898938 3062168.8629487860016525
158 6408932.9244600255042315 6408723.0444600256159902 3062378.7429487858898938 3062168.8629487860016525
159 13413913.4059106595814228 13413703.5259106587618589 3062378.7429487858898938 3062168.8629487860016525
160 3829589.1998355886898935 3829379.3198355888016522 3062378.7429487858898938 3062168.8629487860016525
161 3775849.2159227388910949 3775639.3359227390028536 3062378.7429487858898938 3062168.8629487860016525
162 4615986.6204348420724273 4615776.7404348421841860 3062378.7429487858898938 3062168.8629487860016525
163 5990890.8807280492037535 5990681.0007280493155122 3062378.7429487858898938 3062168.8629487860016525
164 4847557.5728079201653600 4847347.6928079202771187 3062378.7429487858898938 3062168.8629487860016525
165 6216167.6757420515641570 6215957.7957420516759157 3062378.7429487858898938 3062168.8629487860016525
166 7542288.8478234149515629 7542078.9678234150633216 3062378.7429487858898938 3062168.8629487860016525
167 4637356.3627616576850414 4637146.4827616577968001 3062378.7429487858898938 3062168.8629487860016525
168 6419351.1950063090771437 6419141.3150063091889024 3062378.7429487858898938 3062168.8629487860016525
169 3668756.9725937857292593 3668547.0925937858410180 3062378.7429487858898938 3062168.8629487860016525
170 3496401.1455496018752456 3496191.2655496019870043 3062378.7429487858898938 3062168.8629487860016525
171 6944281.6267273481935263 6944071.7467273483052850 3062378.7429487858898938 3062168.8629487860016525
172 3776998.1071848780848086 3776788.2271848781965673 3062378.7429487858898938 3062168.8629487860016525
173 11209081.6182088963687420 11208871.7382088955491781 3062378.7429487858898938 3062168.8629487860016525
174 11685709.4070260748267174 11685499.5270260740071535 3062378.7429487858898938 3062168.8629487860016525
175 3937362.7990685706026852 3937152.9190685707144439 3062378.7429487858898938 3062168.8629487860016525
176 2696827.5339282536879182 2696617.6539282537996769 2696827.5339282536879182 2696617.6539282537996769
177 5076915.2976185027509928 5076705.4176185028627515 2696827.5339282536879182 2696617.6539282537996769
178 4314165.4983450816944242 4313955.6183450818061829 2696827.5339282536879182 2696617.6539282537996769
179 3646352.0901237400248647 3646142.2101237401366234 2696827.5339282536879182 2696617.6539282537996769
180 5427608.4511198885738850 5427398.5711198886856437 2696827.5339282536879182 2696617.6539282537996769
181 6038352.5418852204456925 6038142.6618852205574512 2696827.5339282536879182 2696617.6539282537996769
182 3875047.8773146471939981 3874837.9973146473057568 2696827.5339282536879182 2696617.6539282537996769
183 7234048.3886250816285610 7233838.5086250817403197 2696827.5339282536879182 2696617.6539282537996769
184 4936643.2723892536014318 4936433.3923892537131906 2696827.5339282536879182 2696617.6539282537996769
185 9117393.8445698283612728 9117183.9645698275417089 2696827.5339282536879182 2696617.6539282537996769
186 3950356.3624185957014561 3950146.4824185958132148 2696827.5339282536879182 2696617.6539282537996769
187 4913804.7719328328967094 4913594.8919328330084682 2696827.5339282536879182 2696617.6539282537996769
188 20058567.5241932645440102 20058357.6441932655870914 2696827.5339282536879182 2696617.6539282537996769
189 6532174.9410911891609430 6531965.0610911892727017 2696827.5339282536879182 2696617.6539282537996769
190 6090830.4452395988628268 6090620.5652395989745855 2696827.5339282536879182 2696617.6539282537996769
191 3467628.5322620463557541 3467418.6522620464675128 2696827.5339282536879182 2696617.6539282537996769
192 7448841.5583745613694191 7448631.6783745614811778 2696827.5339282536879182 2696617.6539282537996769
193 11574784.3636812418699265 11574574.4836812410503626 2696827.5339282536879182 2696617.6539282537996769
194 5263508.9448265982791781 5263299.0648265983909369 2696827.5339282536879182 2696617.6539282537996769
195 2906026.6495411260984838 2905816.7695411262102425 2696827.5339282536879182 2696617.6539282537996769
196 10307172.4943543337285519 10306962.6143543329089880 2696827.5339282536879182 2696617.6539282537996769
197 9252515.8121842518448830 9252305.9321842510253191 2696827.5339282536879182 2696617.6539282537996769
198 4842689.9074940932914615 4842480.0274940934032202 2696827.5339282536879182 2696617.6539282537996769
199 7640282.1554697509855032 7640072.2754697510972619 2696827.5339282536879182 2696617.6539282537996769
200 6796850.7233144696801901 6796640.8433144697919488 2696827.5339282536879182 2696617.6539282537996769
201 4252030.6363738644868135 4251820.7563738645985723 2696827.5339282536879182 2696617.6539282537996769
202 5763373.1813627406954765 5763163.3013627408072352 2696827.5339282536879182 2696617.6539282537996769
203 12929534.7463297881186008 12929324.8663297872990370 2696827.5339282536879182 2696617.6539282537996769
204 3838836.1852798857726157 3838626.3052798858843744 2696827.5339282536879182 2696617.6539282537996769
205 4089569.9261590582318604 4089360.0461590583436191 2696827.5339282536879182 2696617.6539282537996769
206 3664920.5837369775399566 3664710.7037369776517153 2696827.5339282536879182 2696617.6539282537996769
207 6627269.1854876643046737 6627059.3054876644164324 2696827.5339282536879182 2696617.6539282537996769
208 7853068.0131656154990196 7852858.1331656156107783 2696827.5339282536879182 2696617.6539282537996769
209 6839821.5461865132674575 6839611.6661865133792162 2696827.5339282536879182 2696617.6539282537996769
210 6866411.2021781112998724 6866201.3221781114116311 2696827.5339282536879182 2696617.6539282537996769
211 4646833.0067923963069916 4646623.1267923964187503 2696827.5339282536879182 2696617.6539282537996769
212 5857691.2921226564794779 5857481.4121226565912366 2696827.5339282536879182 2696617.6539282537996769
213 4861225.8460048222914338 4861015.9660048224031925 2696827.5339282536879182 2696617.6539282537996769
214 9822719.8023696206510067 9822509.9223696198314428 2696827.5339282536879182 2696617.6539282537996769
215 5843239.0813166815787554 5843029.2013166816905141 2696827.5339282536879182 2696617.6539282537996769
216 4402775.4574995981529355 4402565.5774995982646942 2696827.5339282536879182 2696617.6539282537996769
217 8419256.3289943821728230 8419046.4489943813532591 2696827.5339282536879182 2696617.6539282537996769
218 7500896.5259009608998895 7500686.6459009610116482 2696827.5339282536879182 2696617.6539282537996769
219 21473751.3609130308032036 21473541.4809130318462849 2696827.5339282536879182 2696617.6539282537996769
220 4337111.9389764051884413 4336902.0589764053002000 2696827.5339282536879182 2696617.6539282537996769
221 8740578.2184347994625568 8740368.3384347986429930 2696827.5339282536879182 2696617.6539282537996769
222 8259094.4587489040568471 8258884.5787489041686058 2696827.5339282536879182 2696617.6539282537996769
223 3323283.3629390751011670 3323073.4829390752129257 2696827.5339282536879182 2696617.6539282537996769
224 8371649.4150883099064231 8371439.5350883100181818 2696827.5339282536879182 2696617.6539282537996769
225 11270272.3339292649179697 11270062.4539292640984058 2696827.5339282536879182 2696617.6539282537996769
226 3513727.4484317759051919 3513517.5684317760169506 2696827.5339282536879182 2696617.6539282537996769
227 8563769.5377754885703325 8563559.6577754877507687 2696827.5339282536879182 2696617.6539282537996769
228 6975563.3124824920669198 6975353.4324824921786785 2696827.5339282536879182 2696617.6539282537996769
229 4649650.3212187197059393 4649440.4412187198176980 2696827.5339282536879182 2696617.6539282537996769
230 3284365.4052796890027821 3284155.5252796891145408 2696827.5339282536879182 2696617.6539282537996769
231 8973447.2370040509849787 8973237.3570040501654148 2696827.5339282536879182 2696617.6539282537996769
232 3082027.9616132914088666 3081818.0816132915206254 2696827.5339282536879182 2696617.6539282537996769
233 6907296.4460975630208850 6907086.5660975631326437 2696827.5339282536879182 2696617.6539282537996769
234 4064663.5365188876166940 4064453.6565188877284527 2696827.5339282536879182 2696617.6539282537996769
235 7819341.0331661971285939 7819131.1531661972403526 2696827.5339282536879182 2696617.6539282537996769
236 3420044.0263800709508359 3419834.1463800710625947 2696827.5339282536879182 2696617.6539282537996769
237 3378881.8046127343550324 3378671.9246127344667912 2696827.5339282536879182 2696617.6539282537996769
238 4710496.6393389040604234 4710286.7593389041721821 2696827.5339282536879182 2696617.6539282537996769
239 9770441.4636942725628614 9770231.5836942717432976 2696827.5339282536879182 2696617.6539282537996769
240 5327106.0674180667847395 5326896.1874180668964982 2696827.5339282536879182 2696617.6539282537996769
241 8710344.4248860888183117 8710134.5448860879987478 2696827.5339282536879182 2696617.6539282537996769
242 8826319.3636523503810167 8826109.4836523495614529 2696827.5339282536879182 2696617.6539282537996769
243 4458770.6795403752475977 4458560.7995403753593564 2696827.5339282536879182 2696617.6539282537996769
244 4777861.0471283122897148 4777651.1671283124014735 2696827.5339282536879182 2696617.6539282537996769
245 4270196.7951476946473122 4269986.9151476947590709 2696827.5339282536879182 2696617.6539282537996769
246 7869778.9886983437463641 7869569.1086983438581228 2696827.5339282536879182 2696617.6539282537996769
247 11889444.9744386672973633 11889235.0944386664777994 2696827.5339282536879182 2696617.6539282537996769
248 8495643.6572904102504253 8495433.7772904094308615 2696827.5339282536879182 2696617.6539282537996769
249 7176780.8857938190922141 7176571.0057938192039728 2696827.5339282536879182 2696617.6539282537996769
250 4014947.4740595933981240 4014737.5940595935098827 2696827.5339282536879182 2696617.6539282537996769
251 6438494.7019243780523539 6438284.8219243781641126 2696827.5339282536879182 2696617.6539282537996769
252 5980654.1415168624371290 5980444.2615168625488877 2696827.5339282536879182 2696617.6539282537996769
253 5911076.0930185196921229 5910866.2130185198038816 2696827.5339282536879182 2696617.6539282537996769
254 3955897.9112183758988976 3955688.0312183760106564 2696827.5339282536879182 2696617.6539282537996769
255 8561350.9087184406816959 8561141.0287184398621321 2696827.5339282536879182 2696617.6539282537996769
256 3650128.9174429755657911 3649919.0374429756775498 2696827.5339282536879182 2696617.6539282537996769
257 3721774.6121473186649382 3721564.7321473187766969 2696827.5339282536879182 2696617.6539282537996769
258 4814934.5678753620013595 4814724.6878753621131182 2696827.5339282536879182 2696617.6539282537996769
259 10487838.0913290623575449 10487628.2113290615379810 2696827.5339282536879182 2696617.6539282537996769
260 5536549.0851025395095348 5536339.2051025396212935 2696827.5339282536879182 2696617.6539282537996769
261 3788058.8288835519924760 3787848.9488835521042347 2696827.5339282536879182 2696617.6539282537996769
262 3467621.2659632703289390 3467411.3859632704406977 2696827.5339282536879182 2696617.6539282537996769
263 2866732.8475103410892189 2866522.9675103412009776 2696827.5339282536879182 2696617.6539282537996769
264 4291550.2069755969569087 4291340.3269755970686674 2696827.5339282536879182 2696617.6539282537996769
265 3108202.7457415005192161 3107992.8657415006309748 2696827.5339282536879182 2696617.6539282537996769
266 2751168.9694265471771359 2750959.0894265472888947 2696827.5339282536879182 2696617.6539282537996769
267 9162828.9837915152311325 9162619.1037915144115686 2696827.5339282536879182 2696617.6539282537996769
268 3295429.8876925529912114 3295220.0076925531029701 2696827.5339282536879182 2696617.6539282537996769
269 6474841.8818378886207938 6474632.0018378887325525 2696827.5339282536879182 2696617.6539282537996769
270 3610789.8919041655026376 3610580.0119041656143963 2696827.5339282536879182 2696617.6539282537996769
271 5612950.3238902501761913 5612740.4438902502879500 2696827.5339282536879182 2696617.6539282537996769
272 3540951.8519585067406297 3540741.9719585068523884 2696827.5339282536879182 2696617.6539282537996769
273 4464859.5710661998018622 4464649.6910661999136209 2696827.5339282536879182 2696617.6539282537996769
274 4033292.9172799265943468 4033083.0372799267061055 2696827.5339282536879182 2696617.6539282537996769
275 9005065.9047192577272654 9004856.0247192569077015 2696827.5339282536879182 2696617.6539282537996769
276 6029913.4393069250509143 6029703.5593069251626730 2696827.5339282536879182 2696617.6539282537996769
277 3236289.1072636307217181 3236079.2272636308334768 2696827.5339282536879182 2696617.6539282537996769
278 6766937.7760862931609154 6766727.8960862932726741 2696827.5339282536879182 2696617.6539282537996769
279 3935682.3528585103340447 3935472.4728585104458034 2696827.5339282536879182 2696617.6539282537996769
280 3229931.0609148917719722 3229721.1809148918837309 2696827.5339282536879182 2696617.6539282537996769
281 3760294.7981219510547817 3760084.9181219511665404 2696827.5339282536879182 2696617.6539282537996769
282 8507291.3764816410839558 8507081.4964816402643919 2696827.5339282536879182 2696617.6539282537996769
283 5883460.6053783176466823 5883250.7253783177584410 2696827.5339282536879182 2696617.6539282537996769
284 26255016.0516668334603310 26254806.1716668345034122 2696827.5339282536879182 2696617.6539282537996769
285 4494230.3272994859144092 4494020.4472994860261679 2696827.5339282536879182 2696617.6539282537996769
286 4236206.9796240683645010 4235997.0996240684762597 2696827.5339282536879182 2696617.6539282537996769
287 5195772.6182528566569090 5195562.7382528567686677 2696827.5339282536879182 2696617.6539282537996769
288 4328153.7679113727062941 4327943.8879113728180528 2696827.5339282536879182 2696617.6539282537996769
289 6877700.2271388592198491 6877490.3471388593316078 2696827.5339282536879182 2696617.6539282537996769
290 7669560.1988574378192425 7669350.3188574379310012 2696827.5339282536879182 2696617.6539282537996769
291 5347744.7685015369206667 5347534.8885015370324254 2696827.5339282536879182 2696617.6539282537996769
292 3892284.2324155014939606 3892074.3524155016057193 2696827.5339282536879182 2696617.6539282537996769
293 4147577.4762293645180762 4147367.5962293646298349 2696827.5339282536879182 2696617.6539282537996769
294 7647106.7169897258281708 7646896.8369897259399295 2696827.5339282536879182 2696617.6539282537996769
295 4378479.3167161392048001 4378269.4367161393165588 2696827.5339282536879182 2696617.6539282537996769
296 3469087.1274681021459401 3468877.2474681022576988 2696827.5339282536879182 2696617.6539282537996769
297 4063221.8761526383459568 4063011.9961526384577155 2696827.5339282536879182 2696617.6539282537996769
298 4880159.4602208742871881 4879949.5802208743989468 2696827.5339282536879182 2696617.6539282537996769
299 2527996.6534614372067153 2527786.7734614373184741 2527996.6534614372067153 2527786.7734614373184741
300 4077386.3650128073059022 4077176.4850128074176610 2527996.6534614372067153 2527786.7734614373184741
301 3569029.7404774888418615 3568819.8604774889536202 2527996.6534614372067153 2527786.7734614373184741
302 5381942.9691874375566840 5381733.0891874376684427 2527996.6534614372067153 2527786.7734614373184741
303 6918340.8745885668322444 6918130.9945885669440031 2527996.6534614372067153 2527786.7734614373184741
304 3901082.0819255351088941 3900872.2019255352206528 2527996.6534614372067153 2527786.7734614373184741
305 10573242.1310688760131598 10573032.2510688751935959 2527996.6534614372067153 2527786.7734614373184741
306 4291492.1490834299474955 4291282.2690834300592542 2527996.6534614372067153 2527786.7734614373184741
307 4465825.4194764960557222 4465615.5394764961674809 2527996.6534614372067153 2527786.7734614373184741
308 3251545.4072204916737974 3251335.5272204917855561 2527996.6534614372067153 2527786.7734614373184741
309 2902182.2049604672938585 2901972.3249604674056172 2527996.6534614372067153 2527786.7734614373184741
310 5505078.3390887007117271 5504868.4590887008234859 2527996.6534614372067153 2527786.7734614373184741
311 3365480.2634029285982251 3365270.3834029287099838 2527996.6534614372067153 2527786.7734614373184741
312 6236629.4282336784526706 6236419.5482336785644293 2527996.6534614372067153 2527786.7734614373184741
313 3600198.7591404751874506 3599988.8791404752992094 2527996.6534614372067153 2527786.7734614373184741
314 14574987.3847774639725685 14574777.5047774631530046 2527996.6534614372067153 2527786.7734614373184741
315 3116699.9058732218109071 3116490.0258732219226658 2527996.6534614372067153 2527786.7734614373184741
316 6315095.1006483035162091 6314885.2206483036279678 2527996.6534614372067153 2527786.7734614373184741
317 3850173.5881970645859838 3849963.7081970646977425 2527996.6534614372067153 2527786.7734614373184741
318 4797299.0724654477089643 4797089.1924654478207231 2527996.6534614372067153 2527786.7734614373184741
319 5113659.8730496857315302 5113449.9930496858432889 2527996.6534614372067153 2527786.7734614373184741
320 5780857.2330798795446754 5780647.3530798796564341 2527996.6534614372067153 2527786.7734614373184741
321 9433808.1699691321700811 9433598.2899691313505173 2527996.6534614372067153 2527786.7734614373184741
322 3783243.5701799881644547 3783033.6901799882762134 2527996.6534614372067153 2527786.7734614373184741
323 7969945.2014186941087246 7969735.3214186942204833 2527996.6534614372067153 2527786.7734614373184741
324 2621171.1851453180424869 2620961.3051453181542456 2527996.6534614372067153 2527786.7734614373184741
325 5098588.7305019721388817 5098378.8505019722506404 2527996.6534614372067153 2527786.7734614373184741
326 3938621.1834776983596385 3938411.3034776984713972 2527996.6534614372067153 2527786.7734614373184741
327 9586528.1578550059348345 9586318.2778550051152706 2527996.6534614372067153 2527786.7734614373184741
328 6342388.6135145584121346 6342178.7335145585238934 2527996.6534614372067153 2527786.7734614373184741
329 3648568.9673739438876510 3648359.0873739439994097 2527996.6534614372067153 2527786.7734614373184741
330 4502551.6854483447968960 4502341.8054483449086547 2527996.6534614372067153 2527786.7734614373184741
331 4078592.2953637465834618 4078382.4153637466952205 2527996.6534614372067153 2527786.7734614373184741
332 3300807.5397917167283595 3300597.6597917168401182 2527996.6534614372067153 2527786.7734614373184741
333 5428349.2510641226544976 5428139.3710641227662563 2527996.6534614372067153 2527786.7734614373184741
334 3323652.4113876293413341 3323442.5313876294530928 2527996.6534614372067153 2527786.7734614373184741
335 3272064.9234120491892099 3271855.0434120493009686 2527996.6534614372067153 2527786.7734614373184741
336 10582691.2775718942284584 10582481.3975718934088945 2527996.6534614372067153 2527786.7734614373184741
337 3301760.9740962088108063 3301551.0940962089225650 2527996.6534614372067153 2527786.7734614373184741
338 3969157.9664339190348983 3968948.0864339191466570 2527996.6534614372067153 2527786.7734614373184741
339 3023902.2016210486181080 3023692.3216210487298667 2527996.6534614372067153 2527786.7734614373184741
340 6993588.7380593102425337 6993378.8580593103542924 2527996.6534614372067153 2527786.7734614373184741
341 3010839.7134803570806980 3010629.8334803571924567 2527996.6534614372067153 2527786.7734614373184741
342 11998789.0796650592237711 11998579.1996650584042072 2527996.6534614372067153 2527786.7734614373184741
343 5501872.9663631506264210 5501663.0863631507381797 2527996.6534614372067153 2527786.7734614373184741
344 9448562.3832777459174395 9448352.5032777450978756 2527996.6534614372067153 2527786.7734614373184741
345 5717368.5629373705014586 5717158.6829373706132174 2527996.6534614372067153 2527786.7734614373184741
346 9718599.8795826211571693 9718389.9995826203376055 2527996.6534614372067153 2527786.7734614373184741
347 3245110.0893838880583644 3244900.2093838881701231 2527996.6534614372067153 2527786.7734614373184741
348 5471675.3872767034918070 5471465.5072767036035657 2527996.6534614372067153 2527786.7734614373184741
349 4395574.2910762596875429 4395364.4110762597993016 2527996.6534614372067153 2527786.7734614373184741
350 5394953.3408207194879651 5394743.4608207195997238 2527996.6534614372067153 2527786.7734614373184741
351 7750666.4240517420694232 7750456.5440517421811819 2527996.6534614372067153 2527786.7734614373184741
352 3394666.9409995134919882 3394457.0609995136037469 2527996.6534614372067153 2527786.7734614373184741
353 5089096.5662838239222765 5088886.6862838240340352 2527996.6534614372067153 2527786.7734614373184741
354 3066305.6080630784854293 3066095.7280630785971880 2527996.6534614372067153 2527786.7734614373184741
355 4630997.1702428516000509 4630787.2902428517118096 2527996.6534614372067153 2527786.7734614373184741
356 2835647.2839412982575595 2835437.4039412983693182 2527996.6534614372067153 2527786.7734614373184741
357 4891553.3447799254208803 4891343.4647799255326390 2527996.6534614372067153 2527786.7734614373184741
358 2683801.1243867622688413 2683591.2443867623806000 2527996.6534614372067153 2527786.7734614373184741
359 3324055.9398300386965275 3323846.0598300388082862 2527996.6534614372067153 2527786.7734614373184741
360 3447819.8771893186494708 3447609.9971893187612295 2527996.6534614372067153 2527786.7734614373184741
361 3905111.2188016353175044 3904901.3388016354292631 2527996.6534614372067153 2527786.7734614373184741
362 2806068.7134009841829538 2805858.8334009842947125 2527996.6534614372067153 2527786.7734614373184741
363 2982383.2195625226013362 2982173.3395625227130949 2527996.6534614372067153 2527786.7734614373184741
364 2899160.3113698940724134 2898950.4313698941841722 2527996.6534614372067153 2527786.7734614373184741
365 4891773.3101264778524637 4891563.4301264779642224 2527996.6534614372067153 2527786.7734614373184741
366 3805337.2001443048939109 3805127.3201443050056696 2527996.6534614372067153 2527786.7734614373184741
367 8088858.0212058089673519 8088648.1412058090791106 2527996.6534614372067153 2527786.7734614373184741
368 4392530.6184019427746534 4392320.7384019428864121 2527996.6534614372067153 2527786.7734614373184741
369 7261581.6479071592912078 7261371.7679071594029665 2527996.6534614372067153 2527786.7734614373184741
370 9646358.5059029608964920 9646148.6259029600769281 2527996.6534614372067153 2527786.7734614373184741
371 6075199.0275524854660034 6074989.1475524855777621 2527996.6534614372067153 2527786.7734614373184741
372 4308005.0647808341309428 4307795.1847808342427015 2527996.6534614372067153 2527786.7734614373184741
373 3450352.8665928239934146 3450142.9865928241051733 2527996.6534614372067153 2527786.7734614373184741
374 4213953.3482205690816045 4213743.4682205691933632 2527996.6534614372067153 2527786.7734614373184741
375 2892888.6446686368435621 2892678.7646686369553208 2527996.6534614372067153 2527786.7734614373184741
376 2624271.9940659115090966 2624062.1140659116208553 2527996.6534614372067153 2527786.7734614373184741
377 2815256.6971764047630131 2815046.8171764048747718 2527996.6534614372067153 2527786.7734614373184741
378 8588284.2767435554414988 8588074.3967435546219349 2527996.6534614372067153 2527786.7734614373184741
379 2737802.3936593583784997 2737592.5136593584902585 2527996.6534614372067153 2527786.7734614373184741
380 3285490.1183064477518201 3285280.2383064478635788 2527996.6534614372067153 2527786.7734614373184741
381 5000266.1684754043817520 5000056.2884754044935107 2527996.6534614372067153 2527786.7734614373184741
382 4314310.3660248219966888 4314100.4860248221084476 2527996.6534614372067153 2527786.7734614373184741
383 3834746.8650149451568723 3834536.9850149452686310 2527996.6534614372067153 2527786.7734614373184741
384 3746535.0455091753974557 3746325.1655091755092144 2527996.6534614372067153 2527786.7734614373184741
385 9020802.6226326450705528 9020592.7426326442509890 2527996.6534614372067153 2527786.7734614373184741
386 3575178.5898429295048118 3574968.7098429296165705 2527996.6534614372067153 2527786.7734614373184741
387 2722474.0951312729157507 2722264.2151312730275095 2527996.6534614372067153 2527786.7734614373184741
388 4515132.7298541711643338 4514922.8498541712760925 2527996.6534614372067153 2527786.7734614373184741
389 3701344.0073863919824362 3701134.1273863920941949 2527996.6534614372067153 2527786.7734614373184741
390 3411809.8556964248418808 3411599.9756964249536395 2527996.6534614372067153 2527786.7734614373184741
391 4480848.8934114975854754 4480639.0134114976972342 2527996.6534614372067153 2527786.7734614373184741
392 3848789.8701691431924701 3848579.9901691433042288 2527996.6534614372067153 2527786.7734614373184741
393 4197867.7063991576433182 4197657.8263991577550769 2527996.6534614372067153 2527786.7734614373184741
394 2987691.0962542663328350 2987481.2162542664445937 2527996.6534614372067153 2527786.7734614373184741
395 3300840.8471373599022627 3300630.9671373600140214 2527996.6534614372067153 2527786.7734614373184741
396 3476253.1819878481328487 3476043.3019878482446074 2527996.6534614372067153 2527786.7734614373184741
397 8206687.5625782180577517 8206477.6825782181695104 2527996.6534614372067153 2527786.7734614373184741
398 9106937.5496340263634920 9106727.6696340255439281 2527996.6534614372067153 2527786.7734614373184741
399 3484685.3354945653118193 3484475.4554945654235780 2527996.6534614372067153 2527786.7734614373184741
400 5501722.8383944509550929 5501512.9583944510668516 2527996.6534614372067153 2527786.7734614373184741
401 3540111.5727560399100184 3539901.6927560400217772 2527996.6534614372067153 2527786.7734614373184741
402 3539607.5612935060635209 3539397.6812935061752796 2527996.6534614372067153 2527786.7734614373184741
403 6391215.3552365917712450 6391005.4752365918830037 2527996.6534614372067153 2527786.7734614373184741
404 3533390.5469732414931059 3533180.6669732416048646 2527996.6534614372067153 2527786.7734614373184741
405 7390009.6319074528291821 7389799.7519074529409409 2527996.6534614372067153 2527786.7734614373184741
406 3997500.6983592188917100 3997290.8183592190034688 2527996.6534614372067153 2527786.7734614373184741
407 4691703.1510861273854971 4691493.2710861274972558 2527996.6534614372067153 2527786.7734614373184741
408 3712602.7501737144775689 3712392.8701737145893276 2527996.6534614372067153 2527786.7734614373184741
409 5452778.1360473902896047 5452568.2560473904013634 2527996.6534614372067153 2527786.7734614373184741
410 10274566.0340606421232224 10274356.1540606413036585 2527996.6534614372067153 2527786.7734614373184741
411 4475382.2091908864676952 4475172.3291908865794539 2527996.6534614372067153 2527786.7734614373184741
412 4132082.3740118741989136 4131872.4940118743106723 2527996.6534614372067153 2527786.7734614373184741
413 7917152.3950979188084602 7916942.5150979189202189 2527996.6534614372067153 2527786.7734614373184741
414 20462965.2852714806795120 20462755.4052714817225933 2527996.6534614372067153 2527786.7734614373184741
415 3057573.0897417613305151 3057363.2097417614422739 2527996.6534614372067153 2527786.7734614373184741
416 5022107.4032162372022867 5021897.5232162373140454 2527996.6534614372067153 2527786.7734614373184741
417 3864527.8110880646854639 3864317.9310880647972226 2527996.6534614372067153 2527786.7734614373184741
418 2714411.2606991012580693 2714201.3806991013698280 2527996.6534614372067153 2527786.7734614373184741
419 6348681.0865555442869663 6348471.2065555443987250 2527996.6534614372067153 2527786.7734614373184741
420 3981047.0054269651882350 3980837.1254269652999938 2527996.6534614372067153 2527786.7734614373184741
421 7279186.1085190372541547 7278976.2285190373659134 2527996.6534614372067153 2527786.7734614373184741
422 4158486.9317422020249069 4158277.0517422021366656 2527996.6534614372067153 2527786.7734614373184741
423 4765842.8180664787068963 4765632.9380664788186550 2527996.6534614372067153 2527786.7734614373184741
424 4588072.0457435883581638 4587862.1657435884699225 2527996.6534614372067153 2527786.7734614373184741
425 4067682.1127511560916901 4067472.2327511562034488 2527996.6534614372067153 2527786.7734614373184741
426 3222400.9081387519836426 3222191.0281387520954013 2527996.6534614372067153 2527786.7734614373184741
427 2987908.3032049820758402 2987698.4232049821875989 2527996.6534614372067153 2527786.7734614373184741
428 2854552.5746426652185619 2854342.6946426653303206 2527996.6534614372067153 2527786.7734614373184741
429 5957930.1287334691733122 5957720.2487334692850709 2527996.6534614372067153 2527786.7734614373184741
430 4801413.6609282726421952 4801203.7809282727539539 2527996.6534614372067153 2527786.7734614373184741
431 2831323.5569993155077100 2831113.6769993156194687 2527996.6534614372067153 2527786.7734614373184741
432 2924899.2408697409555316 2924689.3608697410672903 2527996.6534614372067153 2527786.7734614373184741
433 5160336.8350049871951342 5160126.9550049873068929 2527996.6534614372067153 2527786.7734614373184741
434 8130052.0023223459720612 8129842.1223223460838199 2527996.6534614372067153 2527786.7734614373184741
435 2797547.0444252924062312 2797337.1644252925179899 2527996.6534614372067153 2527786.7734614373184741
436 2793716.6000960813835263 2793506.7200960814952850 2527996.6534614372067153 2527786.7734614373184741
437 5690785.3168743588030338 5690575.4368743589147925 2527996.6534614372067153 2527786.7734614373184741
438 3774596.1743395640514791 3774386.2943395641632378 2527996.6534614372067153 2527786.7734614373184741
439 3140410.9852435640059412 3140201.1052435641176999 2527996.6534614372067153 2527786.7734614373184741
440 2981399.4834263082593679 2981189.6034263083711267 2527996.6534614372067153 2527786.7734614373184741
441 5509719.1061038374900818 5509509.2261038376018405 2527996.6534614372067153 2527786.7734614373184741
442 2903615.5972298262640834 2903405.7172298263758421 2527996.6534614372067153 2527786.7734614373184741
443 3971975.9683418925851583 3971766.0883418926969171 2527996.6534614372067153 2527786.7734614373184741
444 3393026.2185278749093413 3392816.3385278750211000 2527996.6534614372067153 2527786.7734614373184741
445 7909225.0302338358014822 7909015.1502338359132409 2527996.6534614372067153 2527786.7734614373184741
446 3299611.6657674387097359 3299401.7857674388214946 2527996.6534614372067153 2527786.7734614373184741
447 3088354.5777720967307687 3088144.6977720968425274 2527996.6534614372067153 2527786.7734614373184741
448 3123783.1621966636739671 3123573.2821966637857258 2527996.6534614372067153 2527786.7734614373184741
449 6895104.3308841716498137 6894894.4508841717615724 2527996.6534614372067153 2527786.7734614373184741
450 2970935.7545769000425935 2970725.8745769001543522 2527996.6534614372067153 2527786.7734614373184741
451 3209465.8160117752850056 3209255.9360117753967643 2527996.6534614372067153 2527786.7734614373184741
452 2781864.6901860092766583 2781654.8101860093884170 2527996.6534614372067153 2527786.7734614373184741
453 4928018.1734429774805903 4927808.2934429775923491 2527996.6534614372067153 2527786.7734614373184741
454 3723921.4599530776031315 3723711.5799530777148902 2527996.6534614372067153 2527786.7734614373184741
455 2770069.9724862985312939 2769860.0924862986430526 2527996.6534614372067153 2527786.7734614373184741
456 3127505.9878388294018805 3127296.1078388295136392 2527996.6534614372067153 2527786.7734614373184741
457 3352859.8519451953470707 3352649.9719451954588294 2527996.6534614372067153 2527786.7734614373184741
458 2745421.5343187358230352 2745211.6543187359347939 2527996.6534614372067153 2527786.7734614373184741
459 4384360.8610207773745060 4384150.9810207774862647 2527996.6534614372067153 2527786.7734614373184741
460 2642535.4717196449637413 2642325.5917196450755000 2527996.6534614372067153 2527786.7734614373184741
461 2515944.6191863813437521 2515734.7391863814555109 2515944.6191863813437521 2515734.7391863814555109
462 2626251.7409624247811735 2626041.8609624248929322 2515944.6191863813437521 2515734.7391863814555109
463 2712063.7647376651875675 2711853.8847376652993262 2515944.6191863813437521 2515734.7391863814555109
464 22228447.4364801459014416 22228237.5564801469445229 2515944.6191863813437521 2515734.7391863814555109
465 2824538.0730752185918391 2824328.1930752187035978 2515944.6191863813437521 2515734.7391863814555109
466 3370329.2195371668785810 3370119.3395371669903398 2515944.6191863813437521 2515734.7391863814555109
467 4887533.7518107537180185 4887323.8718107538297772 2515944.6191863813437521 2515734.7391863814555109
468 4103044.7638688390143216 4102834.8838688391260803 2515944.6191863813437521 2515734.7391863814555109
469 2374860.2378141619265079 2374650.3578141620382667 2374860.2378141619265079 2374650.3578141620382667
470 8559896.0616983771324158 8559686.1816983763128519 2374860.2378141619265079 2374650.3578141620382667
471 2324557.3177053341642022 2324347.4377053342759609 2324557.3177053341642022 2324347.4377053342759609
472 4105990.6772468606941402 4105780.7972468608058989 2324557.3177053341642022 2324347.4377053342759609
473 3132712.3113749395124614 3132502.4313749396242201 2324557.3177053341642022 2324347.4377053342759609
474 2412655.4713419401086867 2412445.5913419402204454 2324557.3177053341642022 2324347.4377053342759609
475 2421185.1831309073604643 2420975.3031309074722230 2324557.3177053341642022 2324347.4377053342759609
476 3977536.3727070824243128 3977326.4927070825360715 2324557.3177053341642022 2324347.4377053342759609
477 4902446.3270084867253900 4902236.4470084868371487 2324557.3177053341642022 2324347.4377053342759609
478 5306382.0673287138342857 5306172.1873287139460444 2324557.3177053341642022 2324347.4377053342759609
479 8101785.0175626510754228 8101575.1375626511871815 2324557.3177053341642022 2324347.4377053342759609
480 2419813.0261492952704430 2419603.1461492953822017 2324557.3177053341642022 2324347.4377053342759609
481 3143277.5686269020661712 3143067.6886269021779299 2324557.3177053341642022 2324347.4377053342759609
482 2415671.6879823282361031 2415461.8079823283478618 2324557.3177053341642022 2324347.4377053342759609
483 1350489.0194197962991893 1350279.1394197964109480 1350489.0194197962991893 1350279.1394197964109480
484 3757408.6338836331851780 3757198.7538836332969368 1350489.0194197962991893 1350279.1394197964109480
485 8190672.9621531181037426 8190463.0821531182155013 1350489.0194197962991893 1350279.1394197964109480
486 6749970.8292404999956489 6749760.9492405001074076 1350489.0194197962991893 1350279.1394197964109480
487 4012995.2539814915508032 4012785.3739814916625619 1350489.0194197962991893 1350279.1394197964109480
488 5729201.6127644404768944 5728991.7327644405886531 1350489.0194197962991893 1350279.1394197964109480
489 6785540.0080222291871905 6785330.1280222292989492 1350489.0194197962991893 1350279.1394197964109480
490 6309337.2345847794786096 6309127.3545847795903683 1350489.0194197962991893 1350279.1394197964109480
491 2606767.7431945297867060 2606557.8631945298984647 1350489.0194197962991893 1350279.1394197964109480
492 4058327.8052907828241587 4058117.9252907829359174 1350489.0194197962991893 1350279.1394197964109480
493 10273586.2643174715340137 10273376.3843174707144499 1350489.0194197962991893 1350279.1394197964109480
494 10719035.2753044273704290 10718825.3953044265508652 1350489.0194197962991893 1350279.1394197964109480
495 13384087.6003620922565460 13383877.7203620914369822 1350489.0194197962991893 1350279.1394197964109480
496 3971468.7868736544623971 3971258.9068736545741558 1350489.0194197962991893 1350279.1394197964109480
497 7340230.2566045476123691 7340020.3766045477241278 1350489.0194197962991893 1350279.1394197964109480
498 4917431.5078118424862623 4917221.6278118425980210 1350489.0194197962991893 1350279.1394197964109480
499 12548677.3345668781548738 12548467.4545668773353100 1350489.0194197962991893 1350279.1394197964109480
500 10197450.7246538903564215 10197240.8446538895368576 1350489.0194197962991893 1350279.1394197964109480
