evaluations raw_y current_y raw_y_best current_y_best
1 86.5370584619015943 -913.4629415380984483 86.5370584619015943 -913.4629415380984483
2 86.2801019276700742 -913.7198980723298973 86.2801019276700742 -913.7198980723298973
3 85.9529585471961610 -914.0470414528037963 85.9529585471961610 -914.0470414528037963
4 76.2904322446450323 -923.7095677553550104 76.2904322446450323 -923.7095677553550104
5 86.4087507032535598 -913.5912492967464686 76.2904322446450323 -923.7095677553550104
6 86.4776558768141541 -913.5223441231858033 76.2904322446450323 -923.7095677553550104
7 85.5986658325930705 -914.4013341674069579 76.2904322446450323 -923.7095677553550104
8 86.4780838304695720 -913.5219161695304138 76.2904322446450323 -923.7095677553550104
9 85.8578839149500226 -914.1421160850500200 76.2904322446450323 -923.7095677553550104
10 82.0905626713291809 -917.9094373286708333 76.2904322446450323 -923.7095677553550104
11 78.1234273038397333 -921.8765726961602240 76.2904322446450323 -923.7095677553550104
12 82.5994695475074963 -917.4005304524924895 76.2904322446450323 -923.7095677553550104
13 86.0952019787116853 -913.9047980212883431 76.2904322446450323 -923.7095677553550104
14 79.9989117446023812 -920.0010882553975762 76.2904322446450323 -923.7095677553550104
15 77.1765616960939553 -922.8234383039060731 76.2904322446450323 -923.7095677553550104
16 75.8244278818085036 -924.1755721181914396 75.8244278818085036 -924.1755721181914396
17 86.2559147300702165 -913.7440852699297693 75.8244278818085036 -924.1755721181914396
18 85.1727614188010591 -914.8272385811989125 75.8244278818085036 -924.1755721181914396
19 80.6686804119876797 -919.3313195880123203 75.8244278818085036 -924.1755721181914396
20 81.1840545175626289 -918.8159454824374279 75.8244278818085036 -924.1755721181914396
21 78.4560545953630850 -921.5439454046369292 75.8244278818085036 -924.1755721181914396
22 74.7132284747785462 -925.2867715252214111 74.7132284747785462 -925.2867715252214111
23 72.4304908320587799 -927.5695091679411917 72.4304908320587799 -927.5695091679411917
24 73.2654153057269184 -926.7345846942730532 72.4304908320587799 -927.5695091679411917
25 81.6314644756274390 -918.3685355243725326 72.4304908320587799 -927.5695091679411917
26 68.8077353074013160 -931.1922646925986555 68.8077353074013160 -931.1922646925986555
27 81.0212027589487462 -918.9787972410512111 68.8077353074013160 -931.1922646925986555
28 77.9340271088667578 -922.0659728911332422 68.8077353074013160 -931.1922646925986555
29 77.4904920490782416 -922.5095079509217157 68.8077353074013160 -931.1922646925986555
30 73.0611377954382846 -926.9388622045617012 68.8077353074013160 -931.1922646925986555
31 68.8390894294043250 -931.1609105705956608 68.8077353074013160 -931.1922646925986555
32 68.2701627255170393 -931.7298372744829749 68.2701627255170393 -931.7298372744829749
33 70.3187264784496193 -929.6812735215503380 68.2701627255170393 -931.7298372744829749
34 71.7862930241057882 -928.2137069758941834 68.2701627255170393 -931.7298372744829749
35 73.2685515530534701 -926.7314484469465015 68.2701627255170393 -931.7298372744829749
36 82.9626944279842604 -917.0373055720157254 68.2701627255170393 -931.7298372744829749
37 69.8654647463684029 -930.1345352536316113 68.2701627255170393 -931.7298372744829749
38 86.0789188526631364 -913.9210811473368494 68.2701627255170393 -931.7298372744829749
39 84.2727952479433782 -915.7272047520566502 68.2701627255170393 -931.7298372744829749
40 85.6728445667501006 -914.3271554332499136 68.2701627255170393 -931.7298372744829749
41 71.6203932807350583 -928.3796067192649843 68.2701627255170393 -931.7298372744829749
42 85.6419937647266494 -914.3580062352733648 68.2701627255170393 -931.7298372744829749
43 78.2577293383394732 -921.7422706616605410 68.2701627255170393 -931.7298372744829749
44 72.6592589576253260 -927.3407410423747024 68.2701627255170393 -931.7298372744829749
45 73.3135803191497786 -926.6864196808502356 68.2701627255170393 -931.7298372744829749
46 85.9205487911968930 -914.0794512088031070 68.2701627255170393 -931.7298372744829749
47 86.1144357638919757 -913.8855642361080527 68.2701627255170393 -931.7298372744829749
48 84.4624566263062206 -915.5375433736937794 68.2701627255170393 -931.7298372744829749
49 81.3714703554064300 -918.6285296445935273 68.2701627255170393 -931.7298372744829749
50 82.4077256834701615 -917.5922743165298243 68.2701627255170393 -931.7298372744829749
51 81.5936450700713323 -918.4063549299286251 68.2701627255170393 -931.7298372744829749
52 84.3363184598223370 -915.6636815401776630 68.2701627255170393 -931.7298372744829749
53 74.0121912532283659 -925.9878087467716341 68.2701627255170393 -931.7298372744829749
54 72.8773257426170034 -927.1226742573829824 68.2701627255170393 -931.7298372744829749
55 84.2860162835159059 -915.7139837164841083 68.2701627255170393 -931.7298372744829749
56 85.4452580012254828 -914.5547419987744888 68.2701627255170393 -931.7298372744829749
57 85.6173204671082146 -914.3826795328917569 68.2701627255170393 -931.7298372744829749
58 85.9031030450695710 -914.0968969549304575 68.2701627255170393 -931.7298372744829749
59 83.2233108238527279 -916.7766891761473289 68.2701627255170393 -931.7298372744829749
60 83.5110914009572696 -916.4889085990427020 68.2701627255170393 -931.7298372744829749
61 85.2411816281486807 -914.7588183718513619 68.2701627255170393 -931.7298372744829749
62 72.8829173448232552 -927.1170826551767732 68.2701627255170393 -931.7298372744829749
63 74.3382253009969247 -925.6617746990031037 68.2701627255170393 -931.7298372744829749
64 85.6533305608695059 -914.3466694391304372 68.2701627255170393 -931.7298372744829749
65 78.9427506023179006 -921.0572493976820851 68.2701627255170393 -931.7298372744829749
66 85.6813410571817968 -914.3186589428181605 68.2701627255170393 -931.7298372744829749
67 84.9791703536128580 -915.0208296463871420 68.2701627255170393 -931.7298372744829749
68 84.6321548468783220 -915.3678451531217206 68.2701627255170393 -931.7298372744829749
69 85.2382850565373786 -914.7617149434626072 68.2701627255170393 -931.7298372744829749
70 83.1054974036295846 -916.8945025963704438 68.2701627255170393 -931.7298372744829749
71 73.8468172061145793 -926.1531827938854349 68.2701627255170393 -931.7298372744829749
72 75.2851599231594264 -924.7148400768405736 68.2701627255170393 -931.7298372744829749
73 74.4107730789195614 -925.5892269210804670 68.2701627255170393 -931.7298372744829749
74 84.2586504543712351 -915.7413495456287365 68.2701627255170393 -931.7298372744829749
75 85.8491179153416937 -914.1508820846582921 68.2701627255170393 -931.7298372744829749
76 85.6836015192604208 -914.3163984807396218 68.2701627255170393 -931.7298372744829749
77 82.1617470014408866 -917.8382529985591418 68.2701627255170393 -931.7298372744829749
78 84.8134557694811946 -915.1865442305188481 68.2701627255170393 -931.7298372744829749
79 81.6748545885808142 -918.3251454114191574 68.2701627255170393 -931.7298372744829749
80 85.6311470873527014 -914.3688529126472986 68.2701627255170393 -931.7298372744829749
81 82.5903656963544250 -917.4096343036455892 68.2701627255170393 -931.7298372744829749
82 84.8418180816058509 -915.1581819183941207 68.2701627255170393 -931.7298372744829749
83 85.9638002789966293 -914.0361997210034133 68.2701627255170393 -931.7298372744829749
84 85.1241704154912497 -914.8758295845087787 68.2701627255170393 -931.7298372744829749
85 84.7490076389671145 -915.2509923610328997 68.2701627255170393 -931.7298372744829749
86 80.0021680140142166 -919.9978319859858402 68.2701627255170393 -931.7298372744829749
87 70.3027237149000541 -929.6972762850999743 68.2701627255170393 -931.7298372744829749
88 81.3083461445449416 -918.6916538554551153 68.2701627255170393 -931.7298372744829749
89 82.8529928383715628 -917.1470071616283803 68.2701627255170393 -931.7298372744829749
90 85.8151076207399228 -914.1848923792600772 68.2701627255170393 -931.7298372744829749
91 72.7261315006286111 -927.2738684993713605 68.2701627255170393 -931.7298372744829749
92 70.8536343544747211 -929.1463656455252931 68.2701627255170393 -931.7298372744829749
93 74.3456246668635430 -925.6543753331364996 68.2701627255170393 -931.7298372744829749
94 73.7092799232081717 -926.2907200767917857 68.2701627255170393 -931.7298372744829749
95 86.1527641189069868 -913.8472358810929563 68.2701627255170393 -931.7298372744829749
96 80.1546380926322115 -919.8453619073677601 68.2701627255170393 -931.7298372744829749
97 71.1598537354571761 -928.8401462645427955 68.2701627255170393 -931.7298372744829749
98 71.4873897934095623 -928.5126102065904661 68.2701627255170393 -931.7298372744829749
99 83.5790861122230950 -916.4209138877769192 68.2701627255170393 -931.7298372744829749
100 73.6957664601228117 -926.3042335398771456 68.2701627255170393 -931.7298372744829749
101 71.5741001061703628 -928.4258998938296372 68.2701627255170393 -931.7298372744829749
102 82.6754351724748204 -917.3245648275251369 68.2701627255170393 -931.7298372744829749
103 84.6299471173460631 -915.3700528826539085 68.2701627255170393 -931.7298372744829749
104 77.5660626244721954 -922.4339373755277620 68.2701627255170393 -931.7298372744829749
105 85.3251536117935956 -914.6748463882064470 68.2701627255170393 -931.7298372744829749
106 84.2789932960490944 -915.7210067039509340 68.2701627255170393 -931.7298372744829749
107 72.0142481567145865 -927.9857518432854704 68.2701627255170393 -931.7298372744829749
108 71.2854236190135850 -928.7145763809863865 68.2701627255170393 -931.7298372744829749
109 71.9592807862081685 -928.0407192137918173 68.2701627255170393 -931.7298372744829749
110 84.5930319811980240 -915.4069680188019902 68.2701627255170393 -931.7298372744829749
111 76.8876086376490093 -923.1123913623509907 68.2701627255170393 -931.7298372744829749
112 71.1401611144510468 -928.8598388855489247 68.2701627255170393 -931.7298372744829749
113 71.4170516930933275 -928.5829483069067010 68.2701627255170393 -931.7298372744829749
114 71.9795130146038673 -928.0204869853961327 68.2701627255170393 -931.7298372744829749
115 71.2235971242548374 -928.7764028757451342 68.2701627255170393 -931.7298372744829749
116 71.4606029161873977 -928.5393970838125597 68.2701627255170393 -931.7298372744829749
117 74.0471781019851960 -925.9528218980148040 68.2701627255170393 -931.7298372744829749
118 80.0967970787797299 -919.9032029212203270 68.2701627255170393 -931.7298372744829749
119 79.9999773658331179 -920.0000226341668395 68.2701627255170393 -931.7298372744829749
120 72.0951035712070336 -927.9048964287929948 68.2701627255170393 -931.7298372744829749
121 71.1826515158391402 -928.8173484841609024 68.2701627255170393 -931.7298372744829749
122 77.1295533031832150 -922.8704466968167708 68.2701627255170393 -931.7298372744829749
123 71.5511548557497150 -928.4488451442502992 68.2701627255170393 -931.7298372744829749
124 71.4121939920080564 -928.5878060079919578 68.2701627255170393 -931.7298372744829749
125 71.8616337105013088 -928.1383662894986628 68.2701627255170393 -931.7298372744829749
126 72.1002955107332610 -927.8997044892666963 68.2701627255170393 -931.7298372744829749
127 71.3001138845962714 -928.6998861154037286 68.2701627255170393 -931.7298372744829749
128 71.9227203936448376 -928.0772796063552050 68.2701627255170393 -931.7298372744829749
129 71.8708428670286281 -928.1291571329713861 68.2701627255170393 -931.7298372744829749
130 76.3503314794186139 -923.6496685205813719 68.2701627255170393 -931.7298372744829749
131 72.0958543177896871 -927.9041456822103555 68.2701627255170393 -931.7298372744829749
132 72.2767134289563131 -927.7232865710436727 68.2701627255170393 -931.7298372744829749
133 72.7543169051983085 -927.2456830948017341 68.2701627255170393 -931.7298372744829749
134 75.2064639756112570 -924.7935360243886862 68.2701627255170393 -931.7298372744829749
135 71.6114687047692229 -928.3885312952307913 68.2701627255170393 -931.7298372744829749
136 71.1844878889736634 -928.8155121110263508 68.2701627255170393 -931.7298372744829749
137 84.5408015913794628 -915.4591984086205230 68.2701627255170393 -931.7298372744829749
138 79.3696826241209266 -920.6303173758790308 68.2701627255170393 -931.7298372744829749
139 71.6309647636412450 -928.3690352363587408 68.2701627255170393 -931.7298372744829749
140 71.9959847660727945 -928.0040152339272481 68.2701627255170393 -931.7298372744829749
141 71.8040697974433186 -928.1959302025567240 68.2701627255170393 -931.7298372744829749
142 74.0419784783455981 -925.9580215216543593 68.2701627255170393 -931.7298372744829749
143 72.6127518863773531 -927.3872481136226043 68.2701627255170393 -931.7298372744829749
144 77.4211824387900549 -922.5788175612099167 68.2701627255170393 -931.7298372744829749
145 74.1537705182266507 -925.8462294817733209 68.2701627255170393 -931.7298372744829749
146 74.6211024694758436 -925.3788975305241138 68.2701627255170393 -931.7298372744829749
147 72.6968280175596675 -927.3031719824402899 68.2701627255170393 -931.7298372744829749
148 73.0961625399958734 -926.9038374600040697 68.2701627255170393 -931.7298372744829749
149 73.0113443528913564 -926.9886556471086578 68.2701627255170393 -931.7298372744829749
150 78.6029805130080916 -921.3970194869918942 68.2701627255170393 -931.7298372744829749
151 78.6024362107408052 -921.3975637892591521 68.2701627255170393 -931.7298372744829749
152 75.8063075127213040 -924.1936924872786676 68.2701627255170393 -931.7298372744829749
153 80.5851334701411446 -919.4148665298588412 68.2701627255170393 -931.7298372744829749
154 75.8139553011600071 -924.1860446988399644 68.2701627255170393 -931.7298372744829749
155 72.4103938548703923 -927.5896061451296646 68.2701627255170393 -931.7298372744829749
156 78.8635248762990813 -921.1364751237009614 68.2701627255170393 -931.7298372744829749
157 79.1318345836879615 -920.8681654163120811 68.2701627255170393 -931.7298372744829749
158 84.6414381377488354 -915.3585618622511220 68.2701627255170393 -931.7298372744829749
159 85.2340942765260223 -914.7659057234740203 68.2701627255170393 -931.7298372744829749
160 83.7575896834567004 -916.2424103165433280 68.2701627255170393 -931.7298372744829749
161 85.9819698073917493 -914.0180301926081938 68.2701627255170393 -931.7298372744829749
162 69.8890590737282338 -930.1109409262717236 68.2701627255170393 -931.7298372744829749
163 74.6468640533687591 -925.3531359466312551 68.2701627255170393 -931.7298372744829749
164 86.4189683230541448 -913.5810316769458268 68.2701627255170393 -931.7298372744829749
165 85.6306120122652743 -914.3693879877347399 68.2701627255170393 -931.7298372744829749
166 83.7907397510572025 -916.2092602489427691 68.2701627255170393 -931.7298372744829749
167 83.6172529860033933 -916.3827470139965499 68.2701627255170393 -931.7298372744829749
168 84.2175969725073514 -915.7824030274925917 68.2701627255170393 -931.7298372744829749
169 74.6163655600198723 -925.3836344399801419 68.2701627255170393 -931.7298372744829749
170 85.9851527400874716 -914.0148472599125853 68.2701627255170393 -931.7298372744829749
171 85.6690944057533272 -914.3309055942467012 68.2701627255170393 -931.7298372744829749
172 76.3783805883313534 -923.6216194116686893 68.2701627255170393 -931.7298372744829749
173 83.6944228674996822 -916.3055771325002752 68.2701627255170393 -931.7298372744829749
174 69.9394501891646456 -930.0605498108353686 68.2701627255170393 -931.7298372744829749
175 70.1513866810116582 -929.8486133189883276 68.2701627255170393 -931.7298372744829749
176 72.5403180553692977 -927.4596819446306881 68.2701627255170393 -931.7298372744829749
177 70.1254018838044573 -929.8745981161955569 68.2701627255170393 -931.7298372744829749
178 70.2117936571857229 -929.7882063428143056 68.2701627255170393 -931.7298372744829749
179 74.6489638133944595 -925.3510361866055973 68.2701627255170393 -931.7298372744829749
180 86.0366457970113032 -913.9633542029887394 68.2701627255170393 -931.7298372744829749
181 70.2507114901718950 -929.7492885098281477 68.2701627255170393 -931.7298372744829749
182 75.8278861392792010 -924.1721138607208559 68.2701627255170393 -931.7298372744829749
183 81.6100487171482456 -918.3899512828517118 68.2701627255170393 -931.7298372744829749
184 84.8010293062284290 -915.1989706937715710 68.2701627255170393 -931.7298372744829749
185 85.9381840588343238 -914.0618159411657189 68.2701627255170393 -931.7298372744829749
186 81.0149257953711839 -918.9850742046288588 68.2701627255170393 -931.7298372744829749
187 69.9832839520379650 -930.0167160479620634 68.2701627255170393 -931.7298372744829749
188 85.2561087587763922 -914.7438912412236505 68.2701627255170393 -931.7298372744829749
189 79.8382040691438135 -920.1617959308562149 68.2701627255170393 -931.7298372744829749
190 86.0843014544232545 -913.9156985455767881 68.2701627255170393 -931.7298372744829749
191 78.0976151376541594 -921.9023848623457980 68.2701627255170393 -931.7298372744829749
192 70.4513720092999023 -929.5486279907000835 68.2701627255170393 -931.7298372744829749
193 85.5336755267390032 -914.4663244732610110 68.2701627255170393 -931.7298372744829749
194 70.7400708659826876 -929.2599291340172840 68.2701627255170393 -931.7298372744829749
195 70.5563093342813232 -929.4436906657186910 68.2701627255170393 -931.7298372744829749
196 86.2142458851079283 -913.7857541148920291 68.2701627255170393 -931.7298372744829749
197 72.9054721189780395 -927.0945278810219179 68.2701627255170393 -931.7298372744829749
198 77.4213736105204475 -922.5786263894794956 68.2701627255170393 -931.7298372744829749
199 70.4504710014270330 -929.5495289985730096 68.2701627255170393 -931.7298372744829749
200 71.3410989472572368 -928.6589010527427490 68.2701627255170393 -931.7298372744829749
201 69.3707519046252514 -930.6292480953748054 68.2701627255170393 -931.7298372744829749
202 72.6122188178724031 -927.3877811821275827 68.2701627255170393 -931.7298372744829749
203 70.5963452307545793 -929.4036547692454633 68.2701627255170393 -931.7298372744829749
204 73.5525020649307635 -926.4474979350692365 68.2701627255170393 -931.7298372744829749
205 69.5500030513400702 -930.4499969486598729 68.2701627255170393 -931.7298372744829749
206 75.5238625660137757 -924.4761374339861959 68.2701627255170393 -931.7298372744829749
207 70.1450011376189906 -929.8549988623809668 68.2701627255170393 -931.7298372744829749
208 81.3544820457064901 -918.6455179542934957 68.2701627255170393 -931.7298372744829749
209 72.0201769268578715 -927.9798230731421427 68.2701627255170393 -931.7298372744829749
210 69.5739147952013610 -930.4260852047985964 68.2701627255170393 -931.7298372744829749
211 70.1580897956365561 -929.8419102043634439 68.2701627255170393 -931.7298372744829749
212 71.1212632610264563 -928.8787367389735437 68.2701627255170393 -931.7298372744829749
213 81.5036184255637579 -918.4963815744362137 68.2701627255170393 -931.7298372744829749
214 69.6133153562034295 -930.3866846437965705 68.2701627255170393 -931.7298372744829749
215 84.4246736931828679 -915.5753263068171464 68.2701627255170393 -931.7298372744829749
216 69.6383745278947970 -930.3616254721051746 68.2701627255170393 -931.7298372744829749
217 84.6542794925329787 -915.3457205074670355 68.2701627255170393 -931.7298372744829749
218 70.7563133082251170 -929.2436866917748830 68.2701627255170393 -931.7298372744829749
219 83.8491309437725079 -916.1508690562275206 68.2701627255170393 -931.7298372744829749
220 71.3706526574438129 -928.6293473425562297 68.2701627255170393 -931.7298372744829749
221 85.0318619798340478 -914.9681380201659522 68.2701627255170393 -931.7298372744829749
222 85.4898924323100147 -914.5101075676899427 68.2701627255170393 -931.7298372744829749
223 70.1400281886936625 -929.8599718113063091 68.2701627255170393 -931.7298372744829749
224 74.4794537048061187 -925.5205462951938671 68.2701627255170393 -931.7298372744829749
225 86.1782352137013135 -913.8217647862986723 68.2701627255170393 -931.7298372744829749
226 69.4911699265166476 -930.5088300734832956 68.2701627255170393 -931.7298372744829749
227 69.6612387513441291 -930.3387612486558282 68.2701627255170393 -931.7298372744829749
228 69.8391928046265349 -930.1608071953734225 68.2701627255170393 -931.7298372744829749
229 74.3444543813685357 -925.6555456186314359 68.2701627255170393 -931.7298372744829749
230 71.4294910453102574 -928.5705089546897852 68.2701627255170393 -931.7298372744829749
231 75.4499681892027638 -924.5500318107972362 68.2701627255170393 -931.7298372744829749
232 75.1160941626246625 -924.8839058373753232 68.2701627255170393 -931.7298372744829749
233 74.5635838992433406 -925.4364161007566736 68.2701627255170393 -931.7298372744829749
234 83.8094764318058623 -916.1905235681941804 68.2701627255170393 -931.7298372744829749
235 80.8618732608167505 -919.1381267391832353 68.2701627255170393 -931.7298372744829749
236 83.3625682195536513 -916.6374317804463772 68.2701627255170393 -931.7298372744829749
237 63.1036485673034235 -936.8963514326965196 63.1036485673034235 -936.8963514326965196
238 69.1730478514840570 -930.8269521485159430 63.1036485673034235 -936.8963514326965196
239 69.8639821528590375 -930.1360178471409199 63.1036485673034235 -936.8963514326965196
240 70.8327091728997971 -929.1672908271002598 63.1036485673034235 -936.8963514326965196
241 78.5465921798910500 -921.4534078201089642 63.1036485673034235 -936.8963514326965196
242 70.2710945433017287 -929.7289054566982713 63.1036485673034235 -936.8963514326965196
243 85.4012752595080400 -914.5987247404920026 63.1036485673034235 -936.8963514326965196
244 80.4157924754394458 -919.5842075245604974 63.1036485673034235 -936.8963514326965196
245 83.6607854565083358 -916.3392145434916074 63.1036485673034235 -936.8963514326965196
246 66.9427054109321489 -933.0572945890678511 63.1036485673034235 -936.8963514326965196
247 68.1825125399525405 -931.8174874600474595 63.1036485673034235 -936.8963514326965196
248 85.7491340902518857 -914.2508659097480859 63.1036485673034235 -936.8963514326965196
249 83.8680383370386977 -916.1319616629613165 63.1036485673034235 -936.8963514326965196
250 84.6190623063221494 -915.3809376936778790 63.1036485673034235 -936.8963514326965196
251 86.1744336494976295 -913.8255663505024131 63.1036485673034235 -936.8963514326965196
252 68.7478963079917094 -931.2521036920082906 63.1036485673034235 -936.8963514326965196
253 85.7444416425131379 -914.2555583574868479 63.1036485673034235 -936.8963514326965196
254 85.9620478077878403 -914.0379521922121739 63.1036485673034235 -936.8963514326965196
255 84.5335335867491295 -915.4664664132508278 63.1036485673034235 -936.8963514326965196
256 84.8978659617875451 -915.1021340382123981 63.1036485673034235 -936.8963514326965196
257 85.6557615030270796 -914.3442384969729346 63.1036485673034235 -936.8963514326965196
258 86.2986483217568576 -913.7013516782430997 63.1036485673034235 -936.8963514326965196
259 68.9888374563222868 -931.0111625436777558 63.1036485673034235 -936.8963514326965196
260 84.9966713331802595 -915.0033286668196979 63.1036485673034235 -936.8963514326965196
261 76.9170729190924902 -923.0829270809075524 63.1036485673034235 -936.8963514326965196
262 84.0384036958692349 -915.9615963041308078 63.1036485673034235 -936.8963514326965196
263 86.3750106597607328 -913.6249893402392672 63.1036485673034235 -936.8963514326965196
264 70.5242175096458794 -929.4757824903541632 63.1036485673034235 -936.8963514326965196
265 85.0559377411316575 -914.9440622588683709 63.1036485673034235 -936.8963514326965196
266 83.7322839596790374 -916.2677160403209200 63.1036485673034235 -936.8963514326965196
267 84.6316661018431944 -915.3683338981568340 63.1036485673034235 -936.8963514326965196
268 83.5930765804335749 -916.4069234195663967 63.1036485673034235 -936.8963514326965196
269 86.4895341950486909 -913.5104658049513091 63.1036485673034235 -936.8963514326965196
270 84.3187807934985756 -915.6812192065013960 63.1036485673034235 -936.8963514326965196
271 71.0100564479292018 -928.9899435520708266 63.1036485673034235 -936.8963514326965196
272 77.7329043363393026 -922.2670956636607116 63.1036485673034235 -936.8963514326965196
273 85.2963194517180199 -914.7036805482820228 63.1036485673034235 -936.8963514326965196
274 86.5122573946069053 -913.4877426053931231 63.1036485673034235 -936.8963514326965196
275 85.6829337777399473 -914.3170662222601095 63.1036485673034235 -936.8963514326965196
276 86.1937064808616924 -913.8062935191383076 63.1036485673034235 -936.8963514326965196
277 86.1884984705903037 -913.8115015294097248 63.1036485673034235 -936.8963514326965196
278 84.2190417685325627 -915.7809582314674799 63.1036485673034235 -936.8963514326965196
279 85.4206762688751553 -914.5793237311248731 63.1036485673034235 -936.8963514326965196
280 85.6834602137040662 -914.3165397862959480 63.1036485673034235 -936.8963514326965196
281 86.2916916125655149 -913.7083083874344993 63.1036485673034235 -936.8963514326965196
282 84.7311098588689333 -915.2688901411311235 63.1036485673034235 -936.8963514326965196
283 86.2752079697853986 -913.7247920302146440 63.1036485673034235 -936.8963514326965196
284 83.8620919645110234 -916.1379080354889766 63.1036485673034235 -936.8963514326965196
285 76.5458700541297361 -923.4541299458702497 63.1036485673034235 -936.8963514326965196
286 76.7741931275496086 -923.2258068724504483 63.1036485673034235 -936.8963514326965196
287 84.6807083802403326 -915.3192916197597242 63.1036485673034235 -936.8963514326965196
288 83.9477503073211011 -916.0522496926788563 63.1036485673034235 -936.8963514326965196
289 81.1943200629998785 -918.8056799370001499 63.1036485673034235 -936.8963514326965196
290 70.3124321297881778 -929.6875678702118648 63.1036485673034235 -936.8963514326965196
291 78.3742741417532329 -921.6257258582468239 63.1036485673034235 -936.8963514326965196
292 85.2167011232688623 -914.7832988767311235 63.1036485673034235 -936.8963514326965196
293 85.9579738855671565 -914.0420261144328151 63.1036485673034235 -936.8963514326965196
294 80.5360861039258964 -919.4639138960741320 63.1036485673034235 -936.8963514326965196
295 82.0381031724635221 -917.9618968275365205 63.1036485673034235 -936.8963514326965196
296 85.1824052458710668 -914.8175947541288906 63.1036485673034235 -936.8963514326965196
297 84.5543624845313531 -915.4456375154686611 63.1036485673034235 -936.8963514326965196
298 86.1298956434459200 -913.8701043565540658 63.1036485673034235 -936.8963514326965196
299 86.2646538107606204 -913.7353461892394080 63.1036485673034235 -936.8963514326965196
300 86.3236872879890029 -913.6763127120109402 63.1036485673034235 -936.8963514326965196
301 84.2116515753128567 -915.7883484246871149 63.1036485673034235 -936.8963514326965196
302 84.6890241384040223 -915.3109758615960345 63.1036485673034235 -936.8963514326965196
303 86.2622241691240674 -913.7377758308759894 63.1036485673034235 -936.8963514326965196
304 84.7434595562584150 -915.2565404437416419 63.1036485673034235 -936.8963514326965196
305 84.1089916270334328 -915.8910083729665530 63.1036485673034235 -936.8963514326965196
306 69.5736000970656789 -930.4263999029343495 63.1036485673034235 -936.8963514326965196
307 85.7656194198368667 -914.2343805801631333 63.1036485673034235 -936.8963514326965196
308 86.1643035406712698 -913.8356964593286875 63.1036485673034235 -936.8963514326965196
309 85.0050842698973099 -914.9949157301026617 63.1036485673034235 -936.8963514326965196
310 85.1640383213122334 -914.8359616786877950 63.1036485673034235 -936.8963514326965196
311 86.4286746107903667 -913.5713253892096191 63.1036485673034235 -936.8963514326965196
312 85.6454136719593464 -914.3545863280406820 63.1036485673034235 -936.8963514326965196
313 84.9638321661140026 -915.0361678338859974 63.1036485673034235 -936.8963514326965196
314 85.5520328291107575 -914.4479671708892283 63.1036485673034235 -936.8963514326965196
315 83.6392148242862703 -916.3607851757137723 63.1036485673034235 -936.8963514326965196
316 84.8939958267322226 -915.1060041732678201 63.1036485673034235 -936.8963514326965196
317 81.0592989977189120 -918.9407010022811164 63.1036485673034235 -936.8963514326965196
318 85.0668081984248090 -914.9331918015751626 63.1036485673034235 -936.8963514326965196
319 75.0435298915537174 -924.9564701084462968 63.1036485673034235 -936.8963514326965196
320 86.4510801334089933 -913.5489198665909498 63.1036485673034235 -936.8963514326965196
321 81.5585779223987828 -918.4414220776012598 63.1036485673034235 -936.8963514326965196
322 86.2655415988753020 -913.7344584011246980 63.1036485673034235 -936.8963514326965196
323 83.1348881970103264 -916.8651118029896452 63.1036485673034235 -936.8963514326965196
324 86.4241403960950123 -913.5758596039049735 63.1036485673034235 -936.8963514326965196
325 82.0777751641974049 -917.9222248358025809 63.1036485673034235 -936.8963514326965196
326 86.0024084628182806 -913.9975915371817337 63.1036485673034235 -936.8963514326965196
327 69.8397129192284325 -930.1602870807715817 63.1036485673034235 -936.8963514326965196
328 86.1301645818394519 -913.8698354181605055 63.1036485673034235 -936.8963514326965196
329 85.7003793757041592 -914.2996206242958124 63.1036485673034235 -936.8963514326965196
330 83.5526109512410073 -916.4473890487589642 63.1036485673034235 -936.8963514326965196
331 85.5921467937774736 -914.4078532062225122 63.1036485673034235 -936.8963514326965196
332 86.2099231868350842 -913.7900768131648874 63.1036485673034235 -936.8963514326965196
333 84.5541069974776320 -915.4458930025223253 63.1036485673034235 -936.8963514326965196
334 83.7625104586809641 -916.2374895413190643 63.1036485673034235 -936.8963514326965196
335 85.1738740759053599 -914.8261259240946401 63.1036485673034235 -936.8963514326965196
336 85.7997941876433430 -914.2002058123566712 63.1036485673034235 -936.8963514326965196
337 86.1245317103721248 -913.8754682896278609 63.1036485673034235 -936.8963514326965196
338 71.2762085287763227 -928.7237914712236488 63.1036485673034235 -936.8963514326965196
339 82.5875007419111142 -917.4124992580889284 63.1036485673034235 -936.8963514326965196
340 86.1005070387499671 -913.8994929612500755 63.1036485673034235 -936.8963514326965196
341 84.0787150305364293 -915.9212849694636134 63.1036485673034235 -936.8963514326965196
342 84.9562931160253356 -915.0437068839746644 63.1036485673034235 -936.8963514326965196
343 85.4701918093058879 -914.5298081906940979 63.1036485673034235 -936.8963514326965196
344 86.3081412526241394 -913.6918587473758180 63.1036485673034235 -936.8963514326965196
345 86.4592630190736600 -913.5407369809263400 63.1036485673034235 -936.8963514326965196
346 84.5535474024478759 -915.4464525975521383 63.1036485673034235 -936.8963514326965196
347 71.1527169952917831 -928.8472830047081743 63.1036485673034235 -936.8963514326965196
348 85.3995492233921283 -914.6004507766078859 63.1036485673034235 -936.8963514326965196
349 86.2891683142887871 -913.7108316857112413 63.1036485673034235 -936.8963514326965196
350 85.0937341186506586 -914.9062658813493272 63.1036485673034235 -936.8963514326965196
351 86.4332466958163224 -913.5667533041836350 63.1036485673034235 -936.8963514326965196
352 85.5998681731471294 -914.4001318268528848 63.1036485673034235 -936.8963514326965196
353 79.1356322311674916 -920.8643677688324942 63.1036485673034235 -936.8963514326965196
354 86.1327313536077952 -913.8672686463921764 63.1036485673034235 -936.8963514326965196
355 86.2321818409880763 -913.7678181590118811 63.1036485673034235 -936.8963514326965196
356 85.0312186889627242 -914.9687813110372190 63.1036485673034235 -936.8963514326965196
357 80.9404997273303337 -919.0595002726696521 63.1036485673034235 -936.8963514326965196
358 68.9885393423386972 -931.0114606576612459 63.1036485673034235 -936.8963514326965196
359 80.2038816560076242 -919.7961183439923616 63.1036485673034235 -936.8963514326965196
360 67.9845547917387307 -932.0154452082613261 63.1036485673034235 -936.8963514326965196
361 81.7267559963854353 -918.2732440036145363 63.1036485673034235 -936.8963514326965196
362 85.8098717174807604 -914.1901282825192538 63.1036485673034235 -936.8963514326965196
363 85.9698481712361229 -914.0301518287639055 63.1036485673034235 -936.8963514326965196
364 84.3958335315025892 -915.6041664684973966 63.1036485673034235 -936.8963514326965196
365 76.7984429529675907 -923.2015570470324519 63.1036485673034235 -936.8963514326965196
366 85.2651129293068379 -914.7348870706931621 63.1036485673034235 -936.8963514326965196
367 83.6156429003070372 -916.3843570996929202 63.1036485673034235 -936.8963514326965196
368 82.6780017757287737 -917.3219982242712831 63.1036485673034235 -936.8963514326965196
369 73.9753373445504252 -926.0246626554495606 63.1036485673034235 -936.8963514326965196
370 84.2430447285784112 -915.7569552714215888 63.1036485673034235 -936.8963514326965196
371 85.1810790290485755 -914.8189209709514671 63.1036485673034235 -936.8963514326965196
372 79.9002833612908745 -920.0997166387090829 63.1036485673034235 -936.8963514326965196
373 85.2016085274496788 -914.7983914725502927 63.1036485673034235 -936.8963514326965196
374 86.3126230389437268 -913.6873769610563158 63.1036485673034235 -936.8963514326965196
375 83.9412421830752891 -916.0587578169247536 63.1036485673034235 -936.8963514326965196
376 85.6908281661084601 -914.3091718338915825 63.1036485673034235 -936.8963514326965196
377 85.8360404277934350 -914.1639595722065224 63.1036485673034235 -936.8963514326965196
378 85.5758490752131422 -914.4241509247868862 63.1036485673034235 -936.8963514326965196
379 84.4364248784985278 -915.5635751215014579 63.1036485673034235 -936.8963514326965196
380 86.3881511061758545 -913.6118488938241171 63.1036485673034235 -936.8963514326965196
381 85.9882182436317493 -914.0117817563682365 63.1036485673034235 -936.8963514326965196
382 85.8372147763557365 -914.1627852236442777 63.1036485673034235 -936.8963514326965196
383 86.1532087299193279 -913.8467912700806437 63.1036485673034235 -936.8963514326965196
384 69.8377053731471165 -930.1622946268528267 63.1036485673034235 -936.8963514326965196
385 75.6006643983043034 -924.3993356016957250 63.1036485673034235 -936.8963514326965196
386 81.3181563872509088 -918.6818436127490486 63.1036485673034235 -936.8963514326965196
387 85.3565135135192747 -914.6434864864806968 63.1036485673034235 -936.8963514326965196
388 81.7601529601584360 -918.2398470398416066 63.1036485673034235 -936.8963514326965196
389 79.8223555184731026 -920.1776444815268405 63.1036485673034235 -936.8963514326965196
390 84.6273282278978769 -915.3726717721020805 63.1036485673034235 -936.8963514326965196
391 84.6350590658239099 -915.3649409341760474 63.1036485673034235 -936.8963514326965196
392 85.6516404169078385 -914.3483595830921331 63.1036485673034235 -936.8963514326965196
393 85.4533792614799950 -914.5466207385200050 63.1036485673034235 -936.8963514326965196
394 83.4115900433400128 -916.5884099566600298 63.1036485673034235 -936.8963514326965196
395 69.7351302064005552 -930.2648697935994733 63.1036485673034235 -936.8963514326965196
396 86.3439467346659768 -913.6560532653339806 63.1036485673034235 -936.8963514326965196
397 86.1828640656085270 -913.8171359343914446 63.1036485673034235 -936.8963514326965196
398 84.4569350292145629 -915.5430649707853945 63.1036485673034235 -936.8963514326965196
399 85.1120585550847153 -914.8879414449153273 63.1036485673034235 -936.8963514326965196
400 86.2896459754918084 -913.7103540245082058 63.1036485673034235 -936.8963514326965196
401 80.9689960227964463 -919.0310039772035680 63.1036485673034235 -936.8963514326965196
402 83.5187258905472021 -916.4812741094527837 63.1036485673034235 -936.8963514326965196
403 86.4928103236083672 -913.5071896763915902 63.1036485673034235 -936.8963514326965196
404 84.7944347681326320 -915.2055652318673538 63.1036485673034235 -936.8963514326965196
405 84.6619252171214924 -915.3380747828784934 63.1036485673034235 -936.8963514326965196
406 85.7594692022920526 -914.2405307977079474 63.1036485673034235 -936.8963514326965196
407 85.6172382623322221 -914.3827617376678063 63.1036485673034235 -936.8963514326965196
408 80.9252104266966654 -919.0747895733032919 63.1036485673034235 -936.8963514326965196
409 69.5931156327795151 -930.4068843672205276 63.1036485673034235 -936.8963514326965196
410 84.7507859772935461 -915.2492140227064965 63.1036485673034235 -936.8963514326965196
411 86.0677902614371675 -913.9322097385628467 63.1036485673034235 -936.8963514326965196
412 82.6683019104369947 -917.3316980895630195 63.1036485673034235 -936.8963514326965196
413 86.4375631967392479 -913.5624368032607663 63.1036485673034235 -936.8963514326965196
414 69.3024794426278845 -930.6975205573721723 63.1036485673034235 -936.8963514326965196
415 84.0661427244037469 -915.9338572755962105 63.1036485673034235 -936.8963514326965196
416 86.2611664094493733 -913.7388335905505983 63.1036485673034235 -936.8963514326965196
417 85.4813554465872727 -914.5186445534127415 63.1036485673034235 -936.8963514326965196
418 84.9570885082119958 -915.0429114917880042 63.1036485673034235 -936.8963514326965196
419 84.6397921978085321 -915.3602078021914394 63.1036485673034235 -936.8963514326965196
420 80.6352402679096372 -919.3647597320903060 63.1036485673034235 -936.8963514326965196
421 83.9411246609629984 -916.0588753390370584 63.1036485673034235 -936.8963514326965196
422 86.2581176058593257 -913.7418823941407027 63.1036485673034235 -936.8963514326965196
423 79.6355770416929261 -920.3644229583070455 63.1036485673034235 -936.8963514326965196
424 84.7104751543224097 -915.2895248456775334 63.1036485673034235 -936.8963514326965196
425 86.3711240576585908 -913.6288759423414376 63.1036485673034235 -936.8963514326965196
426 85.9016426810407978 -914.0983573189591880 63.1036485673034235 -936.8963514326965196
427 84.7190697520228753 -915.2809302479771532 63.1036485673034235 -936.8963514326965196
428 84.9143723024402277 -915.0856276975597439 63.1036485673034235 -936.8963514326965196
429 84.4910108856932851 -915.5089891143067007 63.1036485673034235 -936.8963514326965196
430 80.6045463409388674 -919.3954536590611042 63.1036485673034235 -936.8963514326965196
431 82.3824580277082390 -917.6175419722917468 63.1036485673034235 -936.8963514326965196
432 85.6016148822007636 -914.3983851177991937 63.1036485673034235 -936.8963514326965196
433 81.8641718766739643 -918.1358281233260641 63.1036485673034235 -936.8963514326965196
434 81.5283440086540594 -918.4716559913459832 63.1036485673034235 -936.8963514326965196
435 86.2019399382267295 -913.7980600617732989 63.1036485673034235 -936.8963514326965196
436 69.2917478869799481 -930.7082521130200803 63.1036485673034235 -936.8963514326965196
437 81.4079983631732631 -918.5920016368266943 63.1036485673034235 -936.8963514326965196
438 83.4626715855512629 -916.5373284144487798 63.1036485673034235 -936.8963514326965196
439 84.0232154323065714 -915.9767845676934712 63.1036485673034235 -936.8963514326965196
440 84.0916773923604808 -915.9083226076395476 63.1036485673034235 -936.8963514326965196
441 84.5520838589950898 -915.4479161410049528 63.1036485673034235 -936.8963514326965196
442 86.1581107338546275 -913.8418892661453583 63.1036485673034235 -936.8963514326965196
443 86.0915049753428718 -913.9084950246570997 63.1036485673034235 -936.8963514326965196
444 85.7777821153357678 -914.2222178846642464 63.1036485673034235 -936.8963514326965196
445 82.6381276710939119 -917.3618723289060881 63.1036485673034235 -936.8963514326965196
446 86.3787722486553804 -913.6212277513445770 63.1036485673034235 -936.8963514326965196
447 85.3958912281181739 -914.6041087718817835 63.1036485673034235 -936.8963514326965196
448 82.0058851778584028 -917.9941148221415688 63.1036485673034235 -936.8963514326965196
449 86.3355783775944730 -913.6644216224054844 63.1036485673034235 -936.8963514326965196
450 81.8840409511085880 -918.1159590488914546 63.1036485673034235 -936.8963514326965196
451 71.6554685743278839 -928.3445314256721304 63.1036485673034235 -936.8963514326965196
452 85.7149269148900999 -914.2850730851098433 63.1036485673034235 -936.8963514326965196
453 85.9815296758683019 -914.0184703241317266 63.1036485673034235 -936.8963514326965196
454 80.5997554702808259 -919.4002445297192025 63.1036485673034235 -936.8963514326965196
455 86.5454849193351521 -913.4545150806648053 63.1036485673034235 -936.8963514326965196
456 84.5600611220680349 -915.4399388779319224 63.1036485673034235 -936.8963514326965196
457 69.9677162704779789 -930.0322837295220779 63.1036485673034235 -936.8963514326965196
458 86.1872946150798214 -913.8127053849201502 63.1036485673034235 -936.8963514326965196
459 85.0393939904968619 -914.9606060095031808 63.1036485673034235 -936.8963514326965196
460 85.7122340255857864 -914.2877659744142420 63.1036485673034235 -936.8963514326965196
461 84.6028795667705822 -915.3971204332294747 63.1036485673034235 -936.8963514326965196
462 84.6851489730124882 -915.3148510269875260 63.1036485673034235 -936.8963514326965196
463 83.3957934535445844 -916.6042065464554298 63.1036485673034235 -936.8963514326965196
464 84.9149252928661582 -915.0850747071337992 63.1036485673034235 -936.8963514326965196
465 86.2634929497706366 -913.7365070502294202 63.1036485673034235 -936.8963514326965196
466 86.0496703658426298 -913.9503296341573559 63.1036485673034235 -936.8963514326965196
467 84.5447156873292869 -915.4552843126707558 63.1036485673034235 -936.8963514326965196
468 86.1915642914583344 -913.8084357085416514 63.1036485673034235 -936.8963514326965196
469 84.2197915117538969 -915.7802084882461031 63.1036485673034235 -936.8963514326965196
470 86.1133268907534415 -913.8866731092465443 63.1036485673034235 -936.8963514326965196
471 82.9771484090178149 -917.0228515909822136 63.1036485673034235 -936.8963514326965196
472 80.4869879639579580 -919.5130120360420278 63.1036485673034235 -936.8963514326965196
473 82.7323474369917591 -917.2676525630082551 63.1036485673034235 -936.8963514326965196
474 86.1385369621487627 -913.8614630378511947 63.1036485673034235 -936.8963514326965196
475 85.0122278806297658 -914.9877721193702200 63.1036485673034235 -936.8963514326965196
476 85.5350052252425144 -914.4649947747575425 63.1036485673034235 -936.8963514326965196
477 85.4351459495213277 -914.5648540504786297 63.1036485673034235 -936.8963514326965196
478 84.4230791714820299 -915.5769208285179275 63.1036485673034235 -936.8963514326965196
479 80.9525025901959054 -919.0474974098041230 63.1036485673034235 -936.8963514326965196
480 86.3414083080072743 -913.6585916919926831 63.1036485673034235 -936.8963514326965196
481 85.9203131506785240 -914.0796868493214333 63.1036485673034235 -936.8963514326965196
482 85.4951169385341387 -914.5048830614658755 63.1036485673034235 -936.8963514326965196
483 69.1680208973113650 -930.8319791026885923 63.1036485673034235 -936.8963514326965196
484 85.7430225450792278 -914.2569774549207295 63.1036485673034235 -936.8963514326965196
485 86.2326067786524391 -913.7673932213475609 63.1036485673034235 -936.8963514326965196
486 79.8080653383834289 -920.1919346616165285 63.1036485673034235 -936.8963514326965196
487 82.9780462745984408 -917.0219537254015449 63.1036485673034235 -936.8963514326965196
488 86.2112251665728735 -913.7887748334271691 63.1036485673034235 -936.8963514326965196
489 82.8886831332559950 -917.1113168667440050 63.1036485673034235 -936.8963514326965196
490 86.2326260120532453 -913.7673739879467121 63.1036485673034235 -936.8963514326965196
491 86.4042044208050299 -913.5957955791949416 63.1036485673034235 -936.8963514326965196
492 78.6783462627281409 -921.3216537372718449 63.1036485673034235 -936.8963514326965196
493 85.1168157121492328 -914.8831842878507814 63.1036485673034235 -936.8963514326965196
494 83.4058160978802192 -916.5941839021197666 63.1036485673034235 -936.8963514326965196
495 85.9532571432723813 -914.0467428567276329 63.1036485673034235 -936.8963514326965196
496 86.3184654559741631 -913.6815345440257943 63.1036485673034235 -936.8963514326965196
497 82.8258147344626394 -917.1741852655374032 63.1036485673034235 -936.8963514326965196
498 84.9482010808817876 -915.0517989191182551 63.1036485673034235 -936.8963514326965196
499 85.6125028818060088 -914.3874971181940055 63.1036485673034235 -936.8963514326965196
500 86.1888524051422280 -913.8111475948577436 63.1036485673034235 -936.8963514326965196
