evaluations raw_y current_y raw_y_best current_y_best
1 34371884.0064133033156395 34371674.1264133006334305 34371884.0064133033156395 34371674.1264133006334305
2 21514863.2251150906085968 21514653.3451150916516781 21514863.2251150906085968 21514653.3451150916516781
3 33296799.0077326931059361 33296589.1277326941490173 21514863.2251150906085968 21514653.3451150916516781
4 16673946.0506770238280296 16673736.1706770230084658 16673946.0506770238280296 16673736.1706770230084658
5 46184236.5535178631544113 46184026.6735178604722023 16673946.0506770238280296 16673736.1706770230084658
6 31663960.9058460518717766 31663751.0258460529148579 16673946.0506770238280296 16673736.1706770230084658
7 11986793.2917907796800137 11986583.4117907788604498 11986793.2917907796800137 11986583.4117907788604498
8 7516049.8491798872128129 7515839.9691798873245716 7516049.8491798872128129 7515839.9691798873245716
9 4669355.4210914317518473 4669145.5410914318636060 4669355.4210914317518473 4669145.5410914318636060
10 4539926.4958697687834501 4539716.6158697688952088 4539926.4958697687834501 4539716.6158697688952088
11 5232541.7922925790771842 5232331.9122925791889429 4539926.4958697687834501 4539716.6158697688952088
12 8184761.2135596899315715 8184551.3335596900433302 4539926.4958697687834501 4539716.6158697688952088
13 5980049.1981962360441685 5979839.3181962361559272 4539926.4958697687834501 4539716.6158697688952088
14 6108383.1541951103135943 6108173.2741951104253531 4539926.4958697687834501 4539716.6158697688952088
15 5600895.1206826055422425 5600685.2406826056540012 4539926.4958697687834501 4539716.6158697688952088
16 5256769.1806848263368011 5256559.3006848264485598 4539926.4958697687834501 4539716.6158697688952088
17 8007772.9252008330076933 8007563.0452008331194520 4539926.4958697687834501 4539716.6158697688952088
18 5194666.0809892239049077 5194456.2009892240166664 4539926.4958697687834501 4539716.6158697688952088
19 5580241.3120225006714463 5580031.4320225007832050 4539926.4958697687834501 4539716.6158697688952088
20 5280793.2228593435138464 5280583.3428593436256051 4539926.4958697687834501 4539716.6158697688952088
21 4668669.7218623524531722 4668459.8418623525649309 4539926.4958697687834501 4539716.6158697688952088
22 4966468.2866000877693295 4966258.4066000878810883 4539926.4958697687834501 4539716.6158697688952088
23 4939603.0466215554624796 4939393.1666215555742383 4539926.4958697687834501 4539716.6158697688952088
24 4855715.6717816330492496 4855505.7917816331610084 4539926.4958697687834501 4539716.6158697688952088
25 4687849.1909993961453438 4687639.3109993962571025 4539926.4958697687834501 4539716.6158697688952088
26 4381155.8683275319635868 4380945.9883275320753455 4381155.8683275319635868 4380945.9883275320753455
27 4378439.5399025604128838 4378229.6599025605246425 4378439.5399025604128838 4378229.6599025605246425
28 5688500.2845216076821089 5688290.4045216077938676 4378439.5399025604128838 4378229.6599025605246425
29 4650659.1223511211574078 4650449.2423511212691665 4378439.5399025604128838 4378229.6599025605246425
30 5687503.6334920953959227 5687293.7534920955076814 4378439.5399025604128838 4378229.6599025605246425
31 4875409.0629660096019506 4875199.1829660097137094 4378439.5399025604128838 4378229.6599025605246425
32 5171017.2775540351867676 5170807.3975540352985263 4378439.5399025604128838 4378229.6599025605246425
33 5452696.7300359774380922 5452486.8500359775498509 4378439.5399025604128838 4378229.6599025605246425
34 4471024.5702686775475740 4470814.6902686776593328 4378439.5399025604128838 4378229.6599025605246425
35 4600101.6011317847296596 4599891.7211317848414183 4378439.5399025604128838 4378229.6599025605246425
36 4531777.6125408289954066 4531567.7325408291071653 4378439.5399025604128838 4378229.6599025605246425
37 5032214.5548922093585134 5032004.6748922094702721 4378439.5399025604128838 4378229.6599025605246425
38 4832746.3341603567823768 4832536.4541603568941355 4378439.5399025604128838 4378229.6599025605246425
39 4969516.2996237762272358 4969306.4196237763389945 4378439.5399025604128838 4378229.6599025605246425
40 5760301.3127291388809681 5760091.4327291389927268 4378439.5399025604128838 4378229.6599025605246425
41 4597930.4986757514998317 4597720.6186757516115904 4378439.5399025604128838 4378229.6599025605246425
42 4227075.0006278846412897 4226865.1206278847530484 4227075.0006278846412897 4226865.1206278847530484
43 4428626.7324208272621036 4428416.8524208273738623 4227075.0006278846412897 4226865.1206278847530484
44 3797213.3809635862708092 3797003.5009635863825679 3797213.3809635862708092 3797003.5009635863825679
45 5160980.1785441357642412 5160770.2985441358759999 3797213.3809635862708092 3797003.5009635863825679
46 5022916.0348475622013211 5022706.1548475623130798 3797213.3809635862708092 3797003.5009635863825679
47 4225820.8788070864975452 4225610.9988070866093040 3797213.3809635862708092 3797003.5009635863825679
48 6475800.6516604181379080 6475590.7716604182496667 3797213.3809635862708092 3797003.5009635863825679
49 6161356.3574940385296941 6161146.4774940386414528 3797213.3809635862708092 3797003.5009635863825679
50 7533903.6310813874006271 7533693.7510813875123858 3797213.3809635862708092 3797003.5009635863825679
51 4518696.7898464379832149 4518486.9098464380949736 3797213.3809635862708092 3797003.5009635863825679
52 4221528.8112802561372519 4221318.9312802562490106 3797213.3809635862708092 3797003.5009635863825679
53 5467077.7411674335598946 5466867.8611674336716533 3797213.3809635862708092 3797003.5009635863825679
54 7719891.9954209532588720 7719682.1154209533706307 3797213.3809635862708092 3797003.5009635863825679
55 4717865.1642389278858900 4717655.2842389279976487 3797213.3809635862708092 3797003.5009635863825679
56 4361988.4008582709357142 4361778.5208582710474730 3797213.3809635862708092 3797003.5009635863825679
57 4152744.8840874778106809 4152535.0040874779224396 3797213.3809635862708092 3797003.5009635863825679
58 5770666.8107117861509323 5770456.9307117862626910 3797213.3809635862708092 3797003.5009635863825679
59 4068223.8220237842760980 4068013.9420237843878567 3797213.3809635862708092 3797003.5009635863825679
60 4285767.5763590075075626 4285557.6963590076193213 3797213.3809635862708092 3797003.5009635863825679
61 4832908.9440959142521024 4832699.0640959143638611 3797213.3809635862708092 3797003.5009635863825679
62 4642934.7880755141377449 4642724.9080755142495036 3797213.3809635862708092 3797003.5009635863825679
63 7261864.0121596902608871 7261654.1321596903726459 3797213.3809635862708092 3797003.5009635863825679
64 4031883.9012422906234860 4031674.0212422907352448 3797213.3809635862708092 3797003.5009635863825679
65 4147941.5460638836957514 4147731.6660638838075101 3797213.3809635862708092 3797003.5009635863825679
66 5291384.5155301708728075 5291174.6355301709845662 3797213.3809635862708092 3797003.5009635863825679
67 4867210.6760845379903913 4867000.7960845381021500 3797213.3809635862708092 3797003.5009635863825679
68 4626782.9849849659949541 4626573.1049849661067128 3797213.3809635862708092 3797003.5009635863825679
69 4322459.6455336567014456 4322249.7655336568132043 3797213.3809635862708092 3797003.5009635863825679
70 6586476.6842504786327481 6586266.8042504787445068 3797213.3809635862708092 3797003.5009635863825679
71 6634853.6396462293341756 6634643.7596462294459343 3797213.3809635862708092 3797003.5009635863825679
72 9359157.6601821314543486 9358947.7801821306347847 3797213.3809635862708092 3797003.5009635863825679
73 11006134.1298015303909779 11005924.2498015295714140 3797213.3809635862708092 3797003.5009635863825679
74 6281727.5840182360261679 6281517.7040182361379266 3797213.3809635862708092 3797003.5009635863825679
75 4407572.9466119036078453 4407363.0666119037196040 3797213.3809635862708092 3797003.5009635863825679
76 6588196.3398513421416283 6587986.4598513422533870 3797213.3809635862708092 3797003.5009635863825679
77 5247188.0473259743303061 5246978.1673259744420648 3797213.3809635862708092 3797003.5009635863825679
78 5660880.0245067020878196 5660670.1445067021995783 3797213.3809635862708092 3797003.5009635863825679
79 6369182.3356767548248172 6368972.4556767549365759 3797213.3809635862708092 3797003.5009635863825679
80 4364177.9701669532805681 4363968.0901669533923268 3797213.3809635862708092 3797003.5009635863825679
81 5182030.9085513390600681 5181821.0285513391718268 3797213.3809635862708092 3797003.5009635863825679
82 4747057.2605176744982600 4746847.3805176746100187 3797213.3809635862708092 3797003.5009635863825679
83 5379660.4741261657327414 5379450.5941261658445001 3797213.3809635862708092 3797003.5009635863825679
84 6575537.0207288367673755 6575327.1407288368791342 3797213.3809635862708092 3797003.5009635863825679
85 4364833.2850618548691273 4364623.4050618549808860 3797213.3809635862708092 3797003.5009635863825679
86 4276233.0192459989339113 4276023.1392459990456700 3797213.3809635862708092 3797003.5009635863825679
87 6497733.0500564388930798 6497523.1700564390048385 3797213.3809635862708092 3797003.5009635863825679
88 5566189.0261365557089448 5565979.1461365558207035 3797213.3809635862708092 3797003.5009635863825679
89 5510649.0897447047755122 5510439.2097447048872709 3797213.3809635862708092 3797003.5009635863825679
90 4978842.2864277046173811 4978632.4064277047291398 3797213.3809635862708092 3797003.5009635863825679
91 5312351.9569084653630853 5312142.0769084654748440 3797213.3809635862708092 3797003.5009635863825679
92 4779647.5224079862236977 4779437.6424079863354564 3797213.3809635862708092 3797003.5009635863825679
93 4492614.3489984208717942 4492404.4689984209835529 3797213.3809635862708092 3797003.5009635863825679
94 6473398.8947998872026801 6473189.0147998873144388 3797213.3809635862708092 3797003.5009635863825679
95 5735511.5320564527064562 5735301.6520564528182149 3797213.3809635862708092 3797003.5009635863825679
96 4151398.3823064374737442 4151188.5023064375855029 3797213.3809635862708092 3797003.5009635863825679
97 4276779.2539300499483943 4276569.3739300500601530 3797213.3809635862708092 3797003.5009635863825679
98 8294348.1740256715565920 8294138.2940256716683507 3797213.3809635862708092 3797003.5009635863825679
99 10451898.7367181219160557 10451688.8567181210964918 3797213.3809635862708092 3797003.5009635863825679
100 4172599.5575643461197615 4172389.6775643462315202 3797213.3809635862708092 3797003.5009635863825679
101 9988255.8430907428264618 9988045.9630907420068979 3797213.3809635862708092 3797003.5009635863825679
102 5142628.4545752154663205 5142418.5745752155780792 3797213.3809635862708092 3797003.5009635863825679
103 4437721.2675503697246313 4437511.3875503698363900 3797213.3809635862708092 3797003.5009635863825679
104 4288682.9323461791500449 4288473.0523461792618036 3797213.3809635862708092 3797003.5009635863825679
105 11764980.0242782682180405 11764770.1442782673984766 3797213.3809635862708092 3797003.5009635863825679
106 6082255.0794650660827756 6082045.1994650661945343 3797213.3809635862708092 3797003.5009635863825679
107 5375128.6438814522698522 5374918.7638814523816109 3797213.3809635862708092 3797003.5009635863825679
108 5566490.4072522530332208 5566280.5272522531449795 3797213.3809635862708092 3797003.5009635863825679
109 6003730.7448752187192440 6003520.8648752188310027 3797213.3809635862708092 3797003.5009635863825679
110 6151706.8539039278402925 6151496.9739039279520512 3797213.3809635862708092 3797003.5009635863825679
111 5795378.8211353635415435 5795168.9411353636533022 3797213.3809635862708092 3797003.5009635863825679
112 5676618.7378887925297022 5676408.8578887926414609 3797213.3809635862708092 3797003.5009635863825679
113 6253455.1256683152168989 6253245.2456683153286576 3797213.3809635862708092 3797003.5009635863825679
114 9115621.1921947244554758 9115411.3121947236359119 3797213.3809635862708092 3797003.5009635863825679
115 5093619.2369033657014370 5093409.3569033658131957 3797213.3809635862708092 3797003.5009635863825679
116 5871356.8083861554041505 5871146.9283861555159092 3797213.3809635862708092 3797003.5009635863825679
117 11121787.7899623513221741 11121577.9099623505026102 3797213.3809635862708092 3797003.5009635863825679
118 4529293.7095811329782009 4529083.8295811330899596 3797213.3809635862708092 3797003.5009635863825679
119 10573736.4644082617014647 10573526.5844082608819008 3797213.3809635862708092 3797003.5009635863825679
120 8506621.0863134413957596 8506411.2063134405761957 3797213.3809635862708092 3797003.5009635863825679
121 4556638.6785142179578543 4556428.7985142180696130 3797213.3809635862708092 3797003.5009635863825679
122 6440027.7753984211012721 6439817.8953984212130308 3797213.3809635862708092 3797003.5009635863825679
123 8094116.4811553796753287 8093906.6011553797870874 3797213.3809635862708092 3797003.5009635863825679
124 6968384.6146246269345284 6968174.7346246270462871 3797213.3809635862708092 3797003.5009635863825679
125 9720185.9969443101435900 9719976.1169443093240261 3797213.3809635862708092 3797003.5009635863825679
126 4536714.9418410779908299 4536505.0618410781025887 3797213.3809635862708092 3797003.5009635863825679
127 4214219.5419157166033983 4214009.6619157167151570 3797213.3809635862708092 3797003.5009635863825679
128 6977077.1245659226551652 6976867.2445659227669239 3797213.3809635862708092 3797003.5009635863825679
129 5794772.7339355992153287 5794562.8539355993270874 3797213.3809635862708092 3797003.5009635863825679
130 4222043.5986565966159105 4221833.7186565967276692 3797213.3809635862708092 3797003.5009635863825679
131 4413304.6630250299349427 4413094.7830250300467014 3797213.3809635862708092 3797003.5009635863825679
132 5714861.0603769067674875 5714651.1803769068792462 3797213.3809635862708092 3797003.5009635863825679
133 6507313.2624449031427503 6507103.3824449032545090 3797213.3809635862708092 3797003.5009635863825679
134 5745999.1332764364778996 5745789.2532764365896583 3797213.3809635862708092 3797003.5009635863825679
135 4193305.4363757157698274 4193095.5563757158815861 3797213.3809635862708092 3797003.5009635863825679
136 4195419.5798115348443389 4195209.6998115349560976 3797213.3809635862708092 3797003.5009635863825679
137 4244591.4424808444455266 4244381.5624808445572853 3797213.3809635862708092 3797003.5009635863825679
138 4062556.4141792939044535 4062346.5341792940162122 3797213.3809635862708092 3797003.5009635863825679
139 4426801.6444291677325964 4426591.7644291678443551 3797213.3809635862708092 3797003.5009635863825679
140 4514695.5343699166551232 4514485.6543699167668819 3797213.3809635862708092 3797003.5009635863825679
141 4389061.1219365652650595 4388851.2419365653768182 3797213.3809635862708092 3797003.5009635863825679
142 4151132.7397296326234937 4150922.8597296327352524 3797213.3809635862708092 3797003.5009635863825679
143 4515856.0363714322447777 4515646.1563714323565364 3797213.3809635862708092 3797003.5009635863825679
144 4369004.7552834665402770 4368794.8752834666520357 3797213.3809635862708092 3797003.5009635863825679
145 4162690.9132948382757604 4162481.0332948383875191 3797213.3809635862708092 3797003.5009635863825679
146 4665697.0470348447561264 4665487.1670348448678851 3797213.3809635862708092 3797003.5009635863825679
147 5498536.6141031701117754 5498326.7341031702235341 3797213.3809635862708092 3797003.5009635863825679
148 6391277.4076517056673765 6391067.5276517057791352 3797213.3809635862708092 3797003.5009635863825679
149 4395413.0849392218515277 4395203.2049392219632864 3797213.3809635862708092 3797003.5009635863825679
150 7193812.8395373616367579 7193602.9595373617485166 3797213.3809635862708092 3797003.5009635863825679
151 6531265.6025829110294580 6531055.7225829111412168 3797213.3809635862708092 3797003.5009635863825679
152 5390061.5826549595221877 5389851.7026549596339464 3797213.3809635862708092 3797003.5009635863825679
153 7513240.3179790228605270 7513030.4379790229722857 3797213.3809635862708092 3797003.5009635863825679
154 11317666.9877244103699923 11317457.1077244095504284 3797213.3809635862708092 3797003.5009635863825679
155 4565136.1592230880632997 4564926.2792230881750584 3797213.3809635862708092 3797003.5009635863825679
156 6451752.4570461623370647 6451542.5770461624488235 3797213.3809635862708092 3797003.5009635863825679
157 5818507.9638311965391040 5818298.0838311966508627 3797213.3809635862708092 3797003.5009635863825679
158 6456292.2892621234059334 6456082.4092621235176921 3797213.3809635862708092 3797003.5009635863825679
159 4580615.1659054039046168 4580405.2859054040163755 3797213.3809635862708092 3797003.5009635863825679
160 4260175.1896376218646765 4259965.3096376219764352 3797213.3809635862708092 3797003.5009635863825679
161 4373311.4956500558182597 4373101.6156500559300184 3797213.3809635862708092 3797003.5009635863825679
162 5166672.6871484639123082 5166462.8071484640240669 3797213.3809635862708092 3797003.5009635863825679
163 4173538.9106146176345646 4173329.0306146177463233 3797213.3809635862708092 3797003.5009635863825679
164 4361815.8711515059694648 4361605.9911515060812235 3797213.3809635862708092 3797003.5009635863825679
165 4183241.9552150457166135 4183032.0752150458283722 3797213.3809635862708092 3797003.5009635863825679
166 4412147.0643636938184500 4411937.1843636939302087 3797213.3809635862708092 3797003.5009635863825679
167 4514941.9514924325048923 4514732.0714924326166511 3797213.3809635862708092 3797003.5009635863825679
168 4928406.3842706242576241 4928196.5042706243693829 3797213.3809635862708092 3797003.5009635863825679
169 6089341.7655792701989412 6089131.8855792703106999 3797213.3809635862708092 3797003.5009635863825679
170 5445154.2412565834820271 5444944.3612565835937858 3797213.3809635862708092 3797003.5009635863825679
171 4593153.1799320997670293 4592943.2999320998787880 3797213.3809635862708092 3797003.5009635863825679
172 7341825.6391878789290786 7341615.7591878790408373 3797213.3809635862708092 3797003.5009635863825679
173 7267384.0423792162910104 7267174.1623792164027691 3797213.3809635862708092 3797003.5009635863825679
174 5790915.4911480890586972 5790705.6111480891704559 3797213.3809635862708092 3797003.5009635863825679
175 8691814.1341495756059885 8691604.2541495747864246 3797213.3809635862708092 3797003.5009635863825679
176 6139839.2982703372836113 6139629.4182703373953700 3797213.3809635862708092 3797003.5009635863825679
177 8104283.1635665856301785 8104073.2835665857419372 3797213.3809635862708092 3797003.5009635863825679
178 7452149.5815052390098572 7451939.7015052391216159 3797213.3809635862708092 3797003.5009635863825679
179 7002734.6067108185961843 7002524.7267108187079430 3797213.3809635862708092 3797003.5009635863825679
180 6683202.0191819947212934 6682992.1391819948330522 3797213.3809635862708092 3797003.5009635863825679
181 4181100.3896445576101542 4180890.5096445577219129 3797213.3809635862708092 3797003.5009635863825679
182 4384489.4089989410713315 4384279.5289989411830902 3797213.3809635862708092 3797003.5009635863825679
183 4393564.7108362829312682 4393354.8308362830430269 3797213.3809635862708092 3797003.5009635863825679
184 4326618.9573496114462614 4326409.0773496115580201 3797213.3809635862708092 3797003.5009635863825679
185 7678928.5617388347163796 7678718.6817388348281384 3797213.3809635862708092 3797003.5009635863825679
186 4213350.3318399265408516 4213140.4518399266526103 3797213.3809635862708092 3797003.5009635863825679
187 6116392.2542707044631243 6116182.3742707045748830 3797213.3809635862708092 3797003.5009635863825679
188 4650054.8286651819944382 4649844.9486651821061969 3797213.3809635862708092 3797003.5009635863825679
189 4305408.7582475338131189 4305198.8782475339248776 3797213.3809635862708092 3797003.5009635863825679
190 4375667.1994049698114395 4375457.3194049699231982 3797213.3809635862708092 3797003.5009635863825679
191 4071931.9384008920751512 4071722.0584008921869099 3797213.3809635862708092 3797003.5009635863825679
192 4054115.0228558522649109 4053905.1428558523766696 3797213.3809635862708092 3797003.5009635863825679
193 4238758.7014659810811281 4238548.8214659811928868 3797213.3809635862708092 3797003.5009635863825679
194 4004220.0327684702351689 4004010.1527684703469276 3797213.3809635862708092 3797003.5009635863825679
195 4364703.9662837367504835 4364494.0862837368622422 3797213.3809635862708092 3797003.5009635863825679
196 4189374.9643709929659963 4189165.0843709930777550 3797213.3809635862708092 3797003.5009635863825679
197 4026200.2101900470443070 4025990.3301900471560657 3797213.3809635862708092 3797003.5009635863825679
198 4101057.5518002458848059 4100847.6718002459965646 3797213.3809635862708092 3797003.5009635863825679
199 4126399.4859427912160754 4126189.6059427913278341 3797213.3809635862708092 3797003.5009635863825679
200 8096668.0751571524888277 8096458.1951571526005864 3797213.3809635862708092 3797003.5009635863825679
201 4216023.2247276911512017 4215813.3447276912629604 3797213.3809635862708092 3797003.5009635863825679
202 4001984.8347630873322487 4001774.9547630874440074 3797213.3809635862708092 3797003.5009635863825679
203 4106715.6919375029392540 4106505.8119375030510128 3797213.3809635862708092 3797003.5009635863825679
204 4058927.3480060636065900 4058717.4680060637183487 3797213.3809635862708092 3797003.5009635863825679
205 4210381.9786595357581973 4210172.0986595358699560 3797213.3809635862708092 3797003.5009635863825679
206 4026385.6718857707455754 4026175.7918857708573341 3797213.3809635862708092 3797003.5009635863825679
207 4229397.1637027189135551 4229187.2837027190253139 3797213.3809635862708092 3797003.5009635863825679
208 4323640.8242976497858763 4323430.9442976498976350 3797213.3809635862708092 3797003.5009635863825679
209 4082498.4312965366989374 4082288.5512965368106961 3797213.3809635862708092 3797003.5009635863825679
210 4254307.3078701691702008 4254097.4278701692819595 3797213.3809635862708092 3797003.5009635863825679
211 6668236.2368881823495030 6668026.3568881824612617 3797213.3809635862708092 3797003.5009635863825679
212 13115185.0392161831259727 13114975.1592161823064089 3797213.3809635862708092 3797003.5009635863825679
213 4265081.3576954193413258 4264871.4776954194530845 3797213.3809635862708092 3797003.5009635863825679
214 4342202.0112807545810938 4341992.1312807546928525 3797213.3809635862708092 3797003.5009635863825679
215 4380285.2018001712858677 4380075.3218001713976264 3797213.3809635862708092 3797003.5009635863825679
216 4201332.5866419002413750 4201122.7066419003531337 3797213.3809635862708092 3797003.5009635863825679
217 4668026.0615121768787503 4667816.1815121769905090 3797213.3809635862708092 3797003.5009635863825679
218 5361451.1696878001093864 5361241.2896878002211452 3797213.3809635862708092 3797003.5009635863825679
219 4568192.3790824450552464 4567982.4990824451670051 3797213.3809635862708092 3797003.5009635863825679
220 6938258.5579073484987020 6938048.6779073486104608 3797213.3809635862708092 3797003.5009635863825679
221 4580773.0739099532365799 4580563.1939099533483386 3797213.3809635862708092 3797003.5009635863825679
222 8942900.7850402686744928 8942690.9050402678549290 3797213.3809635862708092 3797003.5009635863825679
223 6360788.1958609018474817 6360578.3158609019592404 3797213.3809635862708092 3797003.5009635863825679
224 4509492.5750202005729079 4509282.6950202006846666 3797213.3809635862708092 3797003.5009635863825679
225 4283629.1674270955845714 4283419.2874270956963301 3797213.3809635862708092 3797003.5009635863825679
226 10419762.9844400882720947 10419553.1044400874525309 3797213.3809635862708092 3797003.5009635863825679
227 10231717.1201072894036770 10231507.2401072885841131 3797213.3809635862708092 3797003.5009635863825679
228 7444543.7849014978855848 7444333.9049014979973435 3797213.3809635862708092 3797003.5009635863825679
229 4288771.1930995695292950 4288561.3130995696410537 3797213.3809635862708092 3797003.5009635863825679
230 4199951.3754166886210442 4199741.4954166887328029 3797213.3809635862708092 3797003.5009635863825679
231 4996811.0147355636581779 4996601.1347355637699366 3797213.3809635862708092 3797003.5009635863825679
232 6281054.5378719447180629 6280844.6578719448298216 3797213.3809635862708092 3797003.5009635863825679
233 5074623.1102508595213294 5074413.2302508596330881 3797213.3809635862708092 3797003.5009635863825679
234 6170597.6593084102496505 6170387.7793084103614092 3797213.3809635862708092 3797003.5009635863825679
235 4405279.5623799310997128 4405069.6823799312114716 3797213.3809635862708092 3797003.5009635863825679
236 4600184.4056786596775055 4599974.5256786597892642 3797213.3809635862708092 3797003.5009635863825679
237 7465956.4059020942077041 7465746.5259020943194628 3797213.3809635862708092 3797003.5009635863825679
238 4422341.9327420461922884 4422132.0527420463040471 3797213.3809635862708092 3797003.5009635863825679
239 5182863.6134448908269405 5182653.7334448909386992 3797213.3809635862708092 3797003.5009635863825679
240 4278880.4581206236034632 4278670.5781206237152219 3797213.3809635862708092 3797003.5009635863825679
241 8012382.2192647513002157 8012172.3392647514119744 3797213.3809635862708092 3797003.5009635863825679
242 4512836.2099922057241201 4512626.3299922058358788 3797213.3809635862708092 3797003.5009635863825679
243 4581051.5828021084889770 4580841.7028021086007357 3797213.3809635862708092 3797003.5009635863825679
244 4601193.0569116789847612 4600983.1769116790965199 3797213.3809635862708092 3797003.5009635863825679
245 4399996.7159533062949777 4399786.8359533064067364 3797213.3809635862708092 3797003.5009635863825679
246 8130440.7215163409709930 8130230.8415163410827518 3797213.3809635862708092 3797003.5009635863825679
247 5910524.2097332440316677 5910314.3297332441434264 3797213.3809635862708092 3797003.5009635863825679
248 7304941.5846907319501042 7304731.7046907320618629 3797213.3809635862708092 3797003.5009635863825679
249 5345311.8196743633598089 5345101.9396743634715676 3797213.3809635862708092 3797003.5009635863825679
250 6890588.3097871188074350 6890378.4297871189191937 3797213.3809635862708092 3797003.5009635863825679
251 7700402.2106655435636640 7700192.3306655436754227 3797213.3809635862708092 3797003.5009635863825679
252 4174574.2750533269718289 4174364.3950533270835876 3797213.3809635862708092 3797003.5009635863825679
253 4360301.1030480321496725 4360091.2230480322614312 3797213.3809635862708092 3797003.5009635863825679
254 4701851.7818227028474212 4701641.9018227029591799 3797213.3809635862708092 3797003.5009635863825679
255 4620368.6032481286674738 4620158.7232481287792325 3797213.3809635862708092 3797003.5009635863825679
256 8409965.8910888060927391 8409756.0110888052731752 3797213.3809635862708092 3797003.5009635863825679
257 4817438.6220871889963746 4817228.7420871891081333 3797213.3809635862708092 3797003.5009635863825679
258 9852197.7353593669831753 9851987.8553593661636114 3797213.3809635862708092 3797003.5009635863825679
259 4217423.6041406234726310 4217213.7241406235843897 3797213.3809635862708092 3797003.5009635863825679
260 6907101.5338905546814203 6906891.6538905547931790 3797213.3809635862708092 3797003.5009635863825679
261 7546581.7346148220822215 7546371.8546148221939802 3797213.3809635862708092 3797003.5009635863825679
262 5570368.3084766482934356 5570158.4284766484051943 3797213.3809635862708092 3797003.5009635863825679
263 13776666.1543540097773075 13776456.2743540089577436 3797213.3809635862708092 3797003.5009635863825679
264 4192175.3326041554100811 4191965.4526041555218399 3797213.3809635862708092 3797003.5009635863825679
265 5587848.6204405641183257 5587638.7404405642300844 3797213.3809635862708092 3797003.5009635863825679
266 7936777.3274372983723879 7936567.4474372984841466 3797213.3809635862708092 3797003.5009635863825679
267 5886639.0093987872824073 5886429.1293987873941660 3797213.3809635862708092 3797003.5009635863825679
268 4258726.9629898574203253 4258517.0829898575320840 3797213.3809635862708092 3797003.5009635863825679
269 5182639.3729794891551137 5182429.4929794892668724 3797213.3809635862708092 3797003.5009635863825679
270 4436726.4402915947139263 4436516.5602915948256850 3797213.3809635862708092 3797003.5009635863825679
271 4339737.9280149657279253 4339528.0480149658396840 3797213.3809635862708092 3797003.5009635863825679
272 5951766.1221186360344291 5951556.2421186361461878 3797213.3809635862708092 3797003.5009635863825679
273 6217879.8987154699862003 6217670.0187154700979590 3797213.3809635862708092 3797003.5009635863825679
274 4655831.8198609370738268 4655621.9398609371855855 3797213.3809635862708092 3797003.5009635863825679
275 5104978.3323591537773609 5104768.4523591538891196 3797213.3809635862708092 3797003.5009635863825679
276 7551450.2207567803561687 7551240.3407567804679275 3797213.3809635862708092 3797003.5009635863825679
277 5487395.4010453457012773 5487185.5210453458130360 3797213.3809635862708092 3797003.5009635863825679
278 5839743.1955297468230128 5839533.3155297469347715 3797213.3809635862708092 3797003.5009635863825679
279 4804256.8988450467586517 4804047.0188450468704104 3797213.3809635862708092 3797003.5009635863825679
280 11927421.8302815929055214 11927211.9502815920859575 3797213.3809635862708092 3797003.5009635863825679
281 5616515.5345768211409450 5616305.6545768212527037 3797213.3809635862708092 3797003.5009635863825679
282 4620659.8655085414648056 4620449.9855085415765643 3797213.3809635862708092 3797003.5009635863825679
283 11581609.3614501673728228 11581399.4814501665532589 3797213.3809635862708092 3797003.5009635863825679
284 10289013.7079245392233133 10288803.8279245384037495 3797213.3809635862708092 3797003.5009635863825679
285 4742520.3794577950611711 4742310.4994577951729298 3797213.3809635862708092 3797003.5009635863825679
286 6181343.9721785988658667 6181134.0921785989776254 3797213.3809635862708092 3797003.5009635863825679
287 4925705.8636692157015204 4925495.9836692158132792 3797213.3809635862708092 3797003.5009635863825679
288 4405124.1298120794817805 4404914.2498120795935392 3797213.3809635862708092 3797003.5009635863825679
289 7305194.6373754236847162 7304984.7573754237964749 3797213.3809635862708092 3797003.5009635863825679
290 8050551.3154715141281486 8050341.4354715142399073 3797213.3809635862708092 3797003.5009635863825679
291 8685277.7595903649926186 8685067.8795903641730547 3797213.3809635862708092 3797003.5009635863825679
292 9568689.8779250439256430 9568479.9979250431060791 3797213.3809635862708092 3797003.5009635863825679
293 7711119.5496816877275705 7710909.6696816878393292 3797213.3809635862708092 3797003.5009635863825679
294 7883092.1436216672882438 7882882.2636216674000025 3797213.3809635862708092 3797003.5009635863825679
295 5929730.0753755085170269 5929520.1953755086287856 3797213.3809635862708092 3797003.5009635863825679
296 4334906.5887854853644967 4334696.7087854854762554 3797213.3809635862708092 3797003.5009635863825679
297 4515191.2192744342610240 4514981.3392744343727827 3797213.3809635862708092 3797003.5009635863825679
298 4861642.0268739536404610 4861432.1468739537522197 3797213.3809635862708092 3797003.5009635863825679
299 4341920.6885035932064056 4341710.8085035933181643 3797213.3809635862708092 3797003.5009635863825679
300 4806803.5983259389176965 4806593.7183259390294552 3797213.3809635862708092 3797003.5009635863825679
301 6311834.5556322447955608 6311624.6756322449073195 3797213.3809635862708092 3797003.5009635863825679
302 4544060.0072280121967196 4543850.1272280123084784 3797213.3809635862708092 3797003.5009635863825679
303 5074684.2174564842134714 5074474.3374564843252301 3797213.3809635862708092 3797003.5009635863825679
304 4382053.1087749609723687 4381843.2287749610841274 3797213.3809635862708092 3797003.5009635863825679
305 7589009.9275767169892788 7588800.0475767171010375 3797213.3809635862708092 3797003.5009635863825679
306 4351178.2427730457857251 4350968.3627730458974838 3797213.3809635862708092 3797003.5009635863825679
307 8553433.4595769532024860 8553223.5795769523829222 3797213.3809635862708092 3797003.5009635863825679
308 7196134.6265372894704342 7195924.7465372895821929 3797213.3809635862708092 3797003.5009635863825679
309 5030575.1378538627177477 5030365.2578538628295064 3797213.3809635862708092 3797003.5009635863825679
310 10027006.0990423485636711 10026796.2190423477441072 3797213.3809635862708092 3797003.5009635863825679
311 5578496.0091487318277359 5578286.1291487319394946 3797213.3809635862708092 3797003.5009635863825679
312 8123081.4617206295952201 8122871.5817206297069788 3797213.3809635862708092 3797003.5009635863825679
313 4431633.9949003243818879 4431424.1149003244936466 3797213.3809635862708092 3797003.5009635863825679
314 5045707.2870157044380903 5045497.4070157045498490 3797213.3809635862708092 3797003.5009635863825679
315 5572704.6035221768543124 5572494.7235221769660711 3797213.3809635862708092 3797003.5009635863825679
316 5297416.5004452168941498 5297206.6204452170059085 3797213.3809635862708092 3797003.5009635863825679
317 8078753.2558280164375901 8078543.3758280165493488 3797213.3809635862708092 3797003.5009635863825679
318 5212280.1368274753913283 5212070.2568274755030870 3797213.3809635862708092 3797003.5009635863825679
319 6975258.5819557989016175 6975048.7019557990133762 3797213.3809635862708092 3797003.5009635863825679
320 7536591.8167980341240764 7536381.9367980342358351 3797213.3809635862708092 3797003.5009635863825679
321 6234248.4428175762295723 6234038.5628175763413310 3797213.3809635862708092 3797003.5009635863825679
322 8310626.5264901593327522 8310416.6464901594445109 3797213.3809635862708092 3797003.5009635863825679
323 5898046.8713045027107000 5897836.9913045028224587 3797213.3809635862708092 3797003.5009635863825679
324 5951184.7489431761205196 5950974.8689431762322783 3797213.3809635862708092 3797003.5009635863825679
325 4364828.6715607102960348 4364618.7915607104077935 3797213.3809635862708092 3797003.5009635863825679
326 11508048.3924877289682627 11507838.5124877281486988 3797213.3809635862708092 3797003.5009635863825679
327 6333310.1906482325866818 6333100.3106482326984406 3797213.3809635862708092 3797003.5009635863825679
328 4614459.6440482977777719 4614249.7640482978895307 3797213.3809635862708092 3797003.5009635863825679
329 4510381.1332685984671116 4510171.2532685985788703 3797213.3809635862708092 3797003.5009635863825679
330 11523463.8257475942373276 11523253.9457475934177637 3797213.3809635862708092 3797003.5009635863825679
331 8701523.3962683305144310 8701313.5162683296948671 3797213.3809635862708092 3797003.5009635863825679
332 4428966.0706375408917665 4428756.1906375410035253 3797213.3809635862708092 3797003.5009635863825679
333 5257018.7564867297187448 5256808.8764867298305035 3797213.3809635862708092 3797003.5009635863825679
334 6405878.1388111393898726 6405668.2588111395016313 3797213.3809635862708092 3797003.5009635863825679
335 4651547.7483196584507823 4651337.8683196585625410 3797213.3809635862708092 3797003.5009635863825679
336 7130774.6432925593107939 7130564.7632925594225526 3797213.3809635862708092 3797003.5009635863825679
337 5129161.8437062064185739 5128951.9637062065303326 3797213.3809635862708092 3797003.5009635863825679
338 12342528.6940348073840141 12342318.8140348065644503 3797213.3809635862708092 3797003.5009635863825679
339 4817673.0493227327242494 4817463.1693227328360081 3797213.3809635862708092 3797003.5009635863825679
340 4581135.0441203583031893 4580925.1641203584149480 3797213.3809635862708092 3797003.5009635863825679
341 5757316.5988479135558009 5757106.7188479136675596 3797213.3809635862708092 3797003.5009635863825679
342 5123238.6015995116904378 5123028.7215995118021965 3797213.3809635862708092 3797003.5009635863825679
343 5741984.2293874584138393 5741774.3493874585255980 3797213.3809635862708092 3797003.5009635863825679
344 10833753.7046809494495392 10833543.8246809486299753 3797213.3809635862708092 3797003.5009635863825679
345 4558043.1448118351399899 4557833.2648118352517486 3797213.3809635862708092 3797003.5009635863825679
346 7533643.1108647901564837 7533433.2308647902682424 3797213.3809635862708092 3797003.5009635863825679
347 9351697.1719020530581474 9351487.2919020522385836 3797213.3809635862708092 3797003.5009635863825679
348 5634815.1961880177259445 5634605.3161880178377032 3797213.3809635862708092 3797003.5009635863825679
349 4409754.5882383864372969 4409544.7082383865490556 3797213.3809635862708092 3797003.5009635863825679
350 8633649.2390017639845610 8633439.3590017631649971 3797213.3809635862708092 3797003.5009635863825679
351 4693893.6322011481970549 4693683.7522011483088136 3797213.3809635862708092 3797003.5009635863825679
352 6846230.8377189068123698 6846020.9577189069241285 3797213.3809635862708092 3797003.5009635863825679
353 6090998.4882629495114088 6090788.6082629496231675 3797213.3809635862708092 3797003.5009635863825679
354 8999020.2324947658926249 8998810.3524947650730610 3797213.3809635862708092 3797003.5009635863825679
355 4630010.8197729680687189 4629800.9397729681804776 3797213.3809635862708092 3797003.5009635863825679
356 4791918.7808021372184157 4791708.9008021373301744 3797213.3809635862708092 3797003.5009635863825679
357 5906652.0174945043399930 5906442.1374945044517517 3797213.3809635862708092 3797003.5009635863825679
358 5835621.5398790128529072 5835411.6598790129646659 3797213.3809635862708092 3797003.5009635863825679
359 6033971.7074584942311049 6033761.8274584943428636 3797213.3809635862708092 3797003.5009635863825679
360 4758102.6083053918555379 4757892.7283053919672966 3797213.3809635862708092 3797003.5009635863825679
361 5902988.5573922684416175 5902778.6773922685533762 3797213.3809635862708092 3797003.5009635863825679
362 6802687.0134436571970582 6802477.1334436573088169 3797213.3809635862708092 3797003.5009635863825679
363 5783515.6055646380409598 5783305.7255646381527185 3797213.3809635862708092 3797003.5009635863825679
364 5002481.5510293003171682 5002271.6710293004289269 3797213.3809635862708092 3797003.5009635863825679
365 5354569.9004715085029602 5354360.0204715086147189 3797213.3809635862708092 3797003.5009635863825679
366 4726547.3138743955641985 4726337.4338743956759572 3797213.3809635862708092 3797003.5009635863825679
367 7872713.3233367446810007 7872503.4433367447927594 3797213.3809635862708092 3797003.5009635863825679
368 8124793.1522197900339961 8124583.2722197901457548 3797213.3809635862708092 3797003.5009635863825679
369 5055266.3416391965001822 5055056.4616391966119409 3797213.3809635862708092 3797003.5009635863825679
370 4597522.5242334976792336 4597312.6442334977909923 3797213.3809635862708092 3797003.5009635863825679
371 8364671.3977675400674343 8364461.5177675401791930 3797213.3809635862708092 3797003.5009635863825679
372 21435869.3487140163779259 21435659.4687140174210072 3797213.3809635862708092 3797003.5009635863825679
373 9249176.7482385840266943 9248966.8682385832071304 3797213.3809635862708092 3797003.5009635863825679
374 6769143.3056350611150265 6768933.4256350612267852 3797213.3809635862708092 3797003.5009635863825679
375 12211633.6215338818728924 12211423.7415338810533285 3797213.3809635862708092 3797003.5009635863825679
376 4872584.6557369884103537 4872374.7757369885221124 3797213.3809635862708092 3797003.5009635863825679
377 13470057.5210975557565689 13469847.6410975549370050 3797213.3809635862708092 3797003.5009635863825679
378 5325824.3858161801472306 5325614.5058161802589893 3797213.3809635862708092 3797003.5009635863825679
379 5885307.7775409352034330 5885097.8975409353151917 3797213.3809635862708092 3797003.5009635863825679
380 4637480.5569052044302225 4637270.6769052045419812 3797213.3809635862708092 3797003.5009635863825679
381 4462223.4424440441653132 4462013.5624440442770720 3797213.3809635862708092 3797003.5009635863825679
382 9062631.9822693597525358 9062422.1022693589329720 3797213.3809635862708092 3797003.5009635863825679
383 6887340.8579546520486474 6887130.9779546521604061 3797213.3809635862708092 3797003.5009635863825679
384 7269091.1021965155377984 7268881.2221965156495571 3797213.3809635862708092 3797003.5009635863825679
385 5901240.7646677494049072 5901030.8846677495166659 3797213.3809635862708092 3797003.5009635863825679
386 11170080.0799511875957251 11169870.1999511867761612 3797213.3809635862708092 3797003.5009635863825679
387 4756614.2256708703935146 4756404.3456708705052733 3797213.3809635862708092 3797003.5009635863825679
388 11340578.1926698908209801 11340368.3126698900014162 3797213.3809635862708092 3797003.5009635863825679
389 4743916.0737952794879675 4743706.1937952795997262 3797213.3809635862708092 3797003.5009635863825679
390 5399724.0369980083778501 5399514.1569980084896088 3797213.3809635862708092 3797003.5009635863825679
391 7782479.8823517942801118 7782270.0023517943918705 3797213.3809635862708092 3797003.5009635863825679
392 9156173.9165505208075047 9155964.0365505199879408 3797213.3809635862708092 3797003.5009635863825679
393 4663908.4011824307963252 4663698.5211824309080839 3797213.3809635862708092 3797003.5009635863825679
394 4862557.3139119939878583 4862347.4339119940996170 3797213.3809635862708092 3797003.5009635863825679
395 8162198.6351343868300319 8161988.7551343869417906 3797213.3809635862708092 3797003.5009635863825679
396 5508029.6290518986061215 5507819.7490518987178802 3797213.3809635862708092 3797003.5009635863825679
397 8319834.8584664054214954 8319624.9784664055332541 3797213.3809635862708092 3797003.5009635863825679
398 6278178.2314818119630218 6277968.3514818120747805 3797213.3809635862708092 3797003.5009635863825679
399 6576112.8365399651229382 6575902.9565399652346969 3797213.3809635862708092 3797003.5009635863825679
400 9431462.0455126166343689 9431252.1655126158148050 3797213.3809635862708092 3797003.5009635863825679
401 11215810.0741407256573439 11215600.1941407248377800 3797213.3809635862708092 3797003.5009635863825679
402 6001523.0428615808486938 6001313.1628615809604526 3797213.3809635862708092 3797003.5009635863825679
403 4686579.0848700515925884 4686369.2048700517043471 3797213.3809635862708092 3797003.5009635863825679
404 5509923.1580701544880867 5509713.2780701545998454 3797213.3809635862708092 3797003.5009635863825679
405 5070068.0104856751859188 5069858.1304856752976775 3797213.3809635862708092 3797003.5009635863825679
406 7439343.7275903010740876 7439133.8475903011858463 3797213.3809635862708092 3797003.5009635863825679
407 4735369.8855959763750434 4735160.0055959764868021 3797213.3809635862708092 3797003.5009635863825679
408 5019754.0498879505321383 5019544.1698879506438971 3797213.3809635862708092 3797003.5009635863825679
409 4850453.6426785839721560 4850243.7626785840839148 3797213.3809635862708092 3797003.5009635863825679
410 4972096.6531647155061364 4971886.7731647156178951 3797213.3809635862708092 3797003.5009635863825679
411 11331078.3455103803426027 11330868.4655103795230389 3797213.3809635862708092 3797003.5009635863825679
412 4923719.0645405091345310 4923509.1845405092462897 3797213.3809635862708092 3797003.5009635863825679
413 7395040.8891742844134569 7394831.0091742845252156 3797213.3809635862708092 3797003.5009635863825679
414 4757470.7539955256506801 4757260.8739955257624388 3797213.3809635862708092 3797003.5009635863825679
415 5663257.2818894386291504 5663047.4018894387409091 3797213.3809635862708092 3797003.5009635863825679
416 12248530.0731129255145788 12248320.1931129246950150 3797213.3809635862708092 3797003.5009635863825679
417 5317614.4972386378794909 5317404.6172386379912496 3797213.3809635862708092 3797003.5009635863825679
418 6972134.9090656032785773 6971925.0290656033903360 3797213.3809635862708092 3797003.5009635863825679
419 4852787.6610882049426436 4852577.7810882050544024 3797213.3809635862708092 3797003.5009635863825679
420 5803908.0797254852950573 5803698.1997254854068160 3797213.3809635862708092 3797003.5009635863825679
421 6897027.0782922226935625 6896817.1982922228053212 3797213.3809635862708092 3797003.5009635863825679
422 5339828.0005970941856503 5339618.1205970942974091 3797213.3809635862708092 3797003.5009635863825679
423 5938278.0813239365816116 5938068.2013239366933703 3797213.3809635862708092 3797003.5009635863825679
424 5004672.9062607483938336 5004463.0262607485055923 3797213.3809635862708092 3797003.5009635863825679
425 9336272.8374758660793304 9336062.9574758652597666 3797213.3809635862708092 3797003.5009635863825679
426 9875687.5024713855236769 9875477.6224713847041130 3797213.3809635862708092 3797003.5009635863825679
427 8344582.2830693982541561 8344372.4030693983659148 3797213.3809635862708092 3797003.5009635863825679
428 4896859.5851672375574708 4896649.7051672376692295 3797213.3809635862708092 3797003.5009635863825679
429 9686868.4931343700736761 9686658.6131343692541122 3797213.3809635862708092 3797003.5009635863825679
430 4910745.4865149641409516 4910535.6065149642527103 3797213.3809635862708092 3797003.5009635863825679
431 8906081.6102303527295589 8905871.7302303519099951 3797213.3809635862708092 3797003.5009635863825679
432 5335646.6216361923143268 5335436.7416361924260855 3797213.3809635862708092 3797003.5009635863825679
433 5314749.4250778155401349 5314539.5450778156518936 3797213.3809635862708092 3797003.5009635863825679
434 7366603.0783133814111352 7366393.1983133815228939 3797213.3809635862708092 3797003.5009635863825679
435 6920472.8163155484944582 6920262.9363155486062169 3797213.3809635862708092 3797003.5009635863825679
436 5159180.0626103440299630 5158970.1826103441417217 3797213.3809635862708092 3797003.5009635863825679
437 9712604.6242344286292791 9712394.7442344278097153 3797213.3809635862708092 3797003.5009635863825679
438 5533829.0240467851981521 5533619.1440467853099108 3797213.3809635862708092 3797003.5009635863825679
439 6808140.6301969429478049 6807930.7501969430595636 3797213.3809635862708092 3797003.5009635863825679
440 5301035.6968072066083550 5300825.8168072067201138 3797213.3809635862708092 3797003.5009635863825679
441 5472493.8391954898834229 5472283.9591954899951816 3797213.3809635862708092 3797003.5009635863825679
442 5197112.4245450878515840 5196902.5445450879633427 3797213.3809635862708092 3797003.5009635863825679
443 6766255.6426237411797047 6766045.7626237412914634 3797213.3809635862708092 3797003.5009635863825679
444 5900057.7061973791569471 5899847.8261973792687058 3797213.3809635862708092 3797003.5009635863825679
445 7101355.6763966297730803 7101145.7963966298848391 3797213.3809635862708092 3797003.5009635863825679
446 4635642.0608749063685536 4635432.1808749064803123 3797213.3809635862708092 3797003.5009635863825679
447 4593528.9146794080734253 4593319.0346794081851840 3797213.3809635862708092 3797003.5009635863825679
448 14624393.6492509599775076 14624183.7692509591579437 3797213.3809635862708092 3797003.5009635863825679
449 6249744.8666974967345595 6249534.9866974968463182 3797213.3809635862708092 3797003.5009635863825679
450 5674801.2560048839077353 5674591.3760048840194941 3797213.3809635862708092 3797003.5009635863825679
451 4780668.6618319218978286 4780458.7818319220095873 3797213.3809635862708092 3797003.5009635863825679
452 11282373.7102862969040871 11282163.8302862960845232 3797213.3809635862708092 3797003.5009635863825679
453 9170694.5322172045707703 9170484.6522172037512064 3797213.3809635862708092 3797003.5009635863825679
454 7052157.5495486585423350 7051947.6695486586540937 3797213.3809635862708092 3797003.5009635863825679
455 6809217.0856490572914481 6809007.2056490574032068 3797213.3809635862708092 3797003.5009635863825679
456 4683118.0166217572987080 4682908.1366217574104667 3797213.3809635862708092 3797003.5009635863825679
457 5278977.2167153684422374 5278767.3367153685539961 3797213.3809635862708092 3797003.5009635863825679
458 11098151.5922138448804617 11097941.7122138440608978 3797213.3809635862708092 3797003.5009635863825679
459 5151797.3907086402177811 5151587.5107086403295398 3797213.3809635862708092 3797003.5009635863825679
460 5707123.9538502972573042 5706914.0738502973690629 3797213.3809635862708092 3797003.5009635863825679
461 8406667.5154555551707745 8406457.6354555543512106 3797213.3809635862708092 3797003.5009635863825679
462 8917877.1048329100012779 8917667.2248329091817141 3797213.3809635862708092 3797003.5009635863825679
463 8300623.8561652274802327 8300413.9761652275919914 3797213.3809635862708092 3797003.5009635863825679
464 4958607.6915299156680703 4958397.8115299157798290 3797213.3809635862708092 3797003.5009635863825679
465 6125247.1607285989448428 6125037.2807285990566015 3797213.3809635862708092 3797003.5009635863825679
466 9197098.1761462278664112 9196888.2961462270468473 3797213.3809635862708092 3797003.5009635863825679
467 6995431.5945385377854109 6995221.7145385378971696 3797213.3809635862708092 3797003.5009635863825679
468 4993805.3381083002313972 4993595.4581083003431559 3797213.3809635862708092 3797003.5009635863825679
469 5257457.2832688270136714 5257247.4032688271254301 3797213.3809635862708092 3797003.5009635863825679
470 10357463.0619460921734571 10357253.1819460913538933 3797213.3809635862708092 3797003.5009635863825679
471 5528413.3939898889511824 5528203.5139898890629411 3797213.3809635862708092 3797003.5009635863825679
472 4892207.8446523798629642 4891997.9646523799747229 3797213.3809635862708092 3797003.5009635863825679
473 5339516.1204024450853467 5339306.2404024451971054 3797213.3809635862708092 3797003.5009635863825679
474 5033701.6315519791096449 5033491.7515519792214036 3797213.3809635862708092 3797003.5009635863825679
475 6517867.0685449801385403 6517657.1885449802502990 3797213.3809635862708092 3797003.5009635863825679
476 6888463.8749097380787134 6888253.9949097381904721 3797213.3809635862708092 3797003.5009635863825679
477 4798044.6591418487951159 4797834.7791418489068747 3797213.3809635862708092 3797003.5009635863825679
478 5269577.4862524885684252 5269367.6062524886801839 3797213.3809635862708092 3797003.5009635863825679
479 8055307.9838849846273661 8055098.1038849847391248 3797213.3809635862708092 3797003.5009635863825679
480 5932878.5653643393889070 5932668.6853643395006657 3797213.3809635862708092 3797003.5009635863825679
481 5046104.2286359947174788 5045894.3486359948292375 3797213.3809635862708092 3797003.5009635863825679
482 6240590.6806414425373077 6240380.8006414426490664 3797213.3809635862708092 3797003.5009635863825679
483 8218097.9166738586500287 8217888.0366738587617874 3797213.3809635862708092 3797003.5009635863825679
484 5015131.3650818206369877 5014921.4850818207487464 3797213.3809635862708092 3797003.5009635863825679
485 5432026.6177333500236273 5431816.7377333501353860 3797213.3809635862708092 3797003.5009635863825679
486 4741391.0859672026708722 4741181.2059672027826309 3797213.3809635862708092 3797003.5009635863825679
487 7646587.1355205988511443 7646377.2555205989629030 3797213.3809635862708092 3797003.5009635863825679
488 6322577.8709097951650620 6322367.9909097952768207 3797213.3809635862708092 3797003.5009635863825679
489 13272402.2959443610161543 13272192.4159443601965904 3797213.3809635862708092 3797003.5009635863825679
490 14181737.6333550382405519 14181527.7533550374209881 3797213.3809635862708092 3797003.5009635863825679
491 5861904.7734847422689199 5861694.8934847423806787 3797213.3809635862708092 3797003.5009635863825679
492 6935828.6282288534566760 6935618.7482288535684347 3797213.3809635862708092 3797003.5009635863825679
493 7705752.1444171816110611 7705542.2644171817228198 3797213.3809635862708092 3797003.5009635863825679
494 6481379.8020690940320492 6481169.9220690941438079 3797213.3809635862708092 3797003.5009635863825679
495 4896270.7018263349309564 4896060.8218263350427151 3797213.3809635862708092 3797003.5009635863825679
496 6261041.1803079871460795 6260831.3003079872578382 3797213.3809635862708092 3797003.5009635863825679
497 7706120.5430119857192039 7705910.6630119858309627 3797213.3809635862708092 3797003.5009635863825679
498 6302452.1087841354310513 6302242.2287841355428100 3797213.3809635862708092 3797003.5009635863825679
499 7284233.8906190190464258 7284024.0106190191581845 3797213.3809635862708092 3797003.5009635863825679
500 4793302.2948104813694954 4793092.4148104814812541 3797213.3809635862708092 3797003.5009635863825679
