evaluations raw_y current_y raw_y_best current_y_best
1 18.1087663352767301 -981.8912336647232451 18.1087663352767301 -981.8912336647232451
2 15.4769730411575388 -984.5230269588424790 15.4769730411575388 -984.5230269588424790
3 60.2162361726389008 -939.7837638273610992 15.4769730411575388 -984.5230269588424790
4 61.7201632789549635 -938.2798367210450579 15.4769730411575388 -984.5230269588424790
5 83.3136802911554071 -916.6863197088446213 15.4769730411575388 -984.5230269588424790
6 0.1649428754813202 -999.8350571245186984 0.1649428754813202 -999.8350571245186984
7 14.0535638871874280 -985.9464361128125347 0.1649428754813202 -999.8350571245186984
8 48.2062316501518779 -951.7937683498481647 0.1649428754813202 -999.8350571245186984
9 17.8984537317699370 -982.1015462682300949 0.1649428754813202 -999.8350571245186984
10 2.8255534605279289 -997.1744465394721146 0.1649428754813202 -999.8350571245186984
11 6.8882847388454591 -993.1117152611545862 0.1649428754813202 -999.8350571245186984
12 4.3057568625173497 -995.6942431374826583 0.1649428754813202 -999.8350571245186984
13 13.7934019654982958 -986.2065980345016669 0.1649428754813202 -999.8350571245186984
14 21.5950287198876794 -978.4049712801123633 0.1649428754813202 -999.8350571245186984
15 68.1985466093951231 -931.8014533906048200 0.1649428754813202 -999.8350571245186984
16 24.7780364250895531 -975.2219635749104327 0.1649428754813202 -999.8350571245186984
17 46.9533370569383735 -953.0466629430616194 0.1649428754813202 -999.8350571245186984
18 21.9502193110375714 -978.0497806889624144 0.1649428754813202 -999.8350571245186984
19 3.2193230610878771 -996.7806769389121655 0.1649428754813202 -999.8350571245186984
20 1.8197319027591514 -998.1802680972408552 0.1649428754813202 -999.8350571245186984
21 1.7586028403277412 -998.2413971596722604 0.1649428754813202 -999.8350571245186984
22 3.4735061223065862 -996.5264938776933832 0.1649428754813202 -999.8350571245186984
23 12.0912537883470890 -987.9087462116528968 0.1649428754813202 -999.8350571245186984
24 3.2310925722397008 -996.7689074277602685 0.1649428754813202 -999.8350571245186984
25 0.8830430813227180 -999.1169569186772605 0.1649428754813202 -999.8350571245186984
26 1.1454230616857666 -998.8545769383142670 0.1649428754813202 -999.8350571245186984
27 2.4035841238991593 -997.5964158761008775 0.1649428754813202 -999.8350571245186984
28 21.1391641088815554 -978.8608358911184268 0.1649428754813202 -999.8350571245186984
29 37.7996834486472011 -962.2003165513527847 0.1649428754813202 -999.8350571245186984
30 1.8689759321167601 -998.1310240678832315 0.1649428754813202 -999.8350571245186984
31 1.3940480042078596 -998.6059519957921111 0.1649428754813202 -999.8350571245186984
32 74.2177381742212674 -925.7822618257787326 0.1649428754813202 -999.8350571245186984
33 1.3532079426725274 -998.6467920573275023 0.1649428754813202 -999.8350571245186984
34 9.5215238629686407 -990.4784761370314072 0.1649428754813202 -999.8350571245186984
35 18.7194304185996891 -981.2805695814003002 0.1649428754813202 -999.8350571245186984
36 37.9892257487638219 -962.0107742512361710 0.1649428754813202 -999.8350571245186984
37 39.2376182302198018 -960.7623817697801769 0.1649428754813202 -999.8350571245186984
38 1.9429286965714390 -998.0570713034285291 0.1649428754813202 -999.8350571245186984
39 70.1835150417298905 -929.8164849582701663 0.1649428754813202 -999.8350571245186984
40 61.2019251478036068 -938.7980748521963505 0.1649428754813202 -999.8350571245186984
41 5.6053001388628232 -994.3946998611371555 0.1649428754813202 -999.8350571245186984
42 11.1380924383271154 -988.8619075616728651 0.1649428754813202 -999.8350571245186984
43 10.7695674068187905 -989.2304325931812627 0.1649428754813202 -999.8350571245186984
44 10.7775838390714931 -989.2224161609285602 0.1649428754813202 -999.8350571245186984
45 2.0652249223398065 -997.9347750776602197 0.1649428754813202 -999.8350571245186984
46 2.0181104556612453 -997.9818895443387419 0.1649428754813202 -999.8350571245186984
47 9.4975503874068110 -990.5024496125931819 0.1649428754813202 -999.8350571245186984
48 9.9610867584195901 -990.0389132415804170 0.1649428754813202 -999.8350571245186984
49 7.4014062843599060 -992.5985937156400496 0.1649428754813202 -999.8350571245186984
50 8.1372637718593985 -991.8627362281406477 0.1649428754813202 -999.8350571245186984
51 26.8921299538584542 -973.1078700461415565 0.1649428754813202 -999.8350571245186984
52 9.4772609731680042 -990.5227390268320278 0.1649428754813202 -999.8350571245186984
53 12.7873370809352505 -987.2126629190647691 0.1649428754813202 -999.8350571245186984
54 10.6809687369985706 -989.3190312630014205 0.1649428754813202 -999.8350571245186984
55 10.5933762032233041 -989.4066237967766710 0.1649428754813202 -999.8350571245186984
56 61.0156329083007094 -938.9843670916992551 0.1649428754813202 -999.8350571245186984
57 49.6865913227460752 -950.3134086772539604 0.1649428754813202 -999.8350571245186984
58 60.1746956409723310 -939.8253043590276548 0.1649428754813202 -999.8350571245186984
59 10.8714347091208925 -989.1285652908791235 0.1649428754813202 -999.8350571245186984
60 1.2374506890762667 -998.7625493109237595 0.1649428754813202 -999.8350571245186984
61 58.3851769115433186 -941.6148230884566601 0.1649428754813202 -999.8350571245186984
62 1.9596578581321507 -998.0403421418678818 0.1649428754813202 -999.8350571245186984
63 6.7939872436735929 -993.2060127563264587 0.1649428754813202 -999.8350571245186984
64 3.7131993513488073 -996.2868006486511376 0.1649428754813202 -999.8350571245186984
65 23.6870386674574469 -976.3129613325424998 0.1649428754813202 -999.8350571245186984
66 1.0992575594246989 -998.9007424405753000 0.1649428754813202 -999.8350571245186984
67 7.0887836109218538 -992.9112163890781630 0.1649428754813202 -999.8350571245186984
68 16.9681377241634195 -983.0318622758366018 0.1649428754813202 -999.8350571245186984
69 14.7918690216513475 -985.2081309783486631 0.1649428754813202 -999.8350571245186984
70 72.7510177016657025 -927.2489822983343402 0.1649428754813202 -999.8350571245186984
71 67.5984961657572256 -932.4015038342428170 0.1649428754813202 -999.8350571245186984
72 1.8797176461736895 -998.1202823538262692 0.1649428754813202 -999.8350571245186984
73 67.3294059137455747 -932.6705940862543684 0.1649428754813202 -999.8350571245186984
74 44.1101593203330040 -955.8898406796670315 0.1649428754813202 -999.8350571245186984
75 18.5570062645544240 -981.4429937354456115 0.1649428754813202 -999.8350571245186984
76 0.9702853535028430 -999.0297146464971547 0.1649428754813202 -999.8350571245186984
77 49.1715946215906285 -950.8284053784093430 0.1649428754813202 -999.8350571245186984
78 66.4423957712021860 -933.5576042287977998 0.1649428754813202 -999.8350571245186984
79 2.4823279014744704 -997.5176720985255088 0.1649428754813202 -999.8350571245186984
80 0.1360106940806233 -999.8639893059194037 0.1360106940806233 -999.8639893059194037
81 11.4869925206488723 -988.5130074793511312 0.1360106940806233 -999.8639893059194037
82 66.1136975617876317 -933.8863024382123967 0.1360106940806233 -999.8639893059194037
83 6.8934949537870045 -993.1065050462129875 0.1360106940806233 -999.8639893059194037
84 19.9690607816842451 -980.0309392183157797 0.1360106940806233 -999.8639893059194037
85 13.8262998469864158 -986.1737001530135558 0.1360106940806233 -999.8639893059194037
86 35.6486005490587061 -964.3513994509412441 0.1360106940806233 -999.8639893059194037
87 0.1469883162752905 -999.8530116837247306 0.1360106940806233 -999.8639893059194037
88 6.2377874214088083 -993.7622125785911749 0.1360106940806233 -999.8639893059194037
89 1.9750390756363643 -998.0249609243636542 0.1360106940806233 -999.8639893059194037
90 0.1327385742235215 -999.8672614257765190 0.1327385742235215 -999.8672614257765190
91 47.0296347474143204 -952.9703652525856796 0.1327385742235215 -999.8672614257765190
92 9.9861709169301562 -990.0138290830698224 0.1327385742235215 -999.8672614257765190
93 12.5082144835219857 -987.4917855164779894 0.1327385742235215 -999.8672614257765190
94 0.1365604558136652 -999.8634395441863489 0.1327385742235215 -999.8672614257765190
95 20.9281112799302385 -979.0718887200697509 0.1327385742235215 -999.8672614257765190
96 14.6137014920396862 -985.3862985079603050 0.1327385742235215 -999.8672614257765190
97 16.3490335895912082 -983.6509664104088415 0.1327385742235215 -999.8672614257765190
98 0.1297855494218075 -999.8702144505781462 0.1297855494218075 -999.8702144505781462
99 61.9245469771509249 -938.0754530228490466 0.1297855494218075 -999.8702144505781462
100 27.7707020925140391 -972.2292979074859431 0.1297855494218075 -999.8702144505781462
