evaluations raw_y current_y raw_y_best current_y_best
1 85.7842087614871645 -914.2157912385127929 85.7842087614871645 -914.2157912385127929
2 86.0989720556844134 -913.9010279443156151 85.7842087614871645 -914.2157912385127929
3 86.3495043181995499 -913.6504956818004075 85.7842087614871645 -914.2157912385127929
4 86.3711561680230773 -913.6288438319769512 85.7842087614871645 -914.2157912385127929
5 86.4974816357894412 -913.5025183642105731 85.7842087614871645 -914.2157912385127929
6 86.5406049443998455 -913.4593950556001118 85.7842087614871645 -914.2157912385127929
7 86.4177349095027125 -913.5822650904972306 85.7842087614871645 -914.2157912385127929
8 84.0928116059681372 -915.9071883940318912 84.0928116059681372 -915.9071883940318912
9 86.1306222618418076 -913.8693777381581640 84.0928116059681372 -915.9071883940318912
10 84.2945171252709855 -915.7054828747290003 84.0928116059681372 -915.9071883940318912
11 85.2010172303575359 -914.7989827696424072 84.0928116059681372 -915.9071883940318912
12 83.9734955671022192 -916.0265044328978092 83.9734955671022192 -916.0265044328978092
13 85.5658052599974894 -914.4341947400025674 83.9734955671022192 -916.0265044328978092
14 85.0804885746425725 -914.9195114253574275 83.9734955671022192 -916.0265044328978092
15 85.0679625587702475 -914.9320374412297951 83.9734955671022192 -916.0265044328978092
16 85.3894867560642155 -914.6105132439357703 83.9734955671022192 -916.0265044328978092
17 85.2660148687638184 -914.7339851312361816 83.9734955671022192 -916.0265044328978092
18 70.9424741362463323 -929.0575258637536535 70.9424741362463323 -929.0575258637536535
19 85.8644240624692259 -914.1355759375308025 70.9424741362463323 -929.0575258637536535
20 84.1494288299618063 -915.8505711700381653 70.9424741362463323 -929.0575258637536535
21 85.6375588358205277 -914.3624411641794723 70.9424741362463323 -929.0575258637536535
22 85.9104950545960691 -914.0895049454039736 70.9424741362463323 -929.0575258637536535
23 85.0514348619712877 -914.9485651380286981 70.9424741362463323 -929.0575258637536535
24 85.4862805555888485 -914.5137194444112083 70.9424741362463323 -929.0575258637536535
25 85.6812739342427534 -914.3187260657572324 70.9424741362463323 -929.0575258637536535
26 81.4378721368867531 -918.5621278631132327 70.9424741362463323 -929.0575258637536535
27 85.5521767216989844 -914.4478232783010299 70.9424741362463323 -929.0575258637536535
28 84.6338675318276330 -915.3661324681723954 70.9424741362463323 -929.0575258637536535
29 85.3803986452647052 -914.6196013547353232 70.9424741362463323 -929.0575258637536535
30 84.8086196468037343 -915.1913803531962230 70.9424741362463323 -929.0575258637536535
31 85.4958530377599004 -914.5041469622401564 70.9424741362463323 -929.0575258637536535
32 83.6087289449922366 -916.3912710550077918 70.9424741362463323 -929.0575258637536535
33 85.9310715400726224 -914.0689284599274060 70.9424741362463323 -929.0575258637536535
34 85.9178689138870482 -914.0821310861128950 70.9424741362463323 -929.0575258637536535
35 85.8387074931804648 -914.1612925068195636 70.9424741362463323 -929.0575258637536535
36 85.7887498493375915 -914.2112501506624085 70.9424741362463323 -929.0575258637536535
37 85.9158789902766529 -914.0841210097233898 70.9424741362463323 -929.0575258637536535
38 85.5987637500270466 -914.4012362499729534 70.9424741362463323 -929.0575258637536535
39 85.4831785042374150 -914.5168214957625423 70.9424741362463323 -929.0575258637536535
40 85.4576683319246939 -914.5423316680753487 70.9424741362463323 -929.0575258637536535
41 84.5374795617596533 -915.4625204382402899 70.9424741362463323 -929.0575258637536535
42 84.7390594048093533 -915.2609405951906183 70.9424741362463323 -929.0575258637536535
43 82.1359581284497580 -917.8640418715502847 70.9424741362463323 -929.0575258637536535
44 83.4566279607024484 -916.5433720392975374 70.9424741362463323 -929.0575258637536535
45 85.9408013908174695 -914.0591986091825447 70.9424741362463323 -929.0575258637536535
46 85.4510501238415543 -914.5489498761584173 70.9424741362463323 -929.0575258637536535
47 85.9120492974664813 -914.0879507025334760 70.9424741362463323 -929.0575258637536535
48 85.3304045512104068 -914.6695954487895506 70.9424741362463323 -929.0575258637536535
49 85.4953627013060640 -914.5046372986939787 70.9424741362463323 -929.0575258637536535
50 85.3813595284112523 -914.6186404715887193 70.9424741362463323 -929.0575258637536535
51 85.9573165476309526 -914.0426834523690331 70.9424741362463323 -929.0575258637536535
52 84.0028878410710433 -915.9971121589289851 70.9424741362463323 -929.0575258637536535
53 85.7009364230608242 -914.2990635769391474 70.9424741362463323 -929.0575258637536535
54 85.2011758999420863 -914.7988241000579137 70.9424741362463323 -929.0575258637536535
55 82.7387412525429653 -917.2612587474570773 70.9424741362463323 -929.0575258637536535
56 85.5862921853232024 -914.4137078146768545 70.9424741362463323 -929.0575258637536535
57 84.2958457781369077 -915.7041542218630639 70.9424741362463323 -929.0575258637536535
58 83.1312772472315658 -916.8687227527684627 70.9424741362463323 -929.0575258637536535
59 83.2775008848515199 -916.7224991151484801 70.9424741362463323 -929.0575258637536535
60 85.4748609093330032 -914.5251390906670395 70.9424741362463323 -929.0575258637536535
61 85.1058224710626661 -914.8941775289373481 70.9424741362463323 -929.0575258637536535
62 85.9837221884904324 -914.0162778115095534 70.9424741362463323 -929.0575258637536535
63 84.2410650086360135 -915.7589349913639580 70.9424741362463323 -929.0575258637536535
64 82.8567089007577806 -917.1432910992422194 70.9424741362463323 -929.0575258637536535
65 84.6860925645670903 -915.3139074354329523 70.9424741362463323 -929.0575258637536535
66 85.7450654074325200 -914.2549345925674515 70.9424741362463323 -929.0575258637536535
67 82.3329139557378085 -917.6670860442621915 70.9424741362463323 -929.0575258637536535
68 85.4060390839202199 -914.5939609160798227 70.9424741362463323 -929.0575258637536535
69 83.3711040646265076 -916.6288959353735208 70.9424741362463323 -929.0575258637536535
70 84.7299677335884525 -915.2700322664115902 70.9424741362463323 -929.0575258637536535
71 84.8640587507693169 -915.1359412492306546 70.9424741362463323 -929.0575258637536535
72 86.2337151048528483 -913.7662848951471233 70.9424741362463323 -929.0575258637536535
73 85.4456075098476049 -914.5543924901523951 70.9424741362463323 -929.0575258637536535
74 85.7434756034872549 -914.2565243965127593 70.9424741362463323 -929.0575258637536535
75 85.6662804295117724 -914.3337195704882561 70.9424741362463323 -929.0575258637536535
76 83.5243103543000700 -916.4756896456999584 70.9424741362463323 -929.0575258637536535
77 85.2009995016631621 -914.7990004983367953 70.9424741362463323 -929.0575258637536535
78 85.8674536669819446 -914.1325463330180128 70.9424741362463323 -929.0575258637536535
79 85.4210832350199922 -914.5789167649800220 70.9424741362463323 -929.0575258637536535
80 85.8989194814644890 -914.1010805185354684 70.9424741362463323 -929.0575258637536535
81 85.7878628929696703 -914.2121371070303439 70.9424741362463323 -929.0575258637536535
82 85.3307098279835827 -914.6692901720164173 70.9424741362463323 -929.0575258637536535
83 86.0558220577110546 -913.9441779422888885 70.9424741362463323 -929.0575258637536535
84 84.7017735731293016 -915.2982264268706558 70.9424741362463323 -929.0575258637536535
85 85.9916396179612832 -914.0083603820387452 70.9424741362463323 -929.0575258637536535
86 85.9456841581620239 -914.0543158418379335 70.9424741362463323 -929.0575258637536535
87 85.7123323899520670 -914.2876676100479472 70.9424741362463323 -929.0575258637536535
88 85.3432559754397886 -914.6567440245602256 70.9424741362463323 -929.0575258637536535
89 85.5053266350875987 -914.4946733649123871 70.9424741362463323 -929.0575258637536535
90 86.0255853823855716 -913.9744146176144568 70.9424741362463323 -929.0575258637536535
91 85.7284151679702120 -914.2715848320298164 70.9424741362463323 -929.0575258637536535
92 84.0255820342453177 -915.9744179657546965 70.9424741362463323 -929.0575258637536535
93 85.9235701717360314 -914.0764298282639402 70.9424741362463323 -929.0575258637536535
94 85.3810775162225468 -914.6189224837773963 70.9424741362463323 -929.0575258637536535
95 84.8565277683627102 -915.1434722316372472 70.9424741362463323 -929.0575258637536535
96 86.0911438239966884 -913.9088561760032690 70.9424741362463323 -929.0575258637536535
97 86.1316716824703832 -913.8683283175296310 70.9424741362463323 -929.0575258637536535
98 85.1447899740849863 -914.8552100259149711 70.9424741362463323 -929.0575258637536535
99 85.9668527309322599 -914.0331472690677401 70.9424741362463323 -929.0575258637536535
100 85.1136053377459660 -914.8863946622540197 70.9424741362463323 -929.0575258637536535
101 84.8249245060154777 -915.1750754939845365 70.9424741362463323 -929.0575258637536535
102 85.3402927067770349 -914.6597072932229366 70.9424741362463323 -929.0575258637536535
103 84.6813875648816037 -915.3186124351184390 70.9424741362463323 -929.0575258637536535
104 85.4945264238227480 -914.5054735761772235 70.9424741362463323 -929.0575258637536535
105 85.8619539084293564 -914.1380460915706863 70.9424741362463323 -929.0575258637536535
106 85.1280195826898876 -914.8719804173101693 70.9424741362463323 -929.0575258637536535
107 84.9295712493186983 -915.0704287506813444 70.9424741362463323 -929.0575258637536535
108 84.9428858037465915 -915.0571141962534512 70.9424741362463323 -929.0575258637536535
109 85.4367315576577795 -914.5632684423421779 70.9424741362463323 -929.0575258637536535
110 84.3739203842243199 -915.6260796157756658 70.9424741362463323 -929.0575258637536535
111 84.4822634513580795 -915.5177365486418921 70.9424741362463323 -929.0575258637536535
112 85.8273745719160672 -914.1726254280839612 70.9424741362463323 -929.0575258637536535
113 85.4705265687707794 -914.5294734312292348 70.9424741362463323 -929.0575258637536535
114 84.2287268606897470 -915.7712731393102104 70.9424741362463323 -929.0575258637536535
115 84.7559766022092731 -915.2440233977906701 70.9424741362463323 -929.0575258637536535
116 84.7631945183555899 -915.2368054816444101 70.9424741362463323 -929.0575258637536535
117 85.3881926339780932 -914.6118073660219352 70.9424741362463323 -929.0575258637536535
118 84.5032371401933489 -915.4967628598066085 70.9424741362463323 -929.0575258637536535
119 82.4128727697594030 -917.5871272302406396 70.9424741362463323 -929.0575258637536535
120 85.4038219564843786 -914.5961780435155788 70.9424741362463323 -929.0575258637536535
121 76.2029542929590491 -923.7970457070409793 70.9424741362463323 -929.0575258637536535
122 84.3022606325697410 -915.6977393674302448 70.9424741362463323 -929.0575258637536535
123 84.2185293724827346 -915.7814706275172512 70.9424741362463323 -929.0575258637536535
124 74.8090436886776331 -925.1909563113223385 70.9424741362463323 -929.0575258637536535
125 84.8479323155626020 -915.1520676844373838 70.9424741362463323 -929.0575258637536535
126 84.9421504660407578 -915.0578495339592564 70.9424741362463323 -929.0575258637536535
127 80.3373412836556042 -919.6626587163443673 70.9424741362463323 -929.0575258637536535
128 83.0789163510769271 -916.9210836489230587 70.9424741362463323 -929.0575258637536535
129 77.2639772634104531 -922.7360227365895753 70.9424741362463323 -929.0575258637536535
130 72.4467908507730698 -927.5532091492269728 70.9424741362463323 -929.0575258637536535
131 73.6286760420563411 -926.3713239579436731 70.9424741362463323 -929.0575258637536535
132 73.6699447785401844 -926.3300552214598156 70.9424741362463323 -929.0575258637536535
133 79.5607655790644941 -920.4392344209354633 70.9424741362463323 -929.0575258637536535
134 72.7748754099104929 -927.2251245900895356 70.9424741362463323 -929.0575258637536535
135 79.6707453666587071 -920.3292546333412929 70.9424741362463323 -929.0575258637536535
136 73.1479815433731773 -926.8520184566268654 70.9424741362463323 -929.0575258637536535
137 73.9169901821273214 -926.0830098178727212 70.9424741362463323 -929.0575258637536535
138 73.4187880306330527 -926.5812119693669047 70.9424741362463323 -929.0575258637536535
139 74.7233567361331836 -925.2766432638668448 70.9424741362463323 -929.0575258637536535
140 78.4823289328535054 -921.5176710671464662 70.9424741362463323 -929.0575258637536535
141 74.8991741166077958 -925.1008258833921900 70.9424741362463323 -929.0575258637536535
142 73.9473213055660210 -926.0526786944340074 70.9424741362463323 -929.0575258637536535
143 73.6894503575428956 -926.3105496424570902 70.9424741362463323 -929.0575258637536535
144 76.5617787065842350 -923.4382212934157224 70.9424741362463323 -929.0575258637536535
145 81.4818391320700073 -918.5181608679299643 70.9424741362463323 -929.0575258637536535
146 76.6028215087465583 -923.3971784912534986 70.9424741362463323 -929.0575258637536535
147 80.9841708908079596 -919.0158291091920546 70.9424741362463323 -929.0575258637536535
148 81.9703596864942483 -918.0296403135057517 70.9424741362463323 -929.0575258637536535
149 83.3801601498507381 -916.6198398501492193 70.9424741362463323 -929.0575258637536535
150 78.3237131741178274 -921.6762868258821300 70.9424741362463323 -929.0575258637536535
151 73.0654383234764850 -926.9345616765235718 70.9424741362463323 -929.0575258637536535
152 74.8504383858006435 -925.1495616141993423 70.9424741362463323 -929.0575258637536535
153 85.2657127945938953 -914.7342872054060763 70.9424741362463323 -929.0575258637536535
154 82.1343399825391458 -917.8656600174608684 70.9424741362463323 -929.0575258637536535
155 82.9494178178547230 -917.0505821821452628 70.9424741362463323 -929.0575258637536535
156 82.9595419492354580 -917.0404580507645278 70.9424741362463323 -929.0575258637536535
157 84.7520656868524895 -915.2479343131475389 70.9424741362463323 -929.0575258637536535
158 74.0231521994682140 -925.9768478005318002 70.9424741362463323 -929.0575258637536535
159 76.1078382910590818 -923.8921617089408755 70.9424741362463323 -929.0575258637536535
160 85.6392083297987057 -914.3607916702012517 70.9424741362463323 -929.0575258637536535
161 83.8898580266172047 -916.1101419733828379 70.9424741362463323 -929.0575258637536535
162 75.3276337144017134 -924.6723662855982866 70.9424741362463323 -929.0575258637536535
163 73.1891196758280245 -926.8108803241719897 70.9424741362463323 -929.0575258637536535
164 79.4349147611658566 -920.5650852388341718 70.9424741362463323 -929.0575258637536535
165 73.8421968355421257 -926.1578031644578459 70.9424741362463323 -929.0575258637536535
166 76.6115028257078308 -923.3884971742921834 70.9424741362463323 -929.0575258637536535
167 83.0405125125511745 -916.9594874874487687 70.9424741362463323 -929.0575258637536535
168 81.9052779992783968 -918.0947220007216174 70.9424741362463323 -929.0575258637536535
169 84.5016443477780541 -915.4983556522219033 70.9424741362463323 -929.0575258637536535
170 78.0083364840207878 -921.9916635159792122 70.9424741362463323 -929.0575258637536535
171 73.3584054158596217 -926.6415945841404209 70.9424741362463323 -929.0575258637536535
172 78.3441189561939382 -921.6558810438060618 70.9424741362463323 -929.0575258637536535
173 73.9710636087225311 -926.0289363912775116 70.9424741362463323 -929.0575258637536535
174 82.9777130291940779 -917.0222869708059079 70.9424741362463323 -929.0575258637536535
175 76.6452461001424439 -923.3547538998575419 70.9424741362463323 -929.0575258637536535
176 72.9076943494138732 -927.0923056505861268 70.9424741362463323 -929.0575258637536535
177 72.9249570901146740 -927.0750429098852692 70.9424741362463323 -929.0575258637536535
178 72.9957128964053936 -927.0042871035946064 70.9424741362463323 -929.0575258637536535
179 72.8535469142883727 -927.1464530857116415 70.9424741362463323 -929.0575258637536535
180 73.6320555095008160 -926.3679444904992124 70.9424741362463323 -929.0575258637536535
181 77.4246808591087188 -922.5753191408912244 70.9424741362463323 -929.0575258637536535
182 73.2624717316979002 -926.7375282683020714 70.9424741362463323 -929.0575258637536535
183 75.1632512704953513 -924.8367487295046203 70.9424741362463323 -929.0575258637536535
184 73.3721020097260208 -926.6278979902739366 70.9424741362463323 -929.0575258637536535
185 73.0194845314300238 -926.9805154685699335 70.9424741362463323 -929.0575258637536535
186 73.4178359928736768 -926.5821640071262664 70.9424741362463323 -929.0575258637536535
187 78.1753047051645495 -921.8246952948354647 70.9424741362463323 -929.0575258637536535
188 73.7263921794227741 -926.2736078205772401 70.9424741362463323 -929.0575258637536535
189 73.9520909641924220 -926.0479090358076064 70.9424741362463323 -929.0575258637536535
190 73.7401195389661126 -926.2598804610338448 70.9424741362463323 -929.0575258637536535
191 74.1312990222148471 -925.8687009777851245 70.9424741362463323 -929.0575258637536535
192 73.5432406219561443 -926.4567593780438983 70.9424741362463323 -929.0575258637536535
193 73.8451154146760160 -926.1548845853239982 70.9424741362463323 -929.0575258637536535
194 73.1541324910730282 -926.8458675089269718 70.9424741362463323 -929.0575258637536535
195 73.4512841846531614 -926.5487158153468954 70.9424741362463323 -929.0575258637536535
196 73.9327347386441005 -926.0672652613559421 70.9424741362463323 -929.0575258637536535
197 73.7120861875221465 -926.2879138124778819 70.9424741362463323 -929.0575258637536535
198 72.8117976274981373 -927.1882023725019053 70.9424741362463323 -929.0575258637536535
199 80.1574006099905603 -919.8425993900094682 70.9424741362463323 -929.0575258637536535
200 73.0249580904567921 -926.9750419095431653 70.9424741362463323 -929.0575258637536535
201 74.0330627841996858 -925.9669372158002716 70.9424741362463323 -929.0575258637536535
202 72.5526998555758809 -927.4473001444241618 70.9424741362463323 -929.0575258637536535
203 73.6791427703725503 -926.3208572296274497 70.9424741362463323 -929.0575258637536535
204 77.5001099429331504 -922.4998900570668638 70.9424741362463323 -929.0575258637536535
205 71.9622003390347373 -928.0377996609652200 70.9424741362463323 -929.0575258637536535
206 73.0229743077359075 -926.9770256922640783 70.9424741362463323 -929.0575258637536535
207 75.1299812327254273 -924.8700187672745869 70.9424741362463323 -929.0575258637536535
208 74.9157101205979785 -925.0842898794020357 70.9424741362463323 -929.0575258637536535
209 72.5357498858255099 -927.4642501141745470 70.9424741362463323 -929.0575258637536535
210 73.7838837454776808 -926.2161162545223760 70.9424741362463323 -929.0575258637536535
211 73.0721816972474159 -926.9278183027525984 70.9424741362463323 -929.0575258637536535
212 74.0259669717481472 -925.9740330282518244 70.9424741362463323 -929.0575258637536535
213 73.7651796053931008 -926.2348203946069134 70.9424741362463323 -929.0575258637536535
214 73.5467274176992163 -926.4532725823007695 70.9424741362463323 -929.0575258637536535
215 78.3350419481901525 -921.6649580518098901 70.9424741362463323 -929.0575258637536535
216 77.8707115894504938 -922.1292884105495204 70.9424741362463323 -929.0575258637536535
217 75.2381584239999768 -924.7618415760000516 70.9424741362463323 -929.0575258637536535
218 78.5965512795576018 -921.4034487204423840 70.9424741362463323 -929.0575258637536535
219 74.8037575864471762 -925.1962424135527954 70.9424741362463323 -929.0575258637536535
220 81.3519084678541731 -918.6480915321458269 70.9424741362463323 -929.0575258637536535
221 83.0705441812815479 -916.9294558187184521 70.9424741362463323 -929.0575258637536535
222 83.9702642470388554 -916.0297357529611872 70.9424741362463323 -929.0575258637536535
223 85.5783281929575850 -914.4216718070424577 70.9424741362463323 -929.0575258637536535
224 72.3299181463224841 -927.6700818536775159 70.9424741362463323 -929.0575258637536535
225 80.5910299461195763 -919.4089700538804664 70.9424741362463323 -929.0575258637536535
226 73.8663020697333081 -926.1336979302666350 70.9424741362463323 -929.0575258637536535
227 82.2216669409389453 -917.7783330590610831 70.9424741362463323 -929.0575258637536535
228 83.8892076077512314 -916.1107923922487544 70.9424741362463323 -929.0575258637536535
229 82.1559892337370314 -917.8440107662629543 70.9424741362463323 -929.0575258637536535
230 83.9148059779693227 -916.0851940220306915 70.9424741362463323 -929.0575258637536535
231 83.3159178200912294 -916.6840821799087280 70.9424741362463323 -929.0575258637536535
232 80.2605521580741481 -919.7394478419258803 70.9424741362463323 -929.0575258637536535
233 85.8187957440299698 -914.1812042559699876 70.9424741362463323 -929.0575258637536535
234 85.0759511818612140 -914.9240488181387718 70.9424741362463323 -929.0575258637536535
235 84.9103875625909836 -915.0896124374089595 70.9424741362463323 -929.0575258637536535
236 84.8428421014595671 -915.1571578985403903 70.9424741362463323 -929.0575258637536535
237 85.8434055455395111 -914.1565944544604463 70.9424741362463323 -929.0575258637536535
238 79.8649275858289229 -920.1350724141710771 70.9424741362463323 -929.0575258637536535
239 72.1735941111805772 -927.8264058888194086 70.9424741362463323 -929.0575258637536535
240 85.4818230951283624 -914.5181769048716660 70.9424741362463323 -929.0575258637536535
241 83.2858977041035331 -916.7141022958965095 70.9424741362463323 -929.0575258637536535
242 81.0748978808714611 -918.9251021191284963 70.9424741362463323 -929.0575258637536535
243 85.3755486316744623 -914.6244513683254809 70.9424741362463323 -929.0575258637536535
244 85.0682049734600270 -914.9317950265399304 70.9424741362463323 -929.0575258637536535
245 83.5258582274549184 -916.4741417725450674 70.9424741362463323 -929.0575258637536535
246 78.9618087503664867 -921.0381912496335417 70.9424741362463323 -929.0575258637536535
247 84.8310729952497553 -915.1689270047502305 70.9424741362463323 -929.0575258637536535
248 84.4357802929294934 -915.5642197070704924 70.9424741362463323 -929.0575258637536535
249 84.8812649698825794 -915.1187350301174774 70.9424741362463323 -929.0575258637536535
250 81.0938770422743005 -918.9061229577257564 70.9424741362463323 -929.0575258637536535
251 74.2501956104447061 -925.7498043895552655 70.9424741362463323 -929.0575258637536535
252 85.2073191511359624 -914.7926808488640518 70.9424741362463323 -929.0575258637536535
253 80.2024036136670162 -919.7975963863329980 70.9424741362463323 -929.0575258637536535
254 76.1088115340202620 -923.8911884659797806 70.9424741362463323 -929.0575258637536535
255 82.3062577025262101 -917.6937422974738183 70.9424741362463323 -929.0575258637536535
256 83.3408822500360174 -916.6591177499640253 70.9424741362463323 -929.0575258637536535
257 84.9199175081015767 -915.0800824918984517 70.9424741362463323 -929.0575258637536535
258 84.5721677311509126 -915.4278322688491016 70.9424741362463323 -929.0575258637536535
259 85.3540025189836911 -914.6459974810163658 70.9424741362463323 -929.0575258637536535
260 73.4148116175836520 -926.5851883824163906 70.9424741362463323 -929.0575258637536535
261 81.7921151524955832 -918.2078848475043742 70.9424741362463323 -929.0575258637536535
262 72.3166743393874896 -927.6833256606124678 70.9424741362463323 -929.0575258637536535
263 72.3877045115445554 -927.6122954884554019 70.9424741362463323 -929.0575258637536535
264 73.3911711544003253 -926.6088288455996462 70.9424741362463323 -929.0575258637536535
265 72.9426630259253272 -927.0573369740747012 70.9424741362463323 -929.0575258637536535
266 72.0557417036740162 -927.9442582963259838 70.9424741362463323 -929.0575258637536535
267 84.4104698939954261 -915.5895301060045313 70.9424741362463323 -929.0575258637536535
268 77.9035694251945756 -922.0964305748054812 70.9424741362463323 -929.0575258637536535
269 72.9731331340221203 -927.0268668659779223 70.9424741362463323 -929.0575258637536535
270 72.3321615247854339 -927.6678384752145803 70.9424741362463323 -929.0575258637536535
271 73.3322660372285782 -926.6677339627714218 70.9424741362463323 -929.0575258637536535
272 77.0776822126142207 -922.9223177873857367 70.9424741362463323 -929.0575258637536535
273 79.1746685800905254 -920.8253314199095030 70.9424741362463323 -929.0575258637536535
274 80.6059709210701811 -919.3940290789298615 70.9424741362463323 -929.0575258637536535
275 85.0896474304593369 -914.9103525695406915 70.9424741362463323 -929.0575258637536535
276 79.0202823698303263 -920.9797176301697164 70.9424741362463323 -929.0575258637536535
277 74.3504142152961265 -925.6495857847038451 70.9424741362463323 -929.0575258637536535
278 75.4619204924210010 -924.5380795075790274 70.9424741362463323 -929.0575258637536535
279 73.5624168916269525 -926.4375831083730191 70.9424741362463323 -929.0575258637536535
280 78.6428473913473738 -921.3571526086526546 70.9424741362463323 -929.0575258637536535
281 83.6223279867468676 -916.3776720132531182 70.9424741362463323 -929.0575258637536535
282 82.5099782988792327 -917.4900217011207815 70.9424741362463323 -929.0575258637536535
283 73.0025910948679098 -926.9974089051320334 70.9424741362463323 -929.0575258637536535
284 77.8022617108021279 -922.1977382891979005 70.9424741362463323 -929.0575258637536535
285 82.6145841800920380 -917.3854158199079620 70.9424741362463323 -929.0575258637536535
286 82.9713477158309729 -917.0286522841690839 70.9424741362463323 -929.0575258637536535
287 78.2513105545493204 -921.7486894454507365 70.9424741362463323 -929.0575258637536535
288 85.0214612565910386 -914.9785387434089898 70.9424741362463323 -929.0575258637536535
289 85.1389747369415062 -914.8610252630585364 70.9424741362463323 -929.0575258637536535
290 72.9517522120129343 -927.0482477879870657 70.9424741362463323 -929.0575258637536535
291 73.6346012944258490 -926.3653987055741936 70.9424741362463323 -929.0575258637536535
292 82.4877467899149224 -917.5122532100850776 70.9424741362463323 -929.0575258637536535
293 72.6975336465871464 -927.3024663534129104 70.9424741362463323 -929.0575258637536535
294 72.7809355239740938 -927.2190644760258920 70.9424741362463323 -929.0575258637536535
295 73.5236415053442585 -926.4763584946557557 70.9424741362463323 -929.0575258637536535
296 75.3740741697793766 -924.6259258302205808 70.9424741362463323 -929.0575258637536535
297 85.6681693921255487 -914.3318306078745081 70.9424741362463323 -929.0575258637536535
298 73.0842904441544334 -926.9157095558455239 70.9424741362463323 -929.0575258637536535
299 86.1734880215987431 -913.8265119784012995 70.9424741362463323 -929.0575258637536535
300 85.1221740233246749 -914.8778259766753536 70.9424741362463323 -929.0575258637536535
301 76.6249353272655327 -923.3750646727344247 70.9424741362463323 -929.0575258637536535
302 73.5681685126365750 -926.4318314873634108 70.9424741362463323 -929.0575258637536535
303 84.9093847161418012 -915.0906152838581420 70.9424741362463323 -929.0575258637536535
304 76.6841218970129859 -923.3158781029869715 70.9424741362463323 -929.0575258637536535
305 75.1928541764470282 -924.8071458235530145 70.9424741362463323 -929.0575258637536535
306 73.4399779136797122 -926.5600220863202594 70.9424741362463323 -929.0575258637536535
307 73.5294397212281865 -926.4705602787718135 70.9424741362463323 -929.0575258637536535
308 80.3044514702044694 -919.6955485297955875 70.9424741362463323 -929.0575258637536535
309 79.4453820231678520 -920.5546179768321053 70.9424741362463323 -929.0575258637536535
310 72.3090862291934542 -927.6909137708065600 70.9424741362463323 -929.0575258637536535
311 76.6940462589430041 -923.3059537410570101 70.9424741362463323 -929.0575258637536535
312 72.9801265196063582 -927.0198734803936986 70.9424741362463323 -929.0575258637536535
313 71.8886287381420175 -928.1113712618580394 70.9424741362463323 -929.0575258637536535
314 75.4230743953903016 -924.5769256046096416 70.9424741362463323 -929.0575258637536535
315 80.8368202962243885 -919.1631797037756542 70.9424741362463323 -929.0575258637536535
316 71.8068645450329939 -928.1931354549669777 70.9424741362463323 -929.0575258637536535
317 83.6631676008230727 -916.3368323991769557 70.9424741362463323 -929.0575258637536535
318 85.4727302145614942 -914.5272697854385342 70.9424741362463323 -929.0575258637536535
319 72.1400444458095933 -927.8599555541903783 70.9424741362463323 -929.0575258637536535
320 85.8761593077129533 -914.1238406922871036 70.9424741362463323 -929.0575258637536535
321 78.1810425024141864 -921.8189574975858704 70.9424741362463323 -929.0575258637536535
322 83.9441331852511894 -916.0558668147488106 70.9424741362463323 -929.0575258637536535
323 85.6563182012732796 -914.3436817987267204 70.9424741362463323 -929.0575258637536535
324 85.4510339163880559 -914.5489660836119583 70.9424741362463323 -929.0575258637536535
325 73.3456264350467677 -926.6543735649531754 70.9424741362463323 -929.0575258637536535
326 81.6006918574801432 -918.3993081425198852 70.9424741362463323 -929.0575258637536535
327 84.5809287524007516 -915.4190712475992768 70.9424741362463323 -929.0575258637536535
328 84.4614213196838790 -915.5385786803161636 70.9424741362463323 -929.0575258637536535
329 86.2796172108171930 -913.7203827891828496 70.9424741362463323 -929.0575258637536535
330 85.9872690298579556 -914.0127309701420018 70.9424741362463323 -929.0575258637536535
331 85.7540582080374492 -914.2459417919625366 70.9424741362463323 -929.0575258637536535
332 85.4301372054701602 -914.5698627945298540 70.9424741362463323 -929.0575258637536535
333 84.9967321288933420 -915.0032678711066865 70.9424741362463323 -929.0575258637536535
334 86.3977859652464986 -913.6022140347535014 70.9424741362463323 -929.0575258637536535
335 71.6479132971764017 -928.3520867028236125 70.9424741362463323 -929.0575258637536535
336 71.7266826221864591 -928.2733173778135551 70.9424741362463323 -929.0575258637536535
337 71.7713435622938363 -928.2286564377061495 70.9424741362463323 -929.0575258637536535
338 71.7833015885493637 -928.2166984114505794 70.9424741362463323 -929.0575258637536535
339 86.0120458019899985 -913.9879541980100157 70.9424741362463323 -929.0575258637536535
340 85.6921191391552668 -914.3078808608447616 70.9424741362463323 -929.0575258637536535
341 77.2221533247567038 -922.7778466752432678 70.9424741362463323 -929.0575258637536535
342 85.5584155481338371 -914.4415844518662198 70.9424741362463323 -929.0575258637536535
343 75.8749019886036251 -924.1250980113964033 70.9424741362463323 -929.0575258637536535
344 71.8106245681261726 -928.1893754318738274 70.9424741362463323 -929.0575258637536535
345 86.4242563458518447 -913.5757436541481411 70.9424741362463323 -929.0575258637536535
346 71.8472681890059306 -928.1527318109940552 70.9424741362463323 -929.0575258637536535
347 85.2886875494155277 -914.7113124505845008 70.9424741362463323 -929.0575258637536535
348 71.7020814261398129 -928.2979185738602155 70.9424741362463323 -929.0575258637536535
349 71.6884074181228641 -928.3115925818771075 70.9424741362463323 -929.0575258637536535
350 71.7617113265305733 -928.2382886734694694 70.9424741362463323 -929.0575258637536535
351 77.8467355299311095 -922.1532644700688479 70.9424741362463323 -929.0575258637536535
352 72.2228171607122249 -927.7771828392877751 70.9424741362463323 -929.0575258637536535
353 72.0202409949594227 -927.9797590050405915 70.9424741362463323 -929.0575258637536535
354 72.3322642134127136 -927.6677357865872864 70.9424741362463323 -929.0575258637536535
355 73.1145675206794152 -926.8854324793205706 70.9424741362463323 -929.0575258637536535
356 72.4751383027980154 -927.5248616972020272 70.9424741362463323 -929.0575258637536535
357 71.9839887956249385 -928.0160112043751042 70.9424741362463323 -929.0575258637536535
358 73.1447599496170398 -926.8552400503829176 70.9424741362463323 -929.0575258637536535
359 80.4885760096766489 -919.5114239903233511 70.9424741362463323 -929.0575258637536535
360 73.3920835841852437 -926.6079164158147705 70.9424741362463323 -929.0575258637536535
361 74.4509099290318090 -925.5490900709681910 70.9424741362463323 -929.0575258637536535
362 74.4601265892972748 -925.5398734107027394 70.9424741362463323 -929.0575258637536535
363 74.7429363658284842 -925.2570636341715726 70.9424741362463323 -929.0575258637536535
364 75.1309090495269061 -924.8690909504730371 70.9424741362463323 -929.0575258637536535
365 80.4862079821244834 -919.5137920178755166 70.9424741362463323 -929.0575258637536535
366 85.6593646640000799 -914.3406353359998775 70.9424741362463323 -929.0575258637536535
367 85.6171129241245694 -914.3828870758754874 70.9424741362463323 -929.0575258637536535
368 85.7209838974110312 -914.2790161025889120 70.9424741362463323 -929.0575258637536535
369 72.7343111763369308 -927.2656888236630266 70.9424741362463323 -929.0575258637536535
370 74.9386294525413348 -925.0613705474586368 70.9424741362463323 -929.0575258637536535
371 85.2401434148138577 -914.7598565851861849 70.9424741362463323 -929.0575258637536535
372 84.6146672368420099 -915.3853327631579759 70.9424741362463323 -929.0575258637536535
373 72.9578169210593046 -927.0421830789407522 70.9424741362463323 -929.0575258637536535
374 71.7037376998317342 -928.2962623001682232 70.9424741362463323 -929.0575258637536535
375 85.7127445162491028 -914.2872554837508687 70.9424741362463323 -929.0575258637536535
376 71.6049273197310754 -928.3950726802688678 70.9424741362463323 -929.0575258637536535
377 72.5021574790321921 -927.4978425209677653 70.9424741362463323 -929.0575258637536535
378 72.2284005895721180 -927.7715994104278252 70.9424741362463323 -929.0575258637536535
379 85.9245077057133102 -914.0754922942867324 70.9424741362463323 -929.0575258637536535
380 72.7585814803878606 -927.2414185196121252 70.9424741362463323 -929.0575258637536535
381 71.7195563344898090 -928.2804436655102336 70.9424741362463323 -929.0575258637536535
382 72.5605652238665186 -927.4394347761334529 70.9424741362463323 -929.0575258637536535
383 76.0093679975997105 -923.9906320024002753 70.9424741362463323 -929.0575258637536535
384 72.9262925588624569 -927.0737074411375715 70.9424741362463323 -929.0575258637536535
385 73.7729085285655088 -926.2270914714345054 70.9424741362463323 -929.0575258637536535
386 85.5160112432901514 -914.4839887567098913 70.9424741362463323 -929.0575258637536535
387 73.5751877376304577 -926.4248122623695281 70.9424741362463323 -929.0575258637536535
388 74.4801294666612677 -925.5198705333386897 70.9424741362463323 -929.0575258637536535
389 72.6754924169191128 -927.3245075830808446 70.9424741362463323 -929.0575258637536535
390 71.5387548730365239 -928.4612451269634903 70.9424741362463323 -929.0575258637536535
391 73.1808444712950177 -926.8191555287049823 70.9424741362463323 -929.0575258637536535
392 73.2839743965998593 -926.7160256034001122 70.9424741362463323 -929.0575258637536535
393 72.0112007663048814 -927.9887992336950902 70.9424741362463323 -929.0575258637536535
394 72.0968061392206749 -927.9031938607793109 70.9424741362463323 -929.0575258637536535
395 77.7405734001838624 -922.2594265998161518 70.9424741362463323 -929.0575258637536535
396 86.0873761580093344 -913.9126238419906940 70.9424741362463323 -929.0575258637536535
397 71.6475035579305484 -928.3524964420694232 70.9424741362463323 -929.0575258637536535
398 72.6356928031534324 -927.3643071968465392 70.9424741362463323 -929.0575258637536535
399 81.5141438752238798 -918.4858561247760917 70.9424741362463323 -929.0575258637536535
400 71.7956255370591379 -928.2043744629409048 70.9424741362463323 -929.0575258637536535
401 71.7969312493636664 -928.2030687506363620 70.9424741362463323 -929.0575258637536535
402 71.8305986268779009 -928.1694013731221276 70.9424741362463323 -929.0575258637536535
403 72.8168393925092090 -927.1831606074907768 70.9424741362463323 -929.0575258637536535
404 72.0574795841150291 -927.9425204158849283 70.9424741362463323 -929.0575258637536535
405 72.0721683410385481 -927.9278316589613951 70.9424741362463323 -929.0575258637536535
406 71.5013966833100909 -928.4986033166899233 70.9424741362463323 -929.0575258637536535
407 69.7513609526056655 -930.2486390473943629 69.7513609526056655 -930.2486390473943629
408 73.3583609868962299 -926.6416390131037133 69.7513609526056655 -930.2486390473943629
409 73.1647523167737148 -926.8352476832262710 69.7513609526056655 -930.2486390473943629
410 71.8537143622703383 -928.1462856377296475 69.7513609526056655 -930.2486390473943629
411 75.7449433820453208 -924.2550566179546649 69.7513609526056655 -930.2486390473943629
412 74.6117871583866332 -925.3882128416133810 69.7513609526056655 -930.2486390473943629
413 74.2216534787359876 -925.7783465212639840 69.7513609526056655 -930.2486390473943629
414 71.4303675209043121 -928.5696324790957306 69.7513609526056655 -930.2486390473943629
415 70.3369540791707379 -929.6630459208292905 69.7513609526056655 -930.2486390473943629
416 71.9338212561974188 -928.0661787438025385 69.7513609526056655 -930.2486390473943629
417 72.9526391122829807 -927.0473608877169909 69.7513609526056655 -930.2486390473943629
418 76.6549802005407201 -923.3450197994592372 69.7513609526056655 -930.2486390473943629
419 69.4802323177162151 -930.5197676822838275 69.4802323177162151 -930.5197676822838275
420 70.8979358236903607 -929.1020641763096819 69.4802323177162151 -930.5197676822838275
421 71.6401974772424950 -928.3598025227574908 69.4802323177162151 -930.5197676822838275
422 71.8917452832462800 -928.1082547167536632 69.4802323177162151 -930.5197676822838275
423 73.5543972955039465 -926.4456027044960820 69.4802323177162151 -930.5197676822838275
424 71.3780028704729688 -928.6219971295270170 69.4802323177162151 -930.5197676822838275
425 69.8358253102069284 -930.1641746897930716 69.4802323177162151 -930.5197676822838275
426 69.7347386213717186 -930.2652613786283382 69.4802323177162151 -930.5197676822838275
427 69.7480930730055775 -930.2519069269944794 69.4802323177162151 -930.5197676822838275
428 69.7372376718837756 -930.2627623281161959 69.4802323177162151 -930.5197676822838275
429 69.7195751678757176 -930.2804248321242540 69.4802323177162151 -930.5197676822838275
430 69.7080384962960977 -930.2919615037038739 69.4802323177162151 -930.5197676822838275
431 70.3180074518908214 -929.6819925481091786 69.4802323177162151 -930.5197676822838275
432 69.5375594385278362 -930.4624405614721354 69.4802323177162151 -930.5197676822838275
433 69.5595878147951368 -930.4404121852048775 69.4802323177162151 -930.5197676822838275
434 69.5661503087491866 -930.4338496912507708 69.4802323177162151 -930.5197676822838275
435 74.9053231920506164 -925.0946768079493268 69.4802323177162151 -930.5197676822838275
436 70.2713582242142536 -929.7286417757857180 69.4802323177162151 -930.5197676822838275
437 69.6616775371020225 -930.3383224628979633 69.4802323177162151 -930.5197676822838275
438 69.6103044431874451 -930.3896955568125122 69.4802323177162151 -930.5197676822838275
439 76.6473740084510666 -923.3526259915489618 69.4802323177162151 -930.5197676822838275
440 70.3300885613277984 -929.6699114386722158 69.4802323177162151 -930.5197676822838275
441 70.0112002073662438 -929.9887997926336993 69.4802323177162151 -930.5197676822838275
442 69.7930643456467408 -930.2069356543532876 69.4802323177162151 -930.5197676822838275
443 69.8944894419183953 -930.1055105580816189 69.4802323177162151 -930.5197676822838275
444 69.8272333438240338 -930.1727666561760088 69.4802323177162151 -930.5197676822838275
445 69.5728175418153825 -930.4271824581845749 69.4802323177162151 -930.5197676822838275
446 69.9689014962400080 -930.0310985037599494 69.4802323177162151 -930.5197676822838275
447 74.7731790578520759 -925.2268209421479241 69.4802323177162151 -930.5197676822838275
448 70.4415331638489874 -929.5584668361509557 69.4802323177162151 -930.5197676822838275
449 70.7731078004854766 -929.2268921995145092 69.4802323177162151 -930.5197676822838275
450 70.8999502859719257 -929.1000497140280459 69.4802323177162151 -930.5197676822838275
451 77.9248530830231374 -922.0751469169769052 69.4802323177162151 -930.5197676822838275
452 70.6280908470548212 -929.3719091529451362 69.4802323177162151 -930.5197676822838275
453 69.8783749140521309 -930.1216250859479260 69.4802323177162151 -930.5197676822838275
454 69.7648393883116853 -930.2351606116883431 69.4802323177162151 -930.5197676822838275
455 76.7424107896549685 -923.2575892103450315 69.4802323177162151 -930.5197676822838275
456 71.8009572434575460 -928.1990427565424397 69.4802323177162151 -930.5197676822838275
457 72.6339408386891421 -927.3660591613108863 69.4802323177162151 -930.5197676822838275
458 80.4227267085000790 -919.5772732914999779 69.4802323177162151 -930.5197676822838275
459 69.3781729862699450 -930.6218270137300124 69.3781729862699450 -930.6218270137300124
460 83.7369626137534482 -916.2630373862465376 69.3781729862699450 -930.6218270137300124
461 70.0760672984603872 -929.9239327015395702 69.3781729862699450 -930.6218270137300124
462 69.8109897220626863 -930.1890102779373137 69.3781729862699450 -930.6218270137300124
463 69.4497438992655276 -930.5502561007344866 69.3781729862699450 -930.6218270137300124
464 70.1699730479986812 -929.8300269520012762 69.3781729862699450 -930.6218270137300124
465 70.0279453391037947 -929.9720546608962195 69.3781729862699450 -930.6218270137300124
466 69.7356620402756562 -930.2643379597243438 69.3781729862699450 -930.6218270137300124
467 69.7867021998239352 -930.2132978001760648 69.3781729862699450 -930.6218270137300124
468 69.4856155794915367 -930.5143844205084633 69.3781729862699450 -930.6218270137300124
469 69.6613733721697059 -930.3386266278303083 69.3781729862699450 -930.6218270137300124
470 69.9506593777069554 -930.0493406222930162 69.3781729862699450 -930.6218270137300124
471 77.0400861052095962 -922.9599138947903612 69.3781729862699450 -930.6218270137300124
472 69.4948706687947322 -930.5051293312052394 69.3781729862699450 -930.6218270137300124
473 71.2258858533710963 -928.7741141466289037 69.3781729862699450 -930.6218270137300124
474 69.4034910075223905 -930.5965089924776521 69.3781729862699450 -930.6218270137300124
475 71.0399822614849086 -928.9600177385150346 69.3781729862699450 -930.6218270137300124
476 71.2846152473104269 -928.7153847526896016 69.3781729862699450 -930.6218270137300124
477 71.2688384452557813 -928.7311615547441761 69.3781729862699450 -930.6218270137300124
478 72.3006962693703485 -927.6993037306297083 69.3781729862699450 -930.6218270137300124
479 66.7330975539498610 -933.2669024460501532 66.7330975539498610 -933.2669024460501532
480 69.1455114886054645 -930.8544885113944929 66.7330975539498610 -933.2669024460501532
481 81.9629573370394695 -918.0370426629605163 66.7330975539498610 -933.2669024460501532
482 85.8409277392986780 -914.1590722607013504 66.7330975539498610 -933.2669024460501532
483 85.4184005177153409 -914.5815994822846733 66.7330975539498610 -933.2669024460501532
484 85.2950298921353891 -914.7049701078645967 66.7330975539498610 -933.2669024460501532
485 83.6927359739818115 -916.3072640260181743 66.7330975539498610 -933.2669024460501532
486 84.5048037350790082 -915.4951962649209918 66.7330975539498610 -933.2669024460501532
487 85.8466451851917043 -914.1533548148082673 66.7330975539498610 -933.2669024460501532
488 85.5485633252659170 -914.4514366747340546 66.7330975539498610 -933.2669024460501532
489 84.9427523023789632 -915.0572476976210510 66.7330975539498610 -933.2669024460501532
490 85.9058114676620761 -914.0941885323379665 66.7330975539498610 -933.2669024460501532
491 86.0775265375110905 -913.9224734624889379 66.7330975539498610 -933.2669024460501532
492 86.3687355346646513 -913.6312644653353345 66.7330975539498610 -933.2669024460501532
493 85.5516860520384483 -914.4483139479615375 66.7330975539498610 -933.2669024460501532
494 86.5046761327861162 -913.4953238672138696 66.7330975539498610 -933.2669024460501532
495 86.3086508677725419 -913.6913491322275149 66.7330975539498610 -933.2669024460501532
496 84.3842291134343583 -915.6157708865656559 66.7330975539498610 -933.2669024460501532
497 86.4025912559726521 -913.5974087440273479 66.7330975539498610 -933.2669024460501532
498 86.0283503795727142 -913.9716496204273426 66.7330975539498610 -933.2669024460501532
499 85.6280753294158359 -914.3719246705841215 66.7330975539498610 -933.2669024460501532
500 82.1654926168420587 -917.8345073831579839 66.7330975539498610 -933.2669024460501532
