evaluations raw_y current_y raw_y_best current_y_best
1 11920766.1718547772616148 11920556.2918547764420509 11920766.1718547772616148 11920556.2918547764420509
2 3927291.7549686944112182 3927081.8749686945229769 3927291.7549686944112182 3927081.8749686945229769
3 341484.6945600544568151 341274.8145600544521585 341484.6945600544568151 341274.8145600544521585
4 8229797.9677593642845750 8229588.0877593643963337 341484.6945600544568151 341274.8145600544521585
5 27316631.6885615251958370 27316421.8085615262389183 341484.6945600544568151 341274.8145600544521585
6 63539.3911861406304524 63329.5111861406330718 63539.3911861406304524 63329.5111861406330718
7 17097412.1235698722302914 17097202.2435698732733727 63539.3911861406304524 63329.5111861406330718
8 7422990.6374390218406916 7422780.7574390219524503 63539.3911861406304524 63329.5111861406330718
9 1553.7952573641041454 1343.9152573641040362 1553.7952573641041454 1343.9152573641040362
10 13400.8469990887988388 13190.9669990887996391 1553.7952573641041454 1343.9152573641040362
11 486992.2694503910024650 486782.3894503909978084 1553.7952573641041454 1343.9152573641040362
12 2824.5315704162026123 2614.6515704162025031 1553.7952573641041454 1343.9152573641040362
13 2073.6865622649979741 1863.8065622649978650 1553.7952573641041454 1343.9152573641040362
14 2326.4550562352769703 2116.5750562352768611 1553.7952573641041454 1343.9152573641040362
15 790.1954161626805444 580.3154161626805490 790.1954161626805444 580.3154161626805490
16 605.9790533621385293 396.0990533621385339 605.9790533621385293 396.0990533621385339
17 513.4553653647108149 303.5753653647108194 513.4553653647108149 303.5753653647108194
18 466.4664597024985824 256.5864597024985869 466.4664597024985824 256.5864597024985869
19 443.0277976506445157 233.1477976506445202 443.0277976506445157 233.1477976506445202
20 499.7186171767194764 289.8386171767194810 443.0277976506445157 233.1477976506445202
21 403.3685935442987898 193.4885935442987943 403.3685935442987898 193.4885935442987943
22 381.9231962600460406 172.0431962600460452 381.9231962600460406 172.0431962600460452
23 382.0190557452286839 172.1390557452286885 381.9231962600460406 172.0431962600460452
24 346.9400020154794788 137.0600020154794834 346.9400020154794788 137.0600020154794834
25 363.0770480765634147 153.1970480765634193 346.9400020154794788 137.0600020154794834
26 327.2943939395248094 117.4143939395248140 327.2943939395248094 117.4143939395248140
27 344.6003042392123348 134.7203042392123393 327.2943939395248094 117.4143939395248140
28 311.4825330006106014 101.6025330006106060 311.4825330006106014 101.6025330006106060
29 295.9114431581650138 86.0314431581650183 295.9114431581650138 86.0314431581650183
30 319.7336511430502810 109.8536511430502856 295.9114431581650138 86.0314431581650183
31 290.5395138188690680 80.6595138188690726 290.5395138188690680 80.6595138188690726
32 278.9597807581116626 69.0797807581116672 278.9597807581116626 69.0797807581116672
33 269.4015111166026486 59.5215111166026531 269.4015111166026486 59.5215111166026531
34 289.3316911027621359 79.4516911027621404 269.4015111166026486 59.5215111166026531
35 273.8002358867422004 63.9202358867422049 269.4015111166026486 59.5215111166026531
36 262.3924293261016487 52.5124293261016533 262.3924293261016487 52.5124293261016533
37 258.0595206989677308 48.1795206989677354 258.0595206989677308 48.1795206989677354
38 254.1554440656486520 44.2754440656486565 254.1554440656486520 44.2754440656486565
39 251.7264261135289303 41.8464261135289348 251.7264261135289303 41.8464261135289348
40 250.7049566504751112 40.8249566504751158 250.7049566504751112 40.8249566504751158
41 250.3071452897681866 40.4271452897681911 250.3071452897681866 40.4271452897681911
42 250.1341242509213316 40.2541242509213362 250.1341242509213316 40.2541242509213362
43 250.2708588136874539 40.3908588136874585 250.1341242509213316 40.2541242509213362
44 252.6384989829829806 42.7584989829829851 250.1341242509213316 40.2541242509213362
45 255.9528956368392869 46.0728956368392915 250.1341242509213316 40.2541242509213362
46 261.7844108928461537 51.9044108928461583 250.1341242509213316 40.2541242509213362
47 267.7133215890301017 57.8333215890301062 250.1341242509213316 40.2541242509213362
48 276.8858130940633941 67.0058130940633987 250.1341242509213316 40.2541242509213362
49 317.7020719567228184 107.8220719567228230 250.1341242509213316 40.2541242509213362
50 302.5774228683314959 92.6974228683315005 250.1341242509213316 40.2541242509213362
51 327.9795049957527340 118.0995049957527385 250.1341242509213316 40.2541242509213362
52 360.8187602948873405 150.9387602948873450 250.1341242509213316 40.2541242509213362
53 402.8012946028757142 192.9212946028757187 250.1341242509213316 40.2541242509213362
54 452.7016134664957576 242.8216134664957622 250.1341242509213316 40.2541242509213362
55 504.9274719439678734 295.0474719439678779 250.1341242509213316 40.2541242509213362
56 559.0446651707054571 349.1646651707054616 250.1341242509213316 40.2541242509213362
57 612.7412129986829541 402.8612129986829586 250.1341242509213316 40.2541242509213362
58 664.7042555121505529 454.8242555121505575 250.1341242509213316 40.2541242509213362
59 712.1452001706112469 502.2652001706112515 250.1341242509213316 40.2541242509213362
60 764.3271677498468080 554.4471677498468125 250.1341242509213316 40.2541242509213362
61 812.3540242359947570 602.4740242359947615 250.1341242509213316 40.2541242509213362
62 851.7936184791005871 641.9136184791005917 250.1341242509213316 40.2541242509213362
63 901.5371859621548083 691.6571859621548128 250.1341242509213316 40.2541242509213362
64 943.7714865852071853 733.8914865852071898 250.1341242509213316 40.2541242509213362
65 983.8722018587972116 773.9922018587972161 250.1341242509213316 40.2541242509213362
66 1024.2733696661998692 814.3933696661998738 250.1341242509213316 40.2541242509213362
67 1062.8779331929781620 852.9979331929781665 250.1341242509213316 40.2541242509213362
68 1080.0526680907455557 870.1726680907455602 250.1341242509213316 40.2541242509213362
69 1134.5187216990818797 924.6387216990818843 250.1341242509213316 40.2541242509213362
70 1168.8962023200278963 959.0162023200279009 250.1341242509213316 40.2541242509213362
71 1209.6675023314753616 999.7875023314753662 250.1341242509213316 40.2541242509213362
72 1223.3494651672058353 1013.4694651672058399 250.1341242509213316 40.2541242509213362
73 1257.7529578826984107 1047.8729578826983015 250.1341242509213316 40.2541242509213362
74 1286.0777273876485651 1076.1977273876486834 250.1341242509213316 40.2541242509213362
75 1336.1678306854064431 1126.2878306854063339 250.1341242509213316 40.2541242509213362
76 1334.5911866480298613 1124.7111866480299796 250.1341242509213316 40.2541242509213362
77 1362.9139010558174050 1153.0339010558172959 250.1341242509213316 40.2541242509213362
78 1426.9426687400728042 1217.0626687400726951 250.1341242509213316 40.2541242509213362
79 1404.9553168752063357 1195.0753168752062265 250.1341242509213316 40.2541242509213362
80 1430.4550032256570375 1220.5750032256569284 250.1341242509213316 40.2541242509213362
81 1503.2403174439702980 1293.3603174439704162 250.1341242509213316 40.2541242509213362
82 1462.4438035437246981 1252.5638035437245890 250.1341242509213316 40.2541242509213362
83 1549.8857239714029674 1340.0057239714028583 250.1341242509213316 40.2541242509213362
84 1496.3698907332022827 1286.4898907332021736 250.1341242509213316 40.2541242509213362
85 1519.6605557358068381 1309.7805557358069564 250.1341242509213316 40.2541242509213362
86 1614.5166641417210940 1404.6366641417212122 250.1341242509213316 40.2541242509213362
87 1546.5522225637928386 1336.6722225637927295 250.1341242509213316 40.2541242509213362
88 1663.7688655041165475 1453.8888655041164384 250.1341242509213316 40.2541242509213362
89 1575.7285892885245175 1365.8485892885246358 250.1341242509213316 40.2541242509213362
90 1596.8367828578018361 1386.9567828578019544 250.1341242509213316 40.2541242509213362
91 1605.4460078357442399 1395.5660078357441307 250.1341242509213316 40.2541242509213362
92 1719.5413911387670396 1509.6613911387671578 250.1341242509213316 40.2541242509213362
93 1633.8616783175807541 1423.9816783175806449 250.1341242509213316 40.2541242509213362
94 1746.2978664345839661 1536.4178664345840843 250.1341242509213316 40.2541242509213362
95 1654.8987453307661326 1445.0187453307662508 250.1341242509213316 40.2541242509213362
96 1766.2034310155006551 1556.3234310155007734 250.1341242509213316 40.2541242509213362
97 1674.9158450341783464 1465.0358450341782373 250.1341242509213316 40.2541242509213362
98 1687.9272603364345287 1478.0472603364346469 250.1341242509213316 40.2541242509213362
99 1807.0446687236528760 1597.1646687236529942 250.1341242509213316 40.2541242509213362
100 1710.3551627837387059 1500.4751627837385968 250.1341242509213316 40.2541242509213362
