evaluations raw_y current_y raw_y_best current_y_best
1 3115434.6666594832204282 3115224.7866594833321869 3115434.6666594832204282 3115224.7866594833321869
2 4788847.7066892590373755 4788637.8266892591491342 3115434.6666594832204282 3115224.7866594833321869
3 1128414.1125928605906665 1128204.2325928607024252 1128414.1125928605906665 1128204.2325928607024252
4 50636722.1671277210116386 50636512.2871277183294296 1128414.1125928605906665 1128204.2325928607024252
5 42132507.5188529938459396 42132297.6388529911637306 1128414.1125928605906665 1128204.2325928607024252
6 9151162.0165415368974209 9150952.1365415360778570 1128414.1125928605906665 1128204.2325928607024252
7 4491904.7325121136382222 4491694.8525121137499809 1128414.1125928605906665 1128204.2325928607024252
8 21825001.1139131188392639 21824791.2339131198823452 1128414.1125928605906665 1128204.2325928607024252
9 172036.9301602769992314 171827.0501602769945748 172036.9301602769992314 171827.0501602769945748
10 2423478.5891660102643073 2423268.7091660103760660 172036.9301602769992314 171827.0501602769945748
11 2361484.5708313332870603 2361274.6908313333988190 172036.9301602769992314 171827.0501602769945748
12 564450.2608880396001041 564240.3808880395954475 172036.9301602769992314 171827.0501602769945748
13 1110594.6971394000574946 1110384.8171394001692533 172036.9301602769992314 171827.0501602769945748
14 518718.4278222131542861 518508.5478222131496295 172036.9301602769992314 171827.0501602769945748
15 2264522.6373324277810752 2264312.7573324278928339 172036.9301602769992314 171827.0501602769945748
16 967754.2460982287302613 967544.3660982287256047 172036.9301602769992314 171827.0501602769945748
17 539318.8665449190884829 539108.9865449190838262 172036.9301602769992314 171827.0501602769945748
18 1076648.9952329569496214 1076439.1152329570613801 172036.9301602769992314 171827.0501602769945748
19 2790666.5200881422497332 2790456.6400881423614919 172036.9301602769992314 171827.0501602769945748
20 788255.3790708435699344 788045.4990708435652778 172036.9301602769992314 171827.0501602769945748
21 330946.1954782303655520 330736.3154782303608954 172036.9301602769992314 171827.0501602769945748
22 173062.1397583462530747 172852.2597583462484181 172036.9301602769992314 171827.0501602769945748
23 146208.6301125511818100 145998.7501125511771534 146208.6301125511818100 145998.7501125511771534
24 2006004.9710304834879935 2005795.0910304835997522 146208.6301125511818100 145998.7501125511771534
25 2164629.2202995624393225 2164419.3402995625510812 146208.6301125511818100 145998.7501125511771534
26 257290.2716814710875042 257080.3916814710828476 146208.6301125511818100 145998.7501125511771534
27 853789.9841627926798537 853580.1041627926751971 146208.6301125511818100 145998.7501125511771534
28 210255.2057817286113277 210045.3257817286066711 146208.6301125511818100 145998.7501125511771534
29 504621.9019785415148363 504412.0219785415101796 146208.6301125511818100 145998.7501125511771534
30 1042183.9222491754917428 1041974.0422491754870862 146208.6301125511818100 145998.7501125511771534
31 72155.5017564512963872 71945.6217564512917306 72155.5017564512963872 71945.6217564512917306
32 298177.4344179117470048 297967.5544179117423482 72155.5017564512963872 71945.6217564512917306
33 1058820.5174116613343358 1058610.6374116614460945 72155.5017564512963872 71945.6217564512917306
34 747123.9314033673144877 746914.0514033673098311 72155.5017564512963872 71945.6217564512917306
35 183715.0827082651085220 183505.2027082651038654 72155.5017564512963872 71945.6217564512917306
36 684908.2773735679220408 684698.3973735679173842 72155.5017564512963872 71945.6217564512917306
37 2152171.7430138513445854 2151961.8630138514563441 72155.5017564512963872 71945.6217564512917306
38 324670.2225711917271838 324460.3425711917225271 72155.5017564512963872 71945.6217564512917306
39 384875.6484549499000423 384665.7684549498953857 72155.5017564512963872 71945.6217564512917306
40 780617.9106619970407337 780408.0306619970360771 72155.5017564512963872 71945.6217564512917306
41 559066.9538785137701780 558857.0738785137655213 72155.5017564512963872 71945.6217564512917306
42 380638.5902125289430842 380428.7102125289384276 72155.5017564512963872 71945.6217564512917306
43 244412.3255492717726156 244202.4455492717679590 72155.5017564512963872 71945.6217564512917306
44 420278.6115291630849242 420068.7315291630802676 72155.5017564512963872 71945.6217564512917306
45 745939.8833146441029385 745730.0033146440982819 72155.5017564512963872 71945.6217564512917306
46 412549.1357492055976763 412339.2557492055930197 72155.5017564512963872 71945.6217564512917306
47 2632580.4262675419449806 2632370.5462675420567393 72155.5017564512963872 71945.6217564512917306
48 863918.2663361928425729 863708.3863361928379163 72155.5017564512963872 71945.6217564512917306
49 788669.8458890770561993 788459.9658890770515427 72155.5017564512963872 71945.6217564512917306
50 679508.3528001712402329 679298.4728001712355763 72155.5017564512963872 71945.6217564512917306
51 375368.3925838577561080 375158.5125838577514514 72155.5017564512963872 71945.6217564512917306
52 1504658.4468287746421993 1504448.5668287747539580 72155.5017564512963872 71945.6217564512917306
53 836812.0792393272276968 836602.1992393272230402 72155.5017564512963872 71945.6217564512917306
54 738747.8223308279411867 738537.9423308279365301 72155.5017564512963872 71945.6217564512917306
55 347812.6670672922628000 347602.7870672922581434 72155.5017564512963872 71945.6217564512917306
56 1131833.6602231559809297 1131623.7802231560926884 72155.5017564512963872 71945.6217564512917306
57 725325.3786356905475259 725115.4986356905428693 72155.5017564512963872 71945.6217564512917306
58 247413.1416314707021229 247203.2616314706974663 72155.5017564512963872 71945.6217564512917306
59 281144.7427741262363270 280934.8627741262316704 72155.5017564512963872 71945.6217564512917306
60 1141975.5583174624480307 1141765.6783174625597894 72155.5017564512963872 71945.6217564512917306
61 668178.0915045998990536 667968.2115045998943970 72155.5017564512963872 71945.6217564512917306
62 227258.7488634895998985 227048.8688634895952418 72155.5017564512963872 71945.6217564512917306
63 291034.5855915923020802 290824.7055915922974236 72155.5017564512963872 71945.6217564512917306
64 310540.4319456121884286 310330.5519456121837720 72155.5017564512963872 71945.6217564512917306
65 317164.4153403090313077 316954.5353403090266511 72155.5017564512963872 71945.6217564512917306
66 705516.2735620557796210 705306.3935620557749644 72155.5017564512963872 71945.6217564512917306
67 443773.5532252534758300 443563.6732252534711733 72155.5017564512963872 71945.6217564512917306
68 517875.1720149258617312 517665.2920149258570746 72155.5017564512963872 71945.6217564512917306
69 360462.5422403923003003 360252.6622403922956437 72155.5017564512963872 71945.6217564512917306
70 507759.7199478738475591 507549.8399478738429025 72155.5017564512963872 71945.6217564512917306
71 691612.5017130869673565 691402.6217130869626999 72155.5017564512963872 71945.6217564512917306
72 375965.4760164880426601 375755.5960164880380034 72155.5017564512963872 71945.6217564512917306
73 808336.4698331879917532 808126.5898331879870966 72155.5017564512963872 71945.6217564512917306
74 742151.7651893179863691 741941.8851893179817125 72155.5017564512963872 71945.6217564512917306
75 257167.2832439385238104 256957.4032439385191537 72155.5017564512963872 71945.6217564512917306
76 544152.2949220431037247 543942.4149220430990681 72155.5017564512963872 71945.6217564512917306
77 2557882.5579542801715434 2557672.6779542802833021 72155.5017564512963872 71945.6217564512917306
78 1845822.2351133315823972 1845612.3551133316941559 72155.5017564512963872 71945.6217564512917306
79 274483.4360231334576383 274273.5560231334529817 72155.5017564512963872 71945.6217564512917306
80 546634.6115423763403669 546424.7315423763357103 72155.5017564512963872 71945.6217564512917306
81 223718.7636007618275471 223508.8836007618228905 72155.5017564512963872 71945.6217564512917306
82 1015570.1353940550470725 1015360.2553940550424159 72155.5017564512963872 71945.6217564512917306
83 197893.3118728756962810 197683.4318728756916244 72155.5017564512963872 71945.6217564512917306
84 419727.9962914740899578 419518.1162914740853012 72155.5017564512963872 71945.6217564512917306
85 239926.4369714952190407 239716.5569714952143840 72155.5017564512963872 71945.6217564512917306
86 1031025.2938853311352432 1030815.4138853311305866 72155.5017564512963872 71945.6217564512917306
87 459737.4775115202646703 459527.5975115202600136 72155.5017564512963872 71945.6217564512917306
88 309089.6748947795713320 308879.7948947795666754 72155.5017564512963872 71945.6217564512917306
89 773228.5208735722117126 773018.6408735722070560 72155.5017564512963872 71945.6217564512917306
90 356579.0790662014624104 356369.1990662014577538 72155.5017564512963872 71945.6217564512917306
91 397448.4814396080328152 397238.6014396080281585 72155.5017564512963872 71945.6217564512917306
92 234015.3049180159578100 233805.4249180159531534 72155.5017564512963872 71945.6217564512917306
93 1022737.2642521419329569 1022527.3842521419283003 72155.5017564512963872 71945.6217564512917306
94 1153583.2354676316026598 1153373.3554676317144185 72155.5017564512963872 71945.6217564512917306
95 2944885.6462800847366452 2944675.7662800848484039 72155.5017564512963872 71945.6217564512917306
96 764593.9343191012740135 764384.0543191012693569 72155.5017564512963872 71945.6217564512917306
97 843670.1234185574576259 843460.2434185574529693 72155.5017564512963872 71945.6217564512917306
98 333494.9356327030691318 333285.0556327030644752 72155.5017564512963872 71945.6217564512917306
99 414096.8014252063585445 413886.9214252063538879 72155.5017564512963872 71945.6217564512917306
100 395229.2554943556897342 395019.3754943556850776 72155.5017564512963872 71945.6217564512917306
101 623480.1397779342951253 623270.2597779342904687 72155.5017564512963872 71945.6217564512917306
102 1678991.5725719672627747 1678781.6925719673745334 72155.5017564512963872 71945.6217564512917306
103 860623.7263505039736629 860413.8463505039690062 72155.5017564512963872 71945.6217564512917306
104 415810.9709254599292763 415601.0909254599246196 72155.5017564512963872 71945.6217564512917306
105 714186.2818583796033636 713976.4018583795987070 72155.5017564512963872 71945.6217564512917306
106 276818.4696695239399560 276608.5896695239352994 72155.5017564512963872 71945.6217564512917306
107 337525.7874918549787253 337315.9074918549740687 72155.5017564512963872 71945.6217564512917306
108 261632.4721199378836900 261422.5921199378790334 72155.5017564512963872 71945.6217564512917306
109 1152450.4819004847668111 1152240.6019004848785698 72155.5017564512963872 71945.6217564512917306
110 696173.8851313277846202 695964.0051313277799636 72155.5017564512963872 71945.6217564512917306
111 428644.5620566214201972 428434.6820566214155406 72155.5017564512963872 71945.6217564512917306
112 337762.0003294912748970 337552.1203294912702404 72155.5017564512963872 71945.6217564512917306
113 640468.4863513479940593 640258.6063513479894027 72155.5017564512963872 71945.6217564512917306
114 221103.5732013909728266 220893.6932013909681700 72155.5017564512963872 71945.6217564512917306
115 667068.9696739154169336 666859.0896739154122770 72155.5017564512963872 71945.6217564512917306
116 763832.9911156365415081 763623.1111156365368515 72155.5017564512963872 71945.6217564512917306
117 1046302.8635005825199187 1046092.9835005825152621 72155.5017564512963872 71945.6217564512917306
118 378752.2125721603515558 378542.3325721603468992 72155.5017564512963872 71945.6217564512917306
119 262997.5542911513475701 262787.6742911513429135 72155.5017564512963872 71945.6217564512917306
120 765951.1747632340993732 765741.2947632340947166 72155.5017564512963872 71945.6217564512917306
121 317448.3737244239309803 317238.4937244239263237 72155.5017564512963872 71945.6217564512917306
122 373189.0613593601738103 372979.1813593601691537 72155.5017564512963872 71945.6217564512917306
123 364001.4067527006845921 363791.5267527006799355 72155.5017564512963872 71945.6217564512917306
124 982957.5565095230704173 982747.6765095230657607 72155.5017564512963872 71945.6217564512917306
125 704261.3114338110899553 704051.4314338110852987 72155.5017564512963872 71945.6217564512917306
126 347360.2846643234370276 347150.4046643234323710 72155.5017564512963872 71945.6217564512917306
127 387976.0914913043961860 387766.2114913043915294 72155.5017564512963872 71945.6217564512917306
128 310993.8724785843514837 310783.9924785843468271 72155.5017564512963872 71945.6217564512917306
129 2582276.6208108281716704 2582066.7408108282834291 72155.5017564512963872 71945.6217564512917306
130 413960.2204307195497677 413750.3404307195451111 72155.5017564512963872 71945.6217564512917306
131 324058.3671954849269241 323848.4871954849222675 72155.5017564512963872 71945.6217564512917306
132 291607.7612159777199849 291397.8812159777153283 72155.5017564512963872 71945.6217564512917306
133 733778.1313995886594057 733568.2513995886547491 72155.5017564512963872 71945.6217564512917306
134 344840.7049004128202796 344630.8249004128156230 72155.5017564512963872 71945.6217564512917306
135 240609.1241090983094182 240399.2441090983047616 72155.5017564512963872 71945.6217564512917306
136 706962.9077022401615977 706753.0277022401569411 72155.5017564512963872 71945.6217564512917306
137 260300.4116804805526044 260090.5316804805479478 72155.5017564512963872 71945.6217564512917306
138 430128.4882061579846777 429918.6082061579800211 72155.5017564512963872 71945.6217564512917306
139 1083151.9634352889843285 1082942.0834352890960872 72155.5017564512963872 71945.6217564512917306
140 375853.1256663057138212 375643.2456663057091646 72155.5017564512963872 71945.6217564512917306
141 836813.1721735799219459 836603.2921735799172893 72155.5017564512963872 71945.6217564512917306
142 752078.4351638164371252 751868.5551638164324686 72155.5017564512963872 71945.6217564512917306
143 299070.0636114783119410 298860.1836114783072844 72155.5017564512963872 71945.6217564512917306
144 570173.4161358360433951 569963.5361358360387385 72155.5017564512963872 71945.6217564512917306
145 457093.0364156014402397 456883.1564156014355831 72155.5017564512963872 71945.6217564512917306
146 427540.7355602793977596 427330.8555602793931030 72155.5017564512963872 71945.6217564512917306
147 700579.9055709192762151 700370.0255709192715585 72155.5017564512963872 71945.6217564512917306
148 294216.2591718315961771 294006.3791718315915205 72155.5017564512963872 71945.6217564512917306
149 1157985.8671440307516605 1157775.9871440308634192 72155.5017564512963872 71945.6217564512917306
150 304253.0744775997009128 304043.1944775996962562 72155.5017564512963872 71945.6217564512917306
151 1381757.5472023820038885 1381547.6672023821156472 72155.5017564512963872 71945.6217564512917306
152 280428.2375087438267656 280218.3575087438221090 72155.5017564512963872 71945.6217564512917306
153 524439.7649656743742526 524229.8849656743695959 72155.5017564512963872 71945.6217564512917306
154 558771.3240193412639201 558561.4440193412592635 72155.5017564512963872 71945.6217564512917306
155 339331.5989360040985048 339121.7189360040938482 72155.5017564512963872 71945.6217564512917306
156 791323.3245973545126617 791113.4445973545080051 72155.5017564512963872 71945.6217564512917306
157 292972.6440485137864016 292762.7640485137817450 72155.5017564512963872 71945.6217564512917306
158 267623.6306459002662450 267413.7506459002615884 72155.5017564512963872 71945.6217564512917306
159 381734.0085596235003322 381524.1285596234956756 72155.5017564512963872 71945.6217564512917306
160 552167.3036209689453244 551957.4236209689406678 72155.5017564512963872 71945.6217564512917306
161 344264.4778890304733068 344054.5978890304686502 72155.5017564512963872 71945.6217564512917306
162 236014.2018854526104406 235804.3218854526057839 72155.5017564512963872 71945.6217564512917306
163 895008.3899444321868941 894798.5099444321822375 72155.5017564512963872 71945.6217564512917306
164 210604.5097519218106754 210394.6297519218060188 72155.5017564512963872 71945.6217564512917306
165 712370.7650527998339385 712160.8850527998292819 72155.5017564512963872 71945.6217564512917306
166 386642.9029295152868144 386433.0229295152821578 72155.5017564512963872 71945.6217564512917306
167 245029.9196297562739346 244820.0396297562692780 72155.5017564512963872 71945.6217564512917306
168 458062.6569714831421152 457852.7769714831374586 72155.5017564512963872 71945.6217564512917306
169 437087.2535370622063056 436877.3735370622016490 72155.5017564512963872 71945.6217564512917306
170 2077907.2961807616520673 2077697.4161807617638260 72155.5017564512963872 71945.6217564512917306
171 345666.3496484856586903 345456.4696484856540337 72155.5017564512963872 71945.6217564512917306
172 395803.7400728559587151 395593.8600728559540585 72155.5017564512963872 71945.6217564512917306
173 279724.3138136477209628 279514.4338136477163061 72155.5017564512963872 71945.6217564512917306
174 878821.7021192254032940 878611.8221192253986374 72155.5017564512963872 71945.6217564512917306
175 1953517.6456373711116612 1953307.7656373712234199 72155.5017564512963872 71945.6217564512917306
176 350000.5303510160883889 349790.6503510160837322 72155.5017564512963872 71945.6217564512917306
177 1323717.7168321798089892 1323507.8368321799207479 72155.5017564512963872 71945.6217564512917306
178 330602.9018445939291269 330393.0218445939244702 72155.5017564512963872 71945.6217564512917306
179 405340.4965314783621579 405130.6165314783575013 72155.5017564512963872 71945.6217564512917306
180 727059.7331455603707582 726849.8531455603661016 72155.5017564512963872 71945.6217564512917306
181 502106.7764411311363801 501896.8964411311317235 72155.5017564512963872 71945.6217564512917306
182 421290.6245572706684470 421080.7445572706637904 72155.5017564512963872 71945.6217564512917306
183 210750.3638510222663172 210540.4838510222616605 72155.5017564512963872 71945.6217564512917306
184 334639.9017699599498883 334430.0217699599452317 72155.5017564512963872 71945.6217564512917306
185 242980.7118037228356116 242770.8318037228309549 72155.5017564512963872 71945.6217564512917306
186 315139.1933010671054944 314929.3133010671008378 72155.5017564512963872 71945.6217564512917306
187 238585.7950548353546765 238375.9150548353500199 72155.5017564512963872 71945.6217564512917306
188 1710922.6012896024622023 1710712.7212896025739610 72155.5017564512963872 71945.6217564512917306
189 731757.6403259595390409 731547.7603259595343843 72155.5017564512963872 71945.6217564512917306
190 350028.1858929065056145 349818.3058929065009579 72155.5017564512963872 71945.6217564512917306
191 324347.8998857466503978 324138.0198857466457412 72155.5017564512963872 71945.6217564512917306
192 371001.1028426354168914 370791.2228426354122348 72155.5017564512963872 71945.6217564512917306
193 277546.6869128876714967 277336.8069128876668401 72155.5017564512963872 71945.6217564512917306
194 219303.9112368141068146 219094.0312368141021580 72155.5017564512963872 71945.6217564512917306
195 227718.8551665923150722 227508.9751665923104156 72155.5017564512963872 71945.6217564512917306
196 230046.1577388247824274 229836.2777388247777708 72155.5017564512963872 71945.6217564512917306
197 967894.8723742070142180 967684.9923742070095614 72155.5017564512963872 71945.6217564512917306
198 267619.6948275651666336 267409.8148275651619770 72155.5017564512963872 71945.6217564512917306
199 290482.7564184510847554 290272.8764184510800987 72155.5017564512963872 71945.6217564512917306
200 2125662.4165290775708854 2125452.5365290776826441 72155.5017564512963872 71945.6217564512917306
