evaluations raw_y current_y raw_y_best current_y_best
1 631093.3696410887641832 631242.5196410887874663 631093.3696410887641832 631242.5196410887874663
2 613015.7775665705557913 613164.9275665705790743 613015.7775665705557913 613164.9275665705790743
3 455372.0043666767305695 455521.1543666767538525 455372.0043666767305695 455521.1543666767538525
4 980617.2272652159444988 980766.3772652159677818 455372.0043666767305695 455521.1543666767538525
5 271345.9208471029414795 271495.0708471029647626 271345.9208471029414795 271495.0708471029647626
6 481124.1752737585920841 481273.3252737586153671 271345.9208471029414795 271495.0708471029647626
7 323931.9818423866527155 324081.1318423866759986 271345.9208471029414795 271495.0708471029647626
8 404131.7482209657318890 404280.8982209657551721 271345.9208471029414795 271495.0708471029647626
9 271353.8073120122426189 271502.9573120122659020 271345.9208471029414795 271495.0708471029647626
10 817045.7498329518130049 817194.8998329518362880 271345.9208471029414795 271495.0708471029647626
11 529487.5511467185569927 529636.7011467185802758 271345.9208471029414795 271495.0708471029647626
12 698338.3606778233079240 698487.5106778233312070 271345.9208471029414795 271495.0708471029647626
13 265374.0282008500653319 265523.1782008500886150 265374.0282008500653319 265523.1782008500886150
14 591871.2670525889843702 592020.4170525890076533 265374.0282008500653319 265523.1782008500886150
15 357989.5365459561580792 358138.6865459561813623 265374.0282008500653319 265523.1782008500886150
16 517545.2855472650844604 517694.4355472651077434 265374.0282008500653319 265523.1782008500886150
17 1044118.1277107830392197 1044267.2777107830625027 265374.0282008500653319 265523.1782008500886150
18 369321.8291103313094936 369470.9791103313327767 265374.0282008500653319 265523.1782008500886150
19 370456.4829520194907673 370605.6329520195140503 265374.0282008500653319 265523.1782008500886150
20 706633.3292369437403977 706782.4792369437636808 265374.0282008500653319 265523.1782008500886150
21 755367.6955187020357698 755516.8455187020590529 265374.0282008500653319 265523.1782008500886150
22 360063.0030924012535252 360212.1530924012768082 265374.0282008500653319 265523.1782008500886150
23 552853.5108603455591947 553002.6608603455824777 265374.0282008500653319 265523.1782008500886150
24 819431.5956708171870559 819580.7456708172103390 265374.0282008500653319 265523.1782008500886150
25 473907.0251839824486524 474056.1751839824719355 265374.0282008500653319 265523.1782008500886150
26 461079.8209167174645700 461228.9709167174878530 265374.0282008500653319 265523.1782008500886150
27 250325.9467789292102680 250475.0967789292044472 250325.9467789292102680 250475.0967789292044472
28 676980.4821846048580483 677129.6321846048813313 250325.9467789292102680 250475.0967789292044472
29 271334.9173953511635773 271484.0673953511868604 250325.9467789292102680 250475.0967789292044472
30 702499.4583386302692816 702648.6083386302925646 250325.9467789292102680 250475.0967789292044472
31 407947.1356691805995069 408096.2856691806227900 250325.9467789292102680 250475.0967789292044472
32 531880.4394351952942088 532029.5894351953174919 250325.9467789292102680 250475.0967789292044472
33 734557.2248494517989457 734706.3748494518222287 250325.9467789292102680 250475.0967789292044472
34 283212.4774152314057574 283361.6274152314290404 250325.9467789292102680 250475.0967789292044472
35 690886.2516728650080040 691035.4016728650312871 250325.9467789292102680 250475.0967789292044472
36 210160.7938705552078318 210309.9438705552020110 210160.7938705552078318 210309.9438705552020110
37 835939.9983378197066486 836089.1483378197299317 210160.7938705552078318 210309.9438705552020110
38 549341.1260470928391442 549490.2760470928624272 210160.7938705552078318 210309.9438705552020110
39 400384.1979498176369816 400533.3479498176602647 210160.7938705552078318 210309.9438705552020110
40 194860.3488765074289404 195009.4988765074231196 194860.3488765074289404 195009.4988765074231196
41 399923.7227682801312767 400072.8727682801545598 194860.3488765074289404 195009.4988765074231196
42 344513.9749934473657049 344663.1249934473889880 194860.3488765074289404 195009.4988765074231196
43 415033.3899547085165977 415182.5399547085398808 194860.3488765074289404 195009.4988765074231196
44 310302.4514870488783345 310451.6014870489016175 194860.3488765074289404 195009.4988765074231196
45 740636.8794307471252978 740786.0294307471485808 194860.3488765074289404 195009.4988765074231196
46 221224.1362880384840537 221373.2862880384782329 194860.3488765074289404 195009.4988765074231196
47 441221.3847541240975261 441370.5347541241208091 194860.3488765074289404 195009.4988765074231196
48 208739.2074723680561874 208888.3574723680503666 194860.3488765074289404 195009.4988765074231196
49 744805.4666218528291211 744954.6166218528524041 194860.3488765074289404 195009.4988765074231196
50 320424.6925857767346315 320573.8425857767579146 194860.3488765074289404 195009.4988765074231196
51 622763.8967626920202747 622913.0467626920435578 194860.3488765074289404 195009.4988765074231196
52 445251.3661867814371362 445400.5161867814604193 194860.3488765074289404 195009.4988765074231196
53 715362.8013529168674722 715511.9513529168907553 194860.3488765074289404 195009.4988765074231196
54 471006.3509944126126356 471155.5009944126359187 194860.3488765074289404 195009.4988765074231196
55 646840.8625491349957883 646990.0125491350190714 194860.3488765074289404 195009.4988765074231196
56 119988.9447298020386370 120138.0947298020328162 119988.9447298020386370 120138.0947298020328162
57 386278.7905975242028944 386427.9405975242261775 119988.9447298020386370 120138.0947298020328162
58 381662.1718432151246816 381811.3218432151479647 119988.9447298020386370 120138.0947298020328162
59 606171.9033096499042585 606321.0533096499275416 119988.9447298020386370 120138.0947298020328162
60 400521.6361750186770223 400670.7861750187003054 119988.9447298020386370 120138.0947298020328162
61 467344.4183124978444539 467493.5683124978677370 119988.9447298020386370 120138.0947298020328162
62 445972.1731105800135992 446121.3231105800368823 119988.9447298020386370 120138.0947298020328162
63 879276.2599355479469523 879425.4099355479702353 119988.9447298020386370 120138.0947298020328162
64 202905.6072173360444140 203054.7572173360385932 119988.9447298020386370 120138.0947298020328162
65 378033.9757376860361546 378183.1257376860594377 119988.9447298020386370 120138.0947298020328162
66 766005.7374640052439645 766154.8874640052672476 119988.9447298020386370 120138.0947298020328162
67 752595.9060206124559045 752745.0560206124791875 119988.9447298020386370 120138.0947298020328162
68 886748.2547949207946658 886897.4047949208179489 119988.9447298020386370 120138.0947298020328162
69 409377.6243721930659376 409526.7743721930892207 119988.9447298020386370 120138.0947298020328162
70 416207.7239193668938242 416356.8739193669171073 119988.9447298020386370 120138.0947298020328162
71 587528.7935277236392722 587677.9435277236625552 119988.9447298020386370 120138.0947298020328162
72 343409.1819419160601683 343558.3319419160834514 119988.9447298020386370 120138.0947298020328162
73 232807.2751601876225322 232956.4251601876167115 119988.9447298020386370 120138.0947298020328162
74 235690.4826469930994790 235839.6326469930936582 119988.9447298020386370 120138.0947298020328162
75 159004.9783752800140064 159154.1283752800081857 119988.9447298020386370 120138.0947298020328162
76 200694.5889850968087558 200843.7389850968029350 119988.9447298020386370 120138.0947298020328162
77 205441.5339117628464010 205590.6839117628405802 119988.9447298020386370 120138.0947298020328162
78 333719.9708945837919600 333869.1208945838152431 119988.9447298020386370 120138.0947298020328162
79 879492.3228955328231677 879641.4728955328464508 119988.9447298020386370 120138.0947298020328162
80 819142.0201446284772828 819291.1701446285005659 119988.9447298020386370 120138.0947298020328162
81 682457.7454082316253334 682606.8954082316486165 119988.9447298020386370 120138.0947298020328162
82 592308.9983711781678721 592458.1483711781911552 119988.9447298020386370 120138.0947298020328162
83 316099.0136947027640417 316248.1636947027873248 119988.9447298020386370 120138.0947298020328162
84 420776.4825046406476758 420925.6325046406709589 119988.9447298020386370 120138.0947298020328162
85 519367.6010479408432730 519516.7510479408665560 119988.9447298020386370 120138.0947298020328162
86 389875.0344659901456907 390024.1844659901689738 119988.9447298020386370 120138.0947298020328162
87 212595.8445914010517299 212744.9945914010459092 119988.9447298020386370 120138.0947298020328162
88 444190.6959775995346718 444339.8459775995579548 119988.9447298020386370 120138.0947298020328162
89 446822.6468010729295202 446971.7968010729528032 119988.9447298020386370 120138.0947298020328162
90 307867.5741747833089903 308016.7241747833322734 119988.9447298020386370 120138.0947298020328162
91 595785.5901480230968446 595934.7401480231201276 119988.9447298020386370 120138.0947298020328162
92 358351.2175940546439961 358500.3675940546672791 119988.9447298020386370 120138.0947298020328162
93 399089.7800393670331687 399238.9300393670564517 119988.9447298020386370 120138.0947298020328162
94 674318.3419551695697010 674467.4919551695929840 119988.9447298020386370 120138.0947298020328162
95 214276.4242537480313331 214425.5742537480255123 119988.9447298020386370 120138.0947298020328162
96 221247.2678536075691227 221396.4178536075633019 119988.9447298020386370 120138.0947298020328162
97 324051.9074023273424245 324201.0574023273657076 119988.9447298020386370 120138.0947298020328162
98 320454.9699057036195882 320604.1199057036428712 119988.9447298020386370 120138.0947298020328162
99 383403.7820206963806413 383552.9320206964039244 119988.9447298020386370 120138.0947298020328162
100 428194.0232401416869834 428343.1732401417102665 119988.9447298020386370 120138.0947298020328162
101 77216.5546179813391063 77365.7046179813332856 77216.5546179813391063 77365.7046179813332856
102 535321.1792023745365441 535470.3292023745598271 77216.5546179813391063 77365.7046179813332856
103 325011.5898051680997014 325160.7398051681229845 77216.5546179813391063 77365.7046179813332856
104 241326.4809500201372430 241475.6309500201314222 77216.5546179813391063 77365.7046179813332856
105 439122.4163951091468334 439271.5663951091701165 77216.5546179813391063 77365.7046179813332856
106 239733.6676120870106388 239882.8176120870048180 77216.5546179813391063 77365.7046179813332856
107 283671.5091120780562051 283820.6591120780794881 77216.5546179813391063 77365.7046179813332856
108 490291.5353232468478382 490440.6853232468711212 77216.5546179813391063 77365.7046179813332856
109 1510341.4929096703417599 1510490.6429096702486277 77216.5546179813391063 77365.7046179813332856
110 321905.2623308995389380 322054.4123308995622210 77216.5546179813391063 77365.7046179813332856
111 301351.1997465345775709 301500.3497465346008539 77216.5546179813391063 77365.7046179813332856
112 377694.7473716799286194 377843.8973716799519025 77216.5546179813391063 77365.7046179813332856
113 565966.2948983244132251 566115.4448983244365081 77216.5546179813391063 77365.7046179813332856
114 342892.0941037062439136 343041.2441037062671967 77216.5546179813391063 77365.7046179813332856
115 525228.6342162961373106 525377.7842162961605936 77216.5546179813391063 77365.7046179813332856
116 355528.0434155199327506 355677.1934155199560337 77216.5546179813391063 77365.7046179813332856
117 176255.4631773744185921 176404.6131773744127713 77216.5546179813391063 77365.7046179813332856
118 453545.8037303250166588 453694.9537303250399418 77216.5546179813391063 77365.7046179813332856
119 493215.9906408997485414 493365.1406408997718245 77216.5546179813391063 77365.7046179813332856
120 244560.4878603378892876 244709.6378603378834669 77216.5546179813391063 77365.7046179813332856
121 335981.5123909633257426 336130.6623909633490257 77216.5546179813391063 77365.7046179813332856
122 335692.8284519553417340 335841.9784519553650171 77216.5546179813391063 77365.7046179813332856
123 307176.5264218206284568 307325.6764218206517398 77216.5546179813391063 77365.7046179813332856
124 274206.0732776771183126 274355.2232776771415956 77216.5546179813391063 77365.7046179813332856
125 269693.7306463535060175 269842.8806463535293005 77216.5546179813391063 77365.7046179813332856
126 246592.3175882748619188 246741.4675882748560980 77216.5546179813391063 77365.7046179813332856
127 502711.9849202054901980 502861.1349202055134811 77216.5546179813391063 77365.7046179813332856
128 750470.1965601168340072 750619.3465601168572903 77216.5546179813391063 77365.7046179813332856
129 620653.0987134537426755 620802.2487134537659585 77216.5546179813391063 77365.7046179813332856
130 318259.0836325447307900 318408.2336325447540730 77216.5546179813391063 77365.7046179813332856
131 334520.7294137485441752 334669.8794137485674582 77216.5546179813391063 77365.7046179813332856
132 447555.2150353534379974 447704.3650353534612805 77216.5546179813391063 77365.7046179813332856
133 404110.3693215565872379 404259.5193215566105209 77216.5546179813391063 77365.7046179813332856
134 410222.6706241285428405 410371.8206241285661235 77216.5546179813391063 77365.7046179813332856
135 108969.7817913759645307 109118.9317913759587100 77216.5546179813391063 77365.7046179813332856
136 429920.9304529023356736 430070.0804529023589566 77216.5546179813391063 77365.7046179813332856
137 506634.0193005640758201 506783.1693005640991032 77216.5546179813391063 77365.7046179813332856
138 373106.0285604951786809 373255.1785604952019639 77216.5546179813391063 77365.7046179813332856
139 522250.4301276206388138 522399.5801276206620969 77216.5546179813391063 77365.7046179813332856
140 773367.9740300212288275 773517.1240300212521106 77216.5546179813391063 77365.7046179813332856
141 220652.0249815777642652 220801.1749815777584445 77216.5546179813391063 77365.7046179813332856
142 420137.4956306984531693 420286.6456306984764524 77216.5546179813391063 77365.7046179813332856
143 539275.0420958747854456 539424.1920958748087287 77216.5546179813391063 77365.7046179813332856
144 286397.1676244326517917 286546.3176244326750748 77216.5546179813391063 77365.7046179813332856
145 445866.4700890825479291 446015.6200890825712122 77216.5546179813391063 77365.7046179813332856
146 209631.7234774514508899 209780.8734774514450692 77216.5546179813391063 77365.7046179813332856
147 370713.9317040828755125 370863.0817040828987956 77216.5546179813391063 77365.7046179813332856
148 555435.2554733058204874 555584.4054733058437705 77216.5546179813391063 77365.7046179813332856
149 668682.5463139882776886 668831.6963139883009717 77216.5546179813391063 77365.7046179813332856
150 181949.1237329834257253 182098.2737329834199045 77216.5546179813391063 77365.7046179813332856
151 815770.8901511084986851 815920.0401511085219681 77216.5546179813391063 77365.7046179813332856
152 472599.0016316412948072 472748.1516316413180903 77216.5546179813391063 77365.7046179813332856
153 176238.2280738753033802 176387.3780738752975594 77216.5546179813391063 77365.7046179813332856
154 529060.3880490430165082 529209.5380490430397913 77216.5546179813391063 77365.7046179813332856
155 203214.8957475568458904 203364.0457475568400696 77216.5546179813391063 77365.7046179813332856
156 134231.9210829981020652 134381.0710829980962444 77216.5546179813391063 77365.7046179813332856
157 377049.4094966955017298 377198.5594966955250129 77216.5546179813391063 77365.7046179813332856
158 641500.2739885614719242 641649.4239885614952073 77216.5546179813391063 77365.7046179813332856
159 952964.4589288982097059 953113.6089288982329890 77216.5546179813391063 77365.7046179813332856
160 602672.5778434796957299 602821.7278434797190130 77216.5546179813391063 77365.7046179813332856
161 431251.6155695734778419 431400.7655695735011250 77216.5546179813391063 77365.7046179813332856
162 521488.8169285613694228 521637.9669285613927059 77216.5546179813391063 77365.7046179813332856
163 684675.7273933285614476 684824.8773933285847306 77216.5546179813391063 77365.7046179813332856
164 196551.6326402154227253 196700.7826402154169045 77216.5546179813391063 77365.7046179813332856
165 415677.3282400825992227 415826.4782400826225057 77216.5546179813391063 77365.7046179813332856
166 713288.5846046762308106 713437.7346046762540936 77216.5546179813391063 77365.7046179813332856
167 895644.7396827305201441 895793.8896827305434272 77216.5546179813391063 77365.7046179813332856
168 479830.8661332129850052 479980.0161332130082883 77216.5546179813391063 77365.7046179813332856
169 246471.8211785890744068 246620.9711785890685860 77216.5546179813391063 77365.7046179813332856
170 170939.2910671145946253 171088.4410671145888045 77216.5546179813391063 77365.7046179813332856
171 537027.0035902560921386 537176.1535902561154217 77216.5546179813391063 77365.7046179813332856
172 332257.9667763473698869 332407.1167763473931700 77216.5546179813391063 77365.7046179813332856
173 347187.5805383758852258 347336.7305383759085089 77216.5546179813391063 77365.7046179813332856
174 358183.6473818433005363 358332.7973818433238193 77216.5546179813391063 77365.7046179813332856
175 283115.5721334827248938 283264.7221334827481769 77216.5546179813391063 77365.7046179813332856
176 391940.5960082590463571 392089.7460082590696402 77216.5546179813391063 77365.7046179813332856
177 253231.0988122239650693 253380.2488122239592485 77216.5546179813391063 77365.7046179813332856
178 178364.1663264904054813 178513.3163264903996605 77216.5546179813391063 77365.7046179813332856
179 332147.3651470955810510 332296.5151470956043340 77216.5546179813391063 77365.7046179813332856
180 371549.6798510865774006 371698.8298510866006836 77216.5546179813391063 77365.7046179813332856
181 612306.1075346386060119 612455.2575346386292949 77216.5546179813391063 77365.7046179813332856
182 489831.8710709298029542 489981.0210709298262373 77216.5546179813391063 77365.7046179813332856
183 543975.1069235163740814 544124.2569235163973644 77216.5546179813391063 77365.7046179813332856
184 431145.5384291003574617 431294.6884291003807448 77216.5546179813391063 77365.7046179813332856
185 606562.3579000668833032 606711.5079000669065863 77216.5546179813391063 77365.7046179813332856
186 331465.6607099623652175 331614.8107099623885006 77216.5546179813391063 77365.7046179813332856
187 395570.7663726481259800 395719.9163726481492631 77216.5546179813391063 77365.7046179813332856
188 1014213.8682534494437277 1014363.0182534494670108 77216.5546179813391063 77365.7046179813332856
189 422190.3421578729758039 422339.4921578729990870 77216.5546179813391063 77365.7046179813332856
190 218207.8870063979411498 218357.0370063979353290 77216.5546179813391063 77365.7046179813332856
191 333503.0935148958815262 333652.2435148959048092 77216.5546179813391063 77365.7046179813332856
192 547358.7360673589864746 547507.8860673590097576 77216.5546179813391063 77365.7046179813332856
193 209658.4777058356849011 209807.6277058356790803 77216.5546179813391063 77365.7046179813332856
194 596999.7598406631732360 597148.9098406631965190 77216.5546179813391063 77365.7046179813332856
195 686175.8990428120596334 686325.0490428120829165 77216.5546179813391063 77365.7046179813332856
196 436765.9208303599152714 436915.0708303599385545 77216.5546179813391063 77365.7046179813332856
197 929978.0062180577078834 930127.1562180577311665 77216.5546179813391063 77365.7046179813332856
198 374416.0793558374280110 374565.2293558374512941 77216.5546179813391063 77365.7046179813332856
199 323188.4819754019263200 323337.6319754019496031 77216.5546179813391063 77365.7046179813332856
200 314061.1678591356612742 314210.3178591356845573 77216.5546179813391063 77365.7046179813332856
201 709183.6412750374292955 709332.7912750374525785 77216.5546179813391063 77365.7046179813332856
202 860123.6861203500302508 860272.8361203500535339 77216.5546179813391063 77365.7046179813332856
203 380597.3209782278281637 380746.4709782278514467 77216.5546179813391063 77365.7046179813332856
204 485691.8531920758541673 485841.0031920758774504 77216.5546179813391063 77365.7046179813332856
205 542154.6400631562573835 542303.7900631562806666 77216.5546179813391063 77365.7046179813332856
206 235420.1909882015897892 235569.3409882015839685 77216.5546179813391063 77365.7046179813332856
207 256809.3836577146430500 256958.5336577146372292 77216.5546179813391063 77365.7046179813332856
208 166197.5709694925753865 166346.7209694925695658 77216.5546179813391063 77365.7046179813332856
209 650427.2037340389797464 650576.3537340390030295 77216.5546179813391063 77365.7046179813332856
210 464215.0555126941180788 464364.2055126941413619 77216.5546179813391063 77365.7046179813332856
211 491621.9352261720923707 491771.0852261721156538 77216.5546179813391063 77365.7046179813332856
212 112040.4380452410987346 112189.5880452410929138 77216.5546179813391063 77365.7046179813332856
213 433840.9566213021171279 433990.1066213021404110 77216.5546179813391063 77365.7046179813332856
214 413523.8927188607631251 413673.0427188607864082 77216.5546179813391063 77365.7046179813332856
215 353598.5733951183501631 353747.7233951183734462 77216.5546179813391063 77365.7046179813332856
216 695957.2613920818548650 696106.4113920818781480 77216.5546179813391063 77365.7046179813332856
217 849065.1041083559393883 849214.2541083559626713 77216.5546179813391063 77365.7046179813332856
218 94294.1633163637452526 94443.3133163637394318 77216.5546179813391063 77365.7046179813332856
219 251332.2784994971298147 251481.4284994971239939 77216.5546179813391063 77365.7046179813332856
220 488569.9693195779691450 488719.1193195779924281 77216.5546179813391063 77365.7046179813332856
221 513448.8752316592726856 513598.0252316592959687 77216.5546179813391063 77365.7046179813332856
222 650674.7638846075860783 650823.9138846076093614 77216.5546179813391063 77365.7046179813332856
223 582279.3900877096457407 582428.5400877096690238 77216.5546179813391063 77365.7046179813332856
224 442154.4505234089447185 442303.6005234089680016 77216.5546179813391063 77365.7046179813332856
225 303932.4082786030485295 304081.5582786030718125 77216.5546179813391063 77365.7046179813332856
226 592809.3518358337460086 592958.5018358337692916 77216.5546179813391063 77365.7046179813332856
227 129492.6601219728618162 129641.8101219728559954 77216.5546179813391063 77365.7046179813332856
228 392669.3710752244805917 392818.5210752245038748 77216.5546179813391063 77365.7046179813332856
229 418967.2546313767088577 419116.4046313767321408 77216.5546179813391063 77365.7046179813332856
230 306351.8463404151843861 306500.9963404152076691 77216.5546179813391063 77365.7046179813332856
231 522856.1246652496047318 523005.2746652496280149 77216.5546179813391063 77365.7046179813332856
232 498090.3090556582319550 498239.4590556582552381 77216.5546179813391063 77365.7046179813332856
233 315013.4156501370016485 315162.5656501370249316 77216.5546179813391063 77365.7046179813332856
234 329454.9416457063634880 329604.0916457063867711 77216.5546179813391063 77365.7046179813332856
235 620771.2937726040836424 620920.4437726041069254 77216.5546179813391063 77365.7046179813332856
236 160513.7967899601790123 160662.9467899601731915 77216.5546179813391063 77365.7046179813332856
237 185432.7831922430195846 185581.9331922430137638 77216.5546179813391063 77365.7046179813332856
238 238999.6360693288443144 239148.7860693288384937 77216.5546179813391063 77365.7046179813332856
239 138456.4414239736506715 138605.5914239736448508 77216.5546179813391063 77365.7046179813332856
240 217587.8743026295851450 217737.0243026295793243 77216.5546179813391063 77365.7046179813332856
241 304228.5351067364099436 304377.6851067364332266 77216.5546179813391063 77365.7046179813332856
242 129740.4467295116774039 129889.5967295116715832 77216.5546179813391063 77365.7046179813332856
243 103405.5565581220143940 103554.7065581220085733 77216.5546179813391063 77365.7046179813332856
244 529051.0300408878829330 529200.1800408879062161 77216.5546179813391063 77365.7046179813332856
245 483981.2477881388040259 484130.3977881388273090 77216.5546179813391063 77365.7046179813332856
246 287336.2042819962371141 287485.3542819962603971 77216.5546179813391063 77365.7046179813332856
247 266055.2495970267336816 266204.3995970267569646 77216.5546179813391063 77365.7046179813332856
248 178515.6142090689681936 178664.7642090689623728 77216.5546179813391063 77365.7046179813332856
249 650604.5497373255202547 650753.6997373255435377 77216.5546179813391063 77365.7046179813332856
250 213373.2250145965081174 213522.3750145965022966 77216.5546179813391063 77365.7046179813332856
251 198065.8182439188822173 198214.9682439188763965 77216.5546179813391063 77365.7046179813332856
252 267442.5219724978669547 267591.6719724978902377 77216.5546179813391063 77365.7046179813332856
253 405084.0148835500585847 405233.1648835500818677 77216.5546179813391063 77365.7046179813332856
254 375120.4119477082276717 375269.5619477082509547 77216.5546179813391063 77365.7046179813332856
255 505540.3021185565739870 505689.4521185565972701 77216.5546179813391063 77365.7046179813332856
256 171640.9576519876427483 171790.1076519876369275 77216.5546179813391063 77365.7046179813332856
257 554159.1352501718793064 554308.2852501719025895 77216.5546179813391063 77365.7046179813332856
258 368000.6206753149162978 368149.7706753149395809 77216.5546179813391063 77365.7046179813332856
259 537987.7036900012753904 538136.8536900012986735 77216.5546179813391063 77365.7046179813332856
260 203407.2772470484487712 203556.4272470484429505 77216.5546179813391063 77365.7046179813332856
261 218040.8668208997405600 218190.0168208997347392 77216.5546179813391063 77365.7046179813332856
262 1013478.7465698744636029 1013627.8965698744868860 77216.5546179813391063 77365.7046179813332856
263 173508.0548563342017587 173657.2048563341959380 77216.5546179813391063 77365.7046179813332856
264 519275.3477840907871723 519424.4977840908104554 77216.5546179813391063 77365.7046179813332856
265 116800.7934216425928753 116949.9434216425870545 77216.5546179813391063 77365.7046179813332856
266 476155.9154200903140008 476305.0654200903372839 77216.5546179813391063 77365.7046179813332856
267 557951.1775130215100944 558100.3275130215333775 77216.5546179813391063 77365.7046179813332856
268 263988.9452941725612618 264138.0952941725845449 77216.5546179813391063 77365.7046179813332856
269 338377.9861742618377320 338527.1361742618610151 77216.5546179813391063 77365.7046179813332856
270 387159.4237411973881535 387308.5737411974114366 77216.5546179813391063 77365.7046179813332856
271 943237.5830838760593906 943386.7330838760826737 77216.5546179813391063 77365.7046179813332856
272 636947.5295561347156763 637096.6795561347389594 77216.5546179813391063 77365.7046179813332856
273 287242.9871632346184924 287392.1371632346417755 77216.5546179813391063 77365.7046179813332856
274 704758.9259303489234298 704908.0759303489467129 77216.5546179813391063 77365.7046179813332856
275 270508.1634739674627781 270657.3134739674860612 77216.5546179813391063 77365.7046179813332856
276 326189.0242207957780920 326338.1742207958013751 77216.5546179813391063 77365.7046179813332856
277 394333.9768148071598262 394483.1268148071831092 77216.5546179813391063 77365.7046179813332856
278 579466.7413649072404951 579615.8913649072637782 77216.5546179813391063 77365.7046179813332856
279 193384.6554121953959111 193533.8054121953900903 77216.5546179813391063 77365.7046179813332856
280 487755.3394011491327547 487904.4894011491560377 77216.5546179813391063 77365.7046179813332856
281 160596.0165236755274236 160745.1665236755216029 77216.5546179813391063 77365.7046179813332856
282 467996.7761332809459418 468145.9261332809692249 77216.5546179813391063 77365.7046179813332856
283 262179.3492022352293134 262328.4992022352525964 77216.5546179813391063 77365.7046179813332856
284 231874.8137819458497688 232023.9637819458439481 77216.5546179813391063 77365.7046179813332856
285 369807.4636488339747302 369956.6136488339980133 77216.5546179813391063 77365.7046179813332856
286 716727.8272876710398123 716876.9772876710630953 77216.5546179813391063 77365.7046179813332856
287 392362.4848750864039175 392511.6348750864272006 77216.5546179813391063 77365.7046179813332856
288 484011.4842180722625926 484160.6342180722858757 77216.5546179813391063 77365.7046179813332856
289 253431.7573474581586197 253580.9073474581527989 77216.5546179813391063 77365.7046179813332856
290 532299.4103003885829821 532448.5603003886062652 77216.5546179813391063 77365.7046179813332856
291 352345.7612813933519647 352494.9112813933752477 77216.5546179813391063 77365.7046179813332856
292 227260.2004621182568371 227409.3504621182510164 77216.5546179813391063 77365.7046179813332856
293 194290.8175058573542628 194439.9675058573484421 77216.5546179813391063 77365.7046179813332856
294 915756.6813243393553421 915905.8313243393786252 77216.5546179813391063 77365.7046179813332856
295 102959.8366092549840687 103108.9866092549782479 77216.5546179813391063 77365.7046179813332856
296 351231.6814293104689568 351380.8314293104922399 77216.5546179813391063 77365.7046179813332856
297 773525.1154012612532824 773674.2654012612765655 77216.5546179813391063 77365.7046179813332856
298 357543.2605638108216226 357692.4105638108449057 77216.5546179813391063 77365.7046179813332856
299 598367.9896208796417341 598517.1396208796650171 77216.5546179813391063 77365.7046179813332856
300 303380.3285978962667286 303529.4785978962900117 77216.5546179813391063 77365.7046179813332856
301 165093.7947589246905409 165242.9447589246847201 77216.5546179813391063 77365.7046179813332856
302 328393.1940930329728872 328542.3440930329961702 77216.5546179813391063 77365.7046179813332856
303 190586.0934483184246346 190735.2434483184188139 77216.5546179813391063 77365.7046179813332856
304 252437.8718661068705842 252587.0218661068647634 77216.5546179813391063 77365.7046179813332856
305 166717.6279311534017324 166866.7779311533959117 77216.5546179813391063 77365.7046179813332856
306 228134.9021643793676049 228284.0521643793617841 77216.5546179813391063 77365.7046179813332856
307 530175.8568507467862219 530325.0068507468095049 77216.5546179813391063 77365.7046179813332856
308 469996.8766789606888779 470146.0266789607121609 77216.5546179813391063 77365.7046179813332856
309 576677.4801564917434007 576826.6301564917666838 77216.5546179813391063 77365.7046179813332856
310 699748.5017437025671825 699897.6517437025904655 77216.5546179813391063 77365.7046179813332856
311 610440.0955830643652007 610589.2455830643884838 77216.5546179813391063 77365.7046179813332856
312 374453.1496300742728636 374602.2996300742961466 77216.5546179813391063 77365.7046179813332856
313 375420.4114090066868812 375569.5614090067101642 77216.5546179813391063 77365.7046179813332856
314 463041.3650817102752626 463190.5150817102985457 77216.5546179813391063 77365.7046179813332856
315 371262.8061683638370596 371411.9561683638603427 77216.5546179813391063 77365.7046179813332856
316 297072.0820515925879590 297221.2320515926112421 77216.5546179813391063 77365.7046179813332856
317 359623.5518324446165934 359772.7018324446398765 77216.5546179813391063 77365.7046179813332856
318 814844.2547814571298659 814993.4047814571531489 77216.5546179813391063 77365.7046179813332856
319 362637.9881252004415728 362787.1381252004648559 77216.5546179813391063 77365.7046179813332856
320 103676.1872120811021887 103825.3372120810963679 77216.5546179813391063 77365.7046179813332856
321 725796.5674031152157113 725945.7174031152389944 77216.5546179813391063 77365.7046179813332856
322 148415.1521984825085383 148564.3021984825027175 77216.5546179813391063 77365.7046179813332856
323 259002.3058669583406299 259151.4558669583348092 77216.5546179813391063 77365.7046179813332856
324 995654.0143592816311866 995803.1643592816544697 77216.5546179813391063 77365.7046179813332856
325 290346.9483965404215269 290496.0983965404448099 77216.5546179813391063 77365.7046179813332856
326 414698.3226823024451733 414847.4726823024684563 77216.5546179813391063 77365.7046179813332856
327 314942.7664244719780982 315091.9164244720013812 77216.5546179813391063 77365.7046179813332856
328 364996.4072250255267136 365145.5572250255499966 77216.5546179813391063 77365.7046179813332856
329 688167.0587038006633520 688316.2087038006866351 77216.5546179813391063 77365.7046179813332856
330 147188.6333705740107689 147337.7833705740049481 77216.5546179813391063 77365.7046179813332856
331 475567.1462750422069803 475716.2962750422302634 77216.5546179813391063 77365.7046179813332856
332 496831.7326301161083393 496980.8826301161316223 77216.5546179813391063 77365.7046179813332856
333 211557.3872819061798509 211706.5372819061740302 77216.5546179813391063 77365.7046179813332856
334 456657.8744540365878493 456807.0244540366111323 77216.5546179813391063 77365.7046179813332856
335 182926.8707059353182558 183076.0207059353124350 77216.5546179813391063 77365.7046179813332856
336 220161.1699184387398418 220310.3199184387340210 77216.5546179813391063 77365.7046179813332856
337 192419.1101356970611960 192568.2601356970553752 77216.5546179813391063 77365.7046179813332856
338 734697.0362946157110855 734846.1862946157343686 77216.5546179813391063 77365.7046179813332856
339 355628.8446555153350346 355777.9946555153583176 77216.5546179813391063 77365.7046179813332856
340 379690.9270168871735223 379840.0770168871968053 77216.5546179813391063 77365.7046179813332856
341 412499.7477077030343935 412648.8977077030576766 77216.5546179813391063 77365.7046179813332856
342 288524.9713652595528401 288674.1213652595761232 77216.5546179813391063 77365.7046179813332856
343 320281.3813116946257651 320430.5313116946490481 77216.5546179813391063 77365.7046179813332856
344 216451.4021926217246801 216600.5521926217188593 77216.5546179813391063 77365.7046179813332856
345 244770.2223623362951912 244919.3723623362893704 77216.5546179813391063 77365.7046179813332856
346 561728.3678728349041194 561877.5178728349274024 77216.5546179813391063 77365.7046179813332856
347 527178.5539235502947122 527327.7039235503179953 77216.5546179813391063 77365.7046179813332856
348 726648.1308643694501370 726797.2808643694734201 77216.5546179813391063 77365.7046179813332856
349 707774.3483305393019691 707923.4983305393252522 77216.5546179813391063 77365.7046179813332856
350 1333128.3314190581440926 1333277.4814190580509603 77216.5546179813391063 77365.7046179813332856
351 680611.9901559074642137 680761.1401559074874967 77216.5546179813391063 77365.7046179813332856
352 243291.7411640777136199 243440.8911640777077992 77216.5546179813391063 77365.7046179813332856
353 467477.3611156414262950 467626.5111156414495781 77216.5546179813391063 77365.7046179813332856
354 569257.9292410891503096 569407.0792410891735926 77216.5546179813391063 77365.7046179813332856
355 282652.5628535915748216 282801.7128535915981047 77216.5546179813391063 77365.7046179813332856
356 367992.0723674732143991 368141.2223674732376821 77216.5546179813391063 77365.7046179813332856
357 347405.1814524275250733 347554.3314524275483564 77216.5546179813391063 77365.7046179813332856
358 475140.4584528897539712 475289.6084528897772543 77216.5546179813391063 77365.7046179813332856
359 224921.2332484837679658 225070.3832484837621450 77216.5546179813391063 77365.7046179813332856
360 382834.3595422677462921 382983.5095422677695751 77216.5546179813391063 77365.7046179813332856
361 248198.1244040121673606 248347.2744040121615399 77216.5546179813391063 77365.7046179813332856
362 308951.6460204718168825 309100.7960204718401656 77216.5546179813391063 77365.7046179813332856
363 494407.9197706734412350 494557.0697706734645180 77216.5546179813391063 77365.7046179813332856
364 317970.9444021716481075 318120.0944021716713905 77216.5546179813391063 77365.7046179813332856
365 178094.7320020139450207 178243.8820020139392000 77216.5546179813391063 77365.7046179813332856
366 499603.6436615974525921 499752.7936615974758752 77216.5546179813391063 77365.7046179813332856
367 317720.4842071973253042 317869.6342071973485872 77216.5546179813391063 77365.7046179813332856
368 478769.0816606334410608 478918.2316606334643438 77216.5546179813391063 77365.7046179813332856
369 345738.9161935047013685 345888.0661935047246516 77216.5546179813391063 77365.7046179813332856
370 180983.5795503117551561 181132.7295503117493354 77216.5546179813391063 77365.7046179813332856
371 140109.7094773326825816 140258.8594773326767609 77216.5546179813391063 77365.7046179813332856
372 85241.0199404021404916 85390.1699404021346709 77216.5546179813391063 77365.7046179813332856
373 480222.0857816447969526 480371.2357816448202357 77216.5546179813391063 77365.7046179813332856
374 225380.2299988128943369 225529.3799988128885161 77216.5546179813391063 77365.7046179813332856
375 654503.9993643891066313 654653.1493643891299143 77216.5546179813391063 77365.7046179813332856
376 361899.0703556982334703 362048.2203556982567534 77216.5546179813391063 77365.7046179813332856
377 310489.4857748223585077 310638.6357748223817907 77216.5546179813391063 77365.7046179813332856
378 90036.0115996584354434 90185.1615996584296227 77216.5546179813391063 77365.7046179813332856
379 530571.3803522213129327 530720.5303522213362157 77216.5546179813391063 77365.7046179813332856
380 102888.8743699630576884 103038.0243699630518677 77216.5546179813391063 77365.7046179813332856
381 770711.3658863191958517 770860.5158863192191347 77216.5546179813391063 77365.7046179813332856
382 332943.0950045934296213 333092.2450045934529044 77216.5546179813391063 77365.7046179813332856
383 165323.8308808739529923 165472.9808808739471715 77216.5546179813391063 77365.7046179813332856
384 219117.5367292989976704 219266.6867292989918496 77216.5546179813391063 77365.7046179813332856
385 353880.9024743569316342 354030.0524743569549173 77216.5546179813391063 77365.7046179813332856
386 183204.8788833813450765 183354.0288833813392557 77216.5546179813391063 77365.7046179813332856
387 378871.0979810853023082 379020.2479810853255913 77216.5546179813391063 77365.7046179813332856
388 354131.5810140255489387 354280.7310140255722217 77216.5546179813391063 77365.7046179813332856
389 276259.8684639068669640 276409.0184639068902470 77216.5546179813391063 77365.7046179813332856
390 355679.9738274604897015 355829.1238274605129845 77216.5546179813391063 77365.7046179813332856
391 212726.2508296379819512 212875.4008296379761305 77216.5546179813391063 77365.7046179813332856
392 267946.6704417085275054 268095.8204417085507885 77216.5546179813391063 77365.7046179813332856
393 387356.9015325296204537 387506.0515325296437368 77216.5546179813391063 77365.7046179813332856
394 541236.5918624668847769 541385.7418624669080600 77216.5546179813391063 77365.7046179813332856
395 453091.1862773410393856 453240.3362773410626687 77216.5546179813391063 77365.7046179813332856
396 355611.0168182986089960 355760.1668182986322790 77216.5546179813391063 77365.7046179813332856
397 413379.8664444696623832 413529.0164444696856663 77216.5546179813391063 77365.7046179813332856
398 330440.2447508061886765 330589.3947508062119596 77216.5546179813391063 77365.7046179813332856
399 221137.5250306425441522 221286.6750306425383314 77216.5546179813391063 77365.7046179813332856
400 630829.5416064274031669 630978.6916064274264500 77216.5546179813391063 77365.7046179813332856
401 493682.5630957958637737 493831.7130957958870567 77216.5546179813391063 77365.7046179813332856
402 309525.6820348268374801 309674.8320348268607631 77216.5546179813391063 77365.7046179813332856
403 149680.2543235594348516 149829.4043235594290309 77216.5546179813391063 77365.7046179813332856
404 867073.3750790561316535 867222.5250790561549366 77216.5546179813391063 77365.7046179813332856
405 349286.7052532440866344 349435.8552532441099174 77216.5546179813391063 77365.7046179813332856
406 431944.5983736615744419 432093.7483736615977250 77216.5546179813391063 77365.7046179813332856
407 590192.7558934999397025 590341.9058934999629855 77216.5546179813391063 77365.7046179813332856
408 183677.0892140915675554 183826.2392140915617347 77216.5546179813391063 77365.7046179813332856
409 479550.5124210068024695 479699.6624210068257526 77216.5546179813391063 77365.7046179813332856
410 191079.3433383452938870 191228.4933383452880662 77216.5546179813391063 77365.7046179813332856
411 365126.3134793959907256 365275.4634793960140087 77216.5546179813391063 77365.7046179813332856
412 91223.7224950735544553 91372.8724950735486345 77216.5546179813391063 77365.7046179813332856
413 424331.9851664162124507 424481.1351664162357338 77216.5546179813391063 77365.7046179813332856
414 504231.0948109020828269 504380.2448109021061100 77216.5546179813391063 77365.7046179813332856
415 552892.3210471923230216 553041.4710471923463047 77216.5546179813391063 77365.7046179813332856
416 220287.0781951374956407 220436.2281951374898199 77216.5546179813391063 77365.7046179813332856
417 470365.7373782464419492 470514.8873782464652322 77216.5546179813391063 77365.7046179813332856
418 679713.3913338714046404 679862.5413338714279234 77216.5546179813391063 77365.7046179813332856
419 304209.1879032243741676 304358.3379032243974507 77216.5546179813391063 77365.7046179813332856
420 637451.0419666180387139 637600.1919666180619970 77216.5546179813391063 77365.7046179813332856
421 448017.5964233591221273 448166.7464233591454104 77216.5546179813391063 77365.7046179813332856
422 541067.4731599860824645 541216.6231599861057475 77216.5546179813391063 77365.7046179813332856
423 330083.9784535332582891 330233.1284535332815722 77216.5546179813391063 77365.7046179813332856
424 327582.3805540854227729 327731.5305540854460560 77216.5546179813391063 77365.7046179813332856
425 525222.5479578952072188 525371.6979578952305019 77216.5546179813391063 77365.7046179813332856
426 979350.5789947330486029 979499.7289947330718860 77216.5546179813391063 77365.7046179813332856
427 811415.0671018131542951 811564.2171018131775782 77216.5546179813391063 77365.7046179813332856
428 381271.3647981510730460 381420.5147981510963291 77216.5546179813391063 77365.7046179813332856
429 721292.1032644211081788 721441.2532644211314619 77216.5546179813391063 77365.7046179813332856
430 104399.5189955185051076 104548.6689955184992868 77216.5546179813391063 77365.7046179813332856
431 393941.4941100069554523 394090.6441100069787353 77216.5546179813391063 77365.7046179813332856
432 217906.1572622561943717 218055.3072622561885510 77216.5546179813391063 77365.7046179813332856
433 216055.1189630552544259 216204.2689630552486051 77216.5546179813391063 77365.7046179813332856
434 301615.6339252225006931 301764.7839252225239761 77216.5546179813391063 77365.7046179813332856
435 588521.4765961882658303 588670.6265961882891133 77216.5546179813391063 77365.7046179813332856
436 185085.3377918447658885 185234.4877918447600678 77216.5546179813391063 77365.7046179813332856
437 253661.2010304911818821 253810.3510304911760613 77216.5546179813391063 77365.7046179813332856
438 520303.3422581384074874 520452.4922581384307705 77216.5546179813391063 77365.7046179813332856
439 314030.7463379745604470 314179.8963379745837301 77216.5546179813391063 77365.7046179813332856
440 182875.3450731292541604 183024.4950731292483397 77216.5546179813391063 77365.7046179813332856
441 489209.2401594035909511 489358.3901594036142342 77216.5546179813391063 77365.7046179813332856
442 862385.9683196450350806 862535.1183196450583637 77216.5546179813391063 77365.7046179813332856
443 457368.1246893815696239 457517.2746893815929070 77216.5546179813391063 77365.7046179813332856
444 452774.9757403263356537 452924.1257403263589367 77216.5546179813391063 77365.7046179813332856
445 217781.4579855171032250 217930.6079855170974042 77216.5546179813391063 77365.7046179813332856
446 359723.4561064248555340 359872.6061064248788171 77216.5546179813391063 77365.7046179813332856
447 646035.4290988805005327 646184.5790988805238158 77216.5546179813391063 77365.7046179813332856
448 339797.1333450034144334 339946.2833450034377165 77216.5546179813391063 77365.7046179813332856
449 307214.0679548868210986 307363.2179548868443817 77216.5546179813391063 77365.7046179813332856
450 384063.8143397889216430 384212.9643397889449261 77216.5546179813391063 77365.7046179813332856
451 359584.2127135516493581 359733.3627135516726412 77216.5546179813391063 77365.7046179813332856
452 423333.0032058438519016 423482.1532058438751847 77216.5546179813391063 77365.7046179813332856
453 535158.8503609540639445 535308.0003609540872276 77216.5546179813391063 77365.7046179813332856
454 241054.2122884601121768 241203.3622884601063561 77216.5546179813391063 77365.7046179813332856
455 439343.7140676220878959 439492.8640676221111789 77216.5546179813391063 77365.7046179813332856
456 466509.2980827826540917 466658.4480827826773748 77216.5546179813391063 77365.7046179813332856
457 972063.1281950301490724 972212.2781950301723555 77216.5546179813391063 77365.7046179813332856
458 371486.3220840724534355 371635.4720840724767186 77216.5546179813391063 77365.7046179813332856
459 138767.4912102401431184 138916.6412102401372977 77216.5546179813391063 77365.7046179813332856
460 228117.2849175879964605 228266.4349175879906397 77216.5546179813391063 77365.7046179813332856
461 386238.4277171564754099 386387.5777171564986929 77216.5546179813391063 77365.7046179813332856
462 296801.2313236618647352 296950.3813236618880183 77216.5546179813391063 77365.7046179813332856
463 647503.9386295110452920 647653.0886295110685751 77216.5546179813391063 77365.7046179813332856
464 948218.3685603092890233 948367.5185603093123063 77216.5546179813391063 77365.7046179813332856
465 884394.8989260006928816 884544.0489260007161647 77216.5546179813391063 77365.7046179813332856
466 716525.6319181092549115 716674.7819181092781946 77216.5546179813391063 77365.7046179813332856
467 94895.2017747250356479 95044.3517747250298271 77216.5546179813391063 77365.7046179813332856
468 865867.2597608169307932 866016.4097608169540763 77216.5546179813391063 77365.7046179813332856
469 311765.6956581192789599 311914.8456581193022430 77216.5546179813391063 77365.7046179813332856
470 496912.8533213958144188 497062.0033213958377019 77216.5546179813391063 77365.7046179813332856
471 371223.5073438971303403 371372.6573438971536234 77216.5546179813391063 77365.7046179813332856
472 471808.6552982380380854 471957.8052982380613685 77216.5546179813391063 77365.7046179813332856
473 757941.0120011153630912 758090.1620011153863743 77216.5546179813391063 77365.7046179813332856
474 299099.3037684448063374 299248.4537684448296204 77216.5546179813391063 77365.7046179813332856
475 621314.9920244449749589 621464.1420244449982420 77216.5546179813391063 77365.7046179813332856
476 165203.4259829891961999 165352.5759829891903792 77216.5546179813391063 77365.7046179813332856
477 132587.6884526119683869 132736.8384526119625662 77216.5546179813391063 77365.7046179813332856
478 235960.9924021258484572 236110.1424021258426365 77216.5546179813391063 77365.7046179813332856
479 388848.2476049820543267 388997.3976049820776097 77216.5546179813391063 77365.7046179813332856
480 324852.2731609579059295 325001.4231609579292126 77216.5546179813391063 77365.7046179813332856
481 275490.1631733301328495 275639.3131733301561326 77216.5546179813391063 77365.7046179813332856
482 793742.7475377410883084 793891.8975377411115915 77216.5546179813391063 77365.7046179813332856
483 383834.2903195911785588 383983.4403195912018418 77216.5546179813391063 77365.7046179813332856
484 544860.2240772948134691 545009.3740772948367521 77216.5546179813391063 77365.7046179813332856
485 433958.7788453832617961 434107.9288453832850792 77216.5546179813391063 77365.7046179813332856
486 49983.2928422586119268 50132.4428422586133820 49983.2928422586119268 50132.4428422586133820
487 471196.1030817609862424 471345.2530817610095255 49983.2928422586119268 50132.4428422586133820
488 150232.3272577606549021 150381.4772577606490813 49983.2928422586119268 50132.4428422586133820
489 538206.3696722629247233 538355.5196722629480064 49983.2928422586119268 50132.4428422586133820
490 217627.2936065501708072 217776.4436065501649864 49983.2928422586119268 50132.4428422586133820
491 330726.0172311126370914 330875.1672311126603745 49983.2928422586119268 50132.4428422586133820
492 438634.1114410528680310 438783.2614410528913140 49983.2928422586119268 50132.4428422586133820
493 537866.6562234164448455 538015.8062234164681286 49983.2928422586119268 50132.4428422586133820
494 283944.6086769611574709 284093.7586769611807540 49983.2928422586119268 50132.4428422586133820
495 510242.6820190566359088 510391.8320190566591918 49983.2928422586119268 50132.4428422586133820
496 108003.8772845078929095 108153.0272845078870887 49983.2928422586119268 50132.4428422586133820
497 419011.0028180901426822 419160.1528180901659653 49983.2928422586119268 50132.4428422586133820
498 332373.9327407692326233 332523.0827407692559063 49983.2928422586119268 50132.4428422586133820
499 102034.9917763116827700 102184.1417763116769493 49983.2928422586119268 50132.4428422586133820
500 174736.0524294815841131 174885.2024294815782923 49983.2928422586119268 50132.4428422586133820
